Date,y,x,hr,spread,zScore,long entry,long exit,num units long,short entry,short exit,num units short,numUnits,spread pct ch,port rets,cum rets
2007-03-22 00:00:00-04:00,20.285371780395508,14.282459259033203,-1.20934965714004,3.0128845723671134,,False,False,,False,False,,,,,
2007-03-23 00:00:00-04:00,20.480327606201172,14.44588565826416,-1.257195290275134,2.319028192778365,,False,False,,False,False,,,-0.017956189557866604,,
2007-03-26 00:00:00-04:00,20.387981414794922,14.687480926513672,-1.2725401366915419,1.6975724289147998,,False,False,,False,False,,,-0.015902798387848395,,
2007-03-27 00:00:00-04:00,20.136592864990234,14.460098266601562,-1.2804496737569722,1.6211647570265058,,False,False,,False,False,,,-0.0019768092318318583,,
2007-03-28 00:00:00-04:00,20.003204345703125,14.14034366607666,-1.2867025686919853,1.808787828374843,,False,False,,False,False,,,0.004911904645085462,,
2007-03-29 00:00:00-04:00,20.064773559570312,13.9982328414917,-1.2927081742185602,1.9691435407592905,,False,False,,False,False,,,0.004202149279031533,,
2007-03-30 00:00:00-04:00,20.470064163208008,13.9982328414917,-1.2994777054205235,2.2796726704041603,,False,False,,False,False,,,0.008032215978204107,,
2007-04-02 00:00:00-04:00,20.42902183532715,13.8632173538208,-1.3066459426307837,2.3147051281485282,,False,False,,False,False,,,0.0009089108278914128,,
2007-04-03 00:00:00-04:00,20.695804595947266,13.550567626953125,-1.3153964610949382,2.8714358936254882,,False,False,,False,False,,,0.014452966272142329,,
2007-04-04 00:00:00-04:00,20.208423614501953,13.436877250671387,-1.3239205456557592,2.4190657528836326,,False,False,,False,False,,,-0.011905172438189528,,
2007-04-05 00:00:00-04:00,20.136592864990234,13.77084732055664,-1.330845330410595,1.8097250126301745,,False,False,,False,False,,,-0.01584206748142643,,
2007-04-09 00:00:00-04:00,20.21355628967285,13.543462753295898,-1.3373156222609093,2.101671970181499,,False,False,,False,False,,,0.0076175760255060366,,
2007-04-10 00:00:00-04:00,20.582937240600586,13.657154083251953,-1.3437291094096697,2.2314217472418036,,False,False,,False,False,,,0.003332518321161202,,
2007-04-11 00:00:00-04:00,20.516233444213867,13.578987121582031,-1.349963237032106,2.1851000339457087,,False,False,,False,False,,,-0.001192402910333948,,
2007-04-12 00:00:00-04:00,20.413637161254883,13.6429443359375,-1.355503367690252,1.920580168680953,,False,False,,False,False,,,-0.006798826552029849,,
2007-04-13 00:00:00-04:00,20.644502639770508,13.912961959838867,-1.3601539514408116,1.7207324538499726,,False,False,,False,False,,,-0.0050507060470231695,,
2007-04-16 00:00:00-04:00,20.613719940185547,14.111923217773438,-1.3634864979007855,1.3723031733388602,,False,False,,False,False,,,-0.008742393309859953,,
2007-04-17 00:00:00-04:00,20.59833335876465,14.509838104248047,-1.3647707317117328,0.7957309922112579,,False,False,,False,False,,,-0.014271258097774258,,
2007-04-18 00:00:00-04:00,20.223806381225586,14.694589614868164,-1.3634607733082131,0.1883098614906018,,False,False,,False,False,,,-0.015087721022267459,,
2007-04-19 00:00:00-04:00,20.08529281616211,15.021451950073242,-1.3593704858858375,-0.33442561991971687,,False,False,,False,False,,,-0.01290545207246078,,
2007-04-20 00:00:00-04:00,20.547027587890625,14.978814125061035,-1.3545690709827598,0.2571892540832579,,False,False,,False,False,,,0.014487274198205058,,
2007-04-23 00:00:00-04:00,20.59833335876465,14.708795547485352,-1.350241565491,0.7379062322409773,,False,False,,False,False,,,0.011881653624374341,,
2007-04-24 00:00:00-04:00,20.52650260925293,14.64484977722168,-1.3463800530682,0.8089689890213876,,False,False,,False,False,,,0.0017657959647781735,,
2007-04-25 00:00:00-04:00,20.57266616821289,14.396145820617676,-1.3436434267539517,1.229379465748579,,False,False,,False,False,,,0.010532392351731397,,
2007-04-26 00:00:00-04:00,20.803546905517578,14.254029273986816,-1.3424953059028357,1.6675795149886703,,False,False,,False,False,,,0.010971591842404245,,
2007-04-27 00:00:00-04:00,20.8804931640625,14.367730140686035,-1.3422789582237362,1.5949913187826752,,False,False,,False,False,,,-0.0018072052289283909,,
2007-04-30 00:00:00-04:00,20.752235412597656,14.239828109741211,-1.3427598286697646,1.6315662596746492,,False,False,,False,False,,,0.0009172881005413756,,
2007-05-01 00:00:00-04:00,20.895889282226562,14.239828109741211,-1.3439484331916458,1.7582946052215078,,False,False,,False,False,,,0.003165558752665977,,
2007-05-02 00:00:00-04:00,21.408918380737305,14.22560977935791,-1.3465418664298852,2.2535392373374776,,False,False,,False,False,,,0.012208879786992057,,
2007-05-03 00:00:00-04:00,21.183185577392578,14.424566268920898,-1.3490933534897764,1.7230990970185722,,False,False,,False,False,,,-0.013051118019360916,,
2007-05-04 00:00:00-04:00,21.28580093383789,14.765640258789062,-1.3508979078055607,1.3389284008301878,,False,False,,False,False,,,-0.009317142544668823,,
2007-05-07 00:00:00-04:00,21.44483184814453,14.929069519042969,-1.3520458515715459,1.260045337099271,,False,False,,False,False,,,-0.0018948783784250875,,
2007-05-08 00:00:00-04:00,21.54743194580078,15.113819122314453,-1.3524603151464625,1.1065913725687437,,False,False,,False,False,,,-0.0036546863046334737,,
2007-05-09 00:00:00-04:00,21.65004539489746,15.20620059967041,-1.352340545624762,1.0860837790595959,-0.71,False,False,,False,False,,,-0.00048580068468583547,,
2007-05-10 00:00:00-04:00,21.59874725341797,15.00723648071289,-1.3522714948734254,1.3048891437253438,-0.366,False,False,,False,False,,,0.005223006847371245,,
2007-05-11 00:00:00-04:00,21.814218521118164,15.227514266967773,-1.3520875968850472,1.2252853493609344,-0.441,False,False,,False,False,,,-0.0018773084354902923,,
2007-05-14 00:00:00-04:00,21.255006790161133,15.142243385314941,-1.3510282163290568,0.7974087180786285,-1.01,False,False,,False,False,,,-0.010257729832394152,,
2007-05-15 00:00:00-04:00,21.290922164916992,14.808281898498535,-1.350313785779195,1.2950949736699116,-0.282,False,False,,False,False,,,0.012054382177147086,,
2007-05-16 00:00:00-04:00,21.198575973510742,14.566685676574707,-1.3502654392254616,1.529683740371354,0.066,False,False,,False,False,,,0.0057402324390447325,,
2007-05-17 00:00:00-04:00,20.608583450317383,14.673262596130371,-1.3493255307133256,0.8095756104977809,-0.915,False,False,,False,True,0.0,,-0.017821110016259318,,
2007-05-18 00:00:00-04:00,20.387981414794922,14.538260459899902,-1.3477610100177515,0.79388081345909,-0.884,False,False,,False,False,0.0,,-0.0003925457666851582,,
2007-05-21 00:00:00-04:00,20.521377563476562,14.566685676574707,-1.3460013440592091,0.9145990643189776,-0.664,False,False,,False,False,0.0,,0.0030083179170122894,,
2007-05-22 00:00:00-04:00,20.151988983154297,14.488523483276367,-1.3436845648385687,0.6839836113747069,-0.974,False,False,,False,False,0.0,,-0.005820683639636919,,
2007-05-23 00:00:00-04:00,19.361915588378906,14.460098266601562,-1.3397089947048755,-0.010408123703584238,-1.936,True,False,1.0,False,False,0.0,1.0,-0.017927078151500436,,
2007-05-24 00:00:00-04:00,19.746688842773438,14.22560977935791,-1.3360154479121775,0.7410544215807278,-0.717,False,False,1.0,False,False,0.0,1.0,0.019391419197389376,0.019391419197389376,1.0193914191973894
2007-05-25 00:00:00-04:00,19.86981773376465,14.21139907836914,-1.332853053395084,0.9281110791442586,-0.38,False,False,1.0,False,False,0.0,1.0,0.004819616351361621,0.004819616351361621,1.024211035548751
2007-05-29 00:00:00-04:00,20.069900512695312,14.21139907836914,-1.330477082437522,1.161959729551448,0.051,False,False,1.0,False,False,0.0,1.0,0.005999528004444732,0.005999528004444732,1.0302105635531957
2007-05-30 00:00:00-04:00,20.685546875,14.19008731842041,-1.3298360527332227,1.8150571675320393,1.214,False,True,0.0,False,False,0.0,0.0,0.016510689502953316,0.016510689502953316,1.0467212530561492
2007-05-31 00:00:00-04:00,20.829187393188477,14.381926536560059,-1.330147927529908,1.6990976166957275,1.038,False,False,0.0,False,False,0.0,0.0,-0.002901943154374553,-0.0,1.0467212530561492
2007-06-01 00:00:00-04:00,20.844587326049805,14.161661148071289,-1.3316327173395255,1.9864560094020511,1.506,False,False,0.0,True,False,-1.0,-1.0,0.007237751028900307,0.0,1.0467212530561492
2007-06-04 00:00:00-04:00,21.22422218322754,14.104809761047363,-1.3346699037615792,2.3989570968750726,2.033,False,False,0.0,False,False,-1.0,-1.0,0.010299784481544184,-0.010299784481544184,1.036421468574605
2007-06-05 00:00:00-04:00,20.859973907470703,14.161661148071289,-1.3378575136894169,1.913689134200034,1.168,False,False,0.0,False,False,-1.0,-1.0,-0.012190745344018369,0.012190745344018369,1.0486122139186231
2007-06-06 00:00:00-04:00,20.83945083618164,13.820586204528809,-1.3418449546912432,2.2943669667592594,1.673,False,False,0.0,True,False,-1.0,-1.0,0.00966566789235316,-0.00966566789235316,1.0389465460262701
2007-06-07 00:00:00-04:00,20.36233139038086,13.479514122009277,-1.3462234308204237,2.2158936432571785,1.536,False,False,0.0,False,False,-1.0,-1.0,-0.0020378039926925114,0.0020378039926925114,1.0409843500189626
2007-06-08 00:00:00-04:00,20.649627685546875,13.600308418273926,-1.3509887876906,2.275763503324722,1.561,False,False,0.0,False,False,-1.0,-1.0,0.001534200482888927,-0.001534200482888927,1.0394501495360737
2007-06-11 00:00:00-04:00,20.567546844482422,13.692684173583984,-1.3555273201276057,2.0067393613104443,1.029,False,False,0.0,False,False,-1.0,-1.0,-0.006875426954108872,0.006875426954108872,1.0463255764901824
2007-06-12 00:00:00-04:00,20.187910079956055,13.735318183898926,-1.3590179668780544,1.521365887250564,0.145,False,False,0.0,False,False,-1.0,-1.0,-0.012492093458674438,0.012492093458674438,1.058817669948857
2007-06-13 00:00:00-04:00,20.568260192871094,13.792343139648438,-1.3622770607535772,1.779267519686055,0.575,False,True,0.0,False,False,-1.0,-1.0,0.006552836228514304,-0.006552836228514304,1.0522648337203426
2007-06-14 00:00:00-04:00,20.42356300354004,13.742445945739746,-1.3651628871336308,1.6628858199761076,0.368,False,False,0.0,False,False,-1.0,-1.0,-0.0029701150042524007,0.0029701150042524007,1.0552349487245951
2007-06-15 00:00:00-04:00,20.666444778442383,13.892126083374023,-1.3678020446113692,1.6647663176044603,0.367,False,False,0.0,False,False,-1.0,-1.0,4.740576248110765e-05,-4.740576248110765e-05,1.055187542962114
2007-06-18 00:00:00-04:00,20.144489288330078,13.849361419677734,-1.369371135357035,1.1795735170960597,-0.469,False,False,0.0,False,True,0.0,0.0,-0.012406038899580446,0.012406038899580446,1.0675935818616944
2007-06-19 00:00:00-04:00,20.09280776977539,13.607022285461426,-1.3706981047555034,1.4416881117275153,0.011,False,False,0.0,False,False,0.0,0.0,0.006765307805197431,0.0,1.0675935818616944
2007-06-20 00:00:00-04:00,19.503664016723633,13.621269226074219,-1.3707316270186496,0.8325594884078562,-1.017,False,False,0.0,False,True,0.0,0.0,-0.01595631477374895,-0.0,1.0675935818616944
2007-06-21 00:00:00-04:00,19.37447166442871,13.856496810913086,-1.3690871563252345,0.4037198489460323,-1.657,True,False,1.0,False,False,0.0,1.0,-0.011183652109538178,-0.0,1.0675935818616944
2007-06-22 00:00:00-04:00,19.58635902404785,14.184370040893555,-1.365935250440813,0.21142797989474715,-1.831,False,False,1.0,False,False,0.0,1.0,-0.0049354594961994866,-0.0049354594961994866,1.062658122365495
2007-06-25 00:00:00-04:00,19.172924041748047,14.341181755065918,-1.3607221533467453,-0.3414396775423043,-2.411,False,False,1.0,False,False,0.0,1.0,-0.01429068020616941,-0.01429068020616941,1.0483674421593254
2007-06-26 00:00:00-04:00,19.431316375732422,14.184370040893555,-1.3551463758626952,0.2094187209201337,-1.496,False,False,1.0,False,False,0.0,1.0,0.014251296102495805,0.014251296102495805,1.0626187382618213
2007-06-27 00:00:00-04:00,19.875751495361328,14.113093376159668,-1.3504625531200245,0.8165473821714357,-0.607,False,False,1.0,False,False,0.0,1.0,0.015593408333511992,0.015593408333511992,1.0782121465953334
2007-06-28 00:00:00-04:00,19.891267776489258,13.835105895996094,-1.347203130197611,1.2525698067878963,0.02,False,False,1.0,False,False,0.0,1.0,0.01131644983773621,0.01131644983773621,1.0895285964330694
2007-06-29 00:00:00-04:00,19.47266387939453,13.628398895263672,-1.344710857678977,1.1464079121532968,-0.129,False,False,1.0,False,False,0.0,1.0,-0.0028085959880689085,-0.0028085959880689085,1.0867200004450006
2007-07-02 00:00:00-04:00,20.237503051757812,13.785208702087402,-1.3437871719277548,1.7131164355459063,0.645,False,True,0.0,False,False,0.0,0.0,0.014620250154132711,0.014620250154132711,1.1013402505991332
2007-07-03 00:00:00-04:00,20.31502914428711,14.056075096130371,-1.343406395885634,1.4320079590967936,0.236,False,False,0.0,False,False,0.0,0.0,-0.00717149128811939,-0.0,1.1013402505991332
2007-07-05 00:00:00-04:00,20.55275535583496,13.970539093017578,-1.3440365603064288,1.7758400476291207,0.714,False,False,0.0,False,False,0.0,0.0,0.008742307848682128,0.0,1.1013402505991332
2007-07-06 00:00:00-04:00,20.89900779724121,14.084588050842285,-1.345671830595616,1.9457744116791353,0.902,False,False,0.0,False,False,0.0,0.0,0.004264110599715615,0.0,1.1013402505991332
2007-07-09 00:00:00-04:00,20.7491397857666,14.49799919128418,-1.3466489276383329,1.2254247219223444,-0.136,False,False,0.0,False,False,0.0,0.0,-0.017886730216836153,-0.0,1.1013402505991332
2007-07-10 00:00:00-04:00,19.90677261352539,14.113093376159668,-1.3465714300183207,0.9024842840079756,-0.596,False,False,0.0,False,True,0.0,0.0,-0.008299450852473085,-0.0,1.1013402505991332
2007-07-11 00:00:00-04:00,20.041128158569336,13.956282615661621,-1.346427932831716,1.249999406348845,-0.125,False,False,0.0,False,False,0.0,0.0,0.00894913533197989,0.0,1.1013402505991332
2007-07-12 00:00:00-04:00,20.387388229370117,14.269903182983398,-1.346106091374359,1.1785846314338109,-0.297,False,False,0.0,False,True,0.0,0.0,-0.0018035768496753517,-0.0,1.1013402505991332
2007-07-13 00:00:00-04:00,20.40288543701172,14.17724323272705,-1.3459298157117918,1.321311065486153,-0.105,False,False,0.0,False,False,0.0,0.0,0.0036147495684234246,0.0,1.1013402505991332
2007-07-16 00:00:00-04:00,19.90677261352539,14.391081809997559,-1.34442886278883,0.5589868614093589,-1.255,False,False,0.0,False,True,0.0,0.0,-0.019420017338522354,-0.0,1.1013402505991332
2007-07-17 00:00:00-04:00,19.725889205932617,14.355438232421875,-1.3418516122057802,0.4630212698368297,-1.334,False,False,0.0,False,False,0.0,0.0,-0.002461365752771893,-0.0,1.1013402505991332
2007-07-18 00:00:00-04:00,19.514007568359375,14.284164428710938,-1.3384229256913234,0.3957544226281513,-1.343,False,False,0.0,False,False,0.0,0.0,-0.0017412091854138812,-0.0,1.1013402505991332
2007-07-19 00:00:00-04:00,19.56568717956543,14.448098182678223,-1.3342159690638506,0.2888038616337454,-1.4,False,False,0.0,False,False,0.0,0.0,-0.0027534367479952813,-0.0,1.1013402505991332
2007-07-20 00:00:00-04:00,19.002378463745117,14.29128646850586,-1.3289697624364656,0.009690880783409739,-1.665,True,False,1.0,False,False,0.0,1.0,-0.007346032258694479,-0.0,1.1013402505991332
2007-07-23 00:00:00-04:00,18.30471420288086,14.262778282165527,-1.3219797754766107,-0.5503902282490039,-2.226,False,False,1.0,False,False,0.0,1.0,-0.01507222396720194,-0.01507222396720194,1.0862680266319313
2007-07-24 00:00:00-04:00,18.873184204101562,13.763832092285156,-1.316262936961368,0.7563621504671723,-0.456,False,False,1.0,False,False,0.0,1.0,0.03532717376718169,0.03532717376718169,1.121595200399113
2007-07-25 00:00:00-04:00,18.676799774169922,13.642654418945312,-1.3114510947523585,0.7851257011159909,-0.372,False,False,1.0,False,False,0.0,1.0,0.0007865668873409181,0.0007865668873409181,1.122381767286454
2007-07-26 00:00:00-04:00,18.165185928344727,13.264881134033203,-1.3073240358998215,0.8236879884690396,-0.272,False,False,1.0,False,False,0.0,1.0,0.0010860571349374341,0.0010860571349374341,1.1234678244213914
2007-07-27 00:00:00-04:00,17.643220901489258,12.808696746826172,-1.3038783288376694,0.9422387926490572,-0.044,False,False,1.0,False,False,0.0,1.0,0.0034518432162878245,0.0034518432162878245,1.1269196676376791
2007-07-30 00:00:00-04:00,17.374492645263672,12.737424850463867,-1.3006357806178426,0.8077421318194915,-0.205,False,False,1.0,False,True,0.0,1.0,-0.003962632134617606,-0.003962632134617606,1.1229570355030616
2007-07-31 00:00:00-04:00,17.13160514831543,12.537843704223633,-1.2976266494687008,0.8621650308414743,-0.088,False,False,1.0,False,False,0.0,1.0,0.0016293771224496624,0.0016293771224496624,1.1245864126255112
2007-08-01 00:00:00-04:00,17.20911979675293,12.16007137298584,-1.2958572829126331,1.451402747331807,0.906,False,True,0.0,False,False,0.0,0.0,0.01787365039720868,0.01787365039720868,1.14246006302272
2007-08-02 00:00:00-04:00,17.880949020385742,12.245599746704102,-1.2959577904394595,2.011168630041091,1.772,False,False,0.0,True,False,-1.0,-1.0,0.01658529733971667,0.0,1.14246006302272
2007-08-03 00:00:00-04:00,17.653564453125,12.152938842773438,-1.2971213375108188,1.8897281666995358,1.541,False,False,0.0,False,False,-1.0,-1.0,-0.00363404874867562,0.00363404874867562,1.1460941117713956
2007-08-06 00:00:00-04:00,18.247865676879883,12.52358627319336,-1.2991878335431468,1.97737475841911,1.582,False,False,0.0,False,False,-1.0,-1.0,0.002539129911283343,-0.002539129911283343,1.1435549818601123
2007-08-07 00:00:00-04:00,18.80600357055664,12.509332656860352,-1.302865119409835,2.5080303848389285,2.186,False,False,0.0,False,False,-1.0,-1.0,0.015116681226863313,-0.015116681226863313,1.128438300633249
2007-08-08 00:00:00-04:00,20.12381935119629,12.958388328552246,-1.3088960209219982,3.1626364303921903,2.668,False,False,0.0,False,False,-1.0,-1.0,0.017651503450156106,-0.017651503450156106,1.1107867971830927
2007-08-09 00:00:00-04:00,20.227169036865234,12.822955131530762,-1.316888055733823,3.340772584941643,2.519,False,False,0.0,False,False,-1.0,-1.0,0.004799758584317737,-0.004799758584317737,1.1059870385987751
2007-08-10 00:00:00-04:00,19.384809494018555,13.065305709838867,-1.3239149999800177,2.087455285438306,1.027,False,False,0.0,False,False,-1.0,-1.0,-0.03416694036002418,0.03416694036002418,1.1401539789587993
2007-08-13 00:00:00-04:00,19.379640579223633,12.680400848388672,-1.331022766639064,2.501738359909009,1.429,False,False,0.0,False,False,-1.0,-1.0,0.011426121090792858,-0.011426121090792858,1.1287278578680064
2007-08-14 00:00:00-04:00,18.816329956054688,12.908487319946289,-1.3364516466735827,1.5647608212474076,0.301,False,False,0.0,False,False,-1.0,-1.0,-0.025978156817539462,0.025978156817539462,1.154706014685546
2007-08-15 00:00:00-04:00,18.108339309692383,12.552096366882324,-1.3401835064906888,1.2862267869149946,-0.047,False,False,0.0,False,False,-1.0,-1.0,-0.007973960247302049,0.007973960247302049,1.1626799749328478
2007-08-16 00:00:00-04:00,18.09282684326172,12.438055992126465,-1.3429364257525986,1.3893083858847106,0.071,False,False,0.0,False,False,-1.0,-1.0,0.0029624260271903856,-0.0029624260271903856,1.1597175489056575
2007-08-17 00:00:00-04:00,18.28404998779297,12.473692893981934,-1.3452295104055034,1.504070203073045,0.196,False,False,0.0,False,False,-1.0,-1.0,0.003272921507678435,-0.003272921507678435,1.1564446273979792
2007-08-20 00:00:00-04:00,18.98687744140625,12.352519989013672,-1.3487385149731077,2.3265579752483205,1.137,False,True,0.0,False,False,-1.0,-1.0,0.023072999941848082,-0.023072999941848082,1.133371627456131
2007-08-21 00:00:00-04:00,19.4261531829834,12.716039657592773,-1.3529129161841102,2.2224588875167655,0.973,False,False,0.0,False,False,-1.0,-1.0,-0.002841919770285649,0.002841919770285649,1.1362135472264165
2007-08-22 00:00:00-04:00,19.70004653930664,12.060280799865723,-1.3595466697747378,3.303531941300985,2.034,False,False,0.0,True,False,-1.0,-1.0,0.029949474956126394,-0.029949474956126394,1.1062640722702903
2007-08-23 00:00:00-04:00,19.880929946899414,11.611227989196777,-1.3691387128916817,3.9835482026786693,2.451,False,False,0.0,False,False,-1.0,-1.0,0.019006382057609995,-0.019006382057609995,1.0872576902126803
2007-08-24 00:00:00-04:00,20.144489288330078,12.758810043334961,-1.3782430380441488,2.5597481723759046,1.0,False,False,0.0,False,False,-1.0,-1.0,-0.037737319713287566,0.037737319713287566,1.1249950099259678
2007-08-27 00:00:00-04:00,19.90677261352539,12.673273086547852,-1.386557790226643,2.3345470877028127,0.739,False,False,0.0,False,False,-1.0,-1.0,-0.0060087274434548095,0.0060087274434548095,1.1310037373694226
2007-08-28 00:00:00-04:00,19.219432830810547,12.544970512390137,-1.3931907532967975,1.741895912567621,0.154,False,False,0.0,False,False,-1.0,-1.0,-0.01614986684698886,0.01614986684698886,1.1471536042164114
2007-08-29 00:00:00-04:00,19.333127975463867,12.737424850463867,-1.3982426320560708,1.5231175269348647,-0.067,False,False,0.0,False,False,-1.0,-1.0,-0.005890142699719604,0.005890142699719604,1.153043746916131
2007-08-30 00:00:00-04:00,19.322795867919922,12.922740936279297,-1.4015980797151826,1.2103069869740786,-0.366,False,False,0.0,False,True,0.0,0.0,-0.008356034742603735,0.008356034742603735,1.161399781658735
2007-08-31 00:00:00-04:00,20.154827117919922,12.95125961303711,-1.405170169600206,1.9561034509322681,0.32,False,True,0.0,False,False,0.0,0.0,0.019445304246814777,0.0,1.161399781658735
2007-09-04 00:00:00-04:00,20.69745635986328,13.193604469299316,-1.4091787687568817,2.1053090583507768,0.426,False,False,0.0,False,False,0.0,0.0,0.0037975849465029694,0.0,1.161399781658735
2007-09-05 00:00:00-04:00,19.932607650756836,12.409541130065918,-1.4139898348678834,2.3856426374687203,0.66,False,False,0.0,False,False,0.0,0.0,0.007479636484406191,0.0,1.161399781658735
2007-09-06 00:00:00-04:00,19.555343627929688,12.209961891174316,-1.4190616312783486,2.228655188793393,0.457,False,False,0.0,False,False,0.0,0.0,-0.00425647503342176,-0.0,1.161399781658735
2007-09-07 00:00:00-04:00,19.043729782104492,11.910597801208496,-1.424038749885813,2.0825769788788335,0.253,False,False,0.0,False,False,0.0,0.0,-0.004057177788827948,-0.0,1.161399781658735
2007-09-10 00:00:00-04:00,18.837013244628906,12.445181846618652,-1.4270932178329805,1.0765786366212993,-1.025,False,False,0.0,False,True,0.0,0.0,-0.02748821027926026,-0.0,1.161399781658735
2007-09-11 00:00:00-04:00,19.26077651977539,12.281243324279785,-1.4299636308419856,1.6990452245343732,-0.296,False,False,0.0,False,False,0.0,0.0,0.016904513702329337,0.0,1.161399781658735
2007-09-12 00:00:00-04:00,18.842180252075195,12.79623794555664,-1.4305268346520037,0.5368184883641938,-1.748,True,False,1.0,False,False,0.0,1.0,-0.031286773581850454,-0.0,1.161399781658735
2007-09-13 00:00:00-04:00,19.3297176361084,13.332691192626953,-1.4289697608800325,0.27770509069294746,-1.985,False,False,1.0,False,False,0.0,1.0,-0.006750956677715847,-0.006750956677715847,1.154648824981019
2007-09-14 00:00:00-04:00,19.2515869140625,13.339847564697266,-1.4258343673294074,0.23117380138164023,-1.936,False,False,1.0,False,False,0.0,1.0,-0.0012158050083296542,-0.0012158050083296542,1.1534330199726892
2007-09-17 00:00:00-04:00,19.03281593322754,12.93214225769043,-1.4223848428697259,0.6383328000535968,-1.442,False,False,1.0,False,False,0.0,1.0,0.010878663671391228,0.010878663671391228,1.1643116836440806
2007-09-18 00:00:00-04:00,19.501602172851562,13.47574520111084,-1.4182314124352882,0.38987702266208046,-1.675,True,False,1.0,False,False,0.0,1.0,-0.006434456562443396,-0.006434456562443396,1.157877227081637
2007-09-19 00:00:00-04:00,20.439186096191406,13.554425239562988,-1.4152419166151116,1.2563953415360416,-0.683,False,False,1.0,False,False,0.0,1.0,0.021869638714289506,0.021869638714289506,1.1797468657959267
2007-09-20 00:00:00-04:00,19.949560165405273,13.697479248046875,-1.4118382243699539,0.6109353854984825,-1.328,False,False,1.0,False,False,0.0,1.0,-0.016428856587190763,-0.016428856587190763,1.1633180092087358
2007-09-21 00:00:00-04:00,19.652658462524414,13.676020622253418,-1.4077541567068352,0.400183584338766,-1.46,False,False,1.0,False,False,0.0,1.0,-0.005417069241584817,-0.005417069241584817,1.1579009399671512
2007-09-24 00:00:00-04:00,19.79850196838379,13.132414817810059,-1.4050167957141904,1.3472385810747483,-0.435,False,False,1.0,False,False,0.0,1.0,0.024759759646343273,0.024759759646343273,1.1826606996134943
2007-09-25 00:00:00-04:00,19.657867431640625,13.261167526245117,-1.4026527859287785,1.0570538562846643,-0.699,False,False,1.0,False,False,0.0,1.0,-0.007584807347044092,-0.007584807347044092,1.1750758922664502
2007-09-26 00:00:00-04:00,20.157913208007812,13.50435733795166,-1.4008891430511845,1.2398056293877353,-0.46,False,False,1.0,False,False,0.0,1.0,0.0046768265914529875,0.0046768265914529875,1.1797527188579033
2007-09-27 00:00:00-04:00,20.626691818237305,13.590189933776855,-1.4002190518459232,1.597448954758267,-0.012,False,False,1.0,False,False,0.0,1.0,0.009018658322922491,0.009018658322922491,1.1887713771808257
2007-09-28 00:00:00-04:00,20.517316818237305,13.554425239562988,-1.4001942768891862,1.5384881712788712,-0.062,False,False,1.0,False,False,0.0,1.0,-0.0014928237372265239,-0.0014928237372265239,1.1872785534435992
2007-10-01 00:00:00-04:00,21.340299606323242,13.590189933776855,-1.4020283072621322,2.28646861809921,0.825,False,True,0.0,False,False,0.0,0.0,0.0185170576965285,0.0185170576965285,1.2057956111401278
2007-10-02 00:00:00-04:00,21.3194637298584,13.532965660095215,-1.405172310567912,2.303315104426197,0.811,False,False,0.0,False,False,0.0,0.0,0.0004176578795580665,0.0,1.2057956111401278
2007-10-03 00:00:00-04:00,20.809005737304688,13.819082260131836,-1.4074401373297556,1.3594747033335466,-0.291,False,False,0.0,False,True,0.0,0.0,-0.023444478532713926,-0.0,1.2057956111401278
2007-10-04 00:00:00-04:00,21.10070037841797,14.06942367553711,-1.4089477015273448,1.27761822895555,-0.382,False,False,0.0,False,False,0.0,0.0,-0.0020002177052482807,-0.0,1.2057956111401278
2007-10-05 00:00:00-04:00,21.46010398864746,13.926370620727539,-1.4109349188876719,1.8109013864915937,0.228,False,True,0.0,False,False,0.0,0.0,0.012972321884294345,0.0,1.2057956111401278
2007-10-08 00:00:00-04:00,21.35593032836914,13.897762298583984,-1.4130717031398434,1.7173956872763654,0.142,False,False,0.0,False,False,0.0,0.0,-0.002280934738016064,-0.0,1.2057956111401278
2007-10-09 00:00:00-04:00,21.44447898864746,13.990747451782227,-1.4151738982943296,1.64513837725735,0.077,False,False,0.0,False,False,0.0,0.0,-0.0017519548557755195,-0.0,1.2057956111401278
2007-10-10 00:00:00-04:00,21.22049903869629,13.997895240783691,-1.4167663693336003,1.3887518200990954,-0.171,False,False,0.0,False,False,0.0,0.0,-0.006245372191118632,-0.0,1.2057956111401278
2007-10-11 00:00:00-04:00,21.142364501953125,13.940671920776367,-1.4179815908479618,1.3747483542411416,-0.11,False,False,0.0,False,False,0.0,0.0,-0.000342299498449369,-0.0,1.2057956111401278
2007-10-12 00:00:00-04:00,20.57461166381836,14.00505256652832,-1.4177053253917524,0.7195740578597309,-1.056,False,False,0.0,False,True,0.0,0.0,-0.016205292606166224,-0.0,1.2057956111401278
2007-10-15 00:00:00-04:00,20.616281509399414,14.155261039733887,-1.4161285812697377,0.5706117756982714,-1.223,False,False,0.0,False,False,0.0,0.0,-0.003663431724436372,-0.0,1.2057956111401278
2007-10-16 00:00:00-04:00,20.512107849121094,13.790465354919434,-1.414487866546941,1.0056619305516001,-0.499,False,False,0.0,False,False,0.0,0.0,0.010871211323098116,0.0,1.2057956111401278
2007-10-17 00:00:00-04:00,21.381977081298828,13.840533256530762,-1.4143058381408704,1.807230093604499,0.758,False,True,0.0,False,False,0.0,0.0,0.01957110050361027,0.0,1.2057956111401278
2007-10-18 00:00:00-04:00,22.13724136352539,14.14810562133789,-1.4156842750477223,2.107990713683055,1.167,False,False,0.0,False,False,0.0,0.0,0.007132692470201412,0.0,1.2057956111401278
2007-10-19 00:00:00-04:00,21.55906867980957,14.026507377624512,-1.4173208241287116,1.6790076837073435,0.52,False,False,0.0,False,False,0.0,0.0,-0.010352124509629251,-0.0,1.2057956111401278
2007-10-22 00:00:00-04:00,21.272586822509766,14.119489669799805,-1.4183221563844126,1.2466017869918673,-0.118,False,False,0.0,False,False,0.0,0.0,-0.010470238491586598,-0.0,1.2057956111401278
2007-10-23 00:00:00-04:00,21.720531463623047,13.926370620727539,-1.4201920080454147,1.9424112069873338,1.045,False,True,0.0,False,False,0.0,0.0,0.01676703678678281,0.0,1.2057956111401278
2007-10-24 00:00:00-04:00,21.387176513671875,13.919214248657227,-1.4220002003505048,1.5940510633596965,0.519,False,False,0.0,False,False,0.0,0.0,-0.00845938779012136,-0.0,1.2057956111401278
2007-10-25 00:00:00-04:00,21.23612403869629,13.74039363861084,-1.423907964872896,1.6710680961894404,0.686,False,False,0.0,False,False,0.0,0.0,0.0018876177812804733,0.0,1.2057956111401278
2007-10-26 00:00:00-04:00,21.7153263092041,13.919214248657227,-1.4262454479083408,1.8631103485958143,0.967,False,False,0.0,False,False,0.0,0.0,0.004620004982730017,0.0,1.2057956111401278
2007-10-29 00:00:00-04:00,21.52260971069336,13.997895240783691,-1.4282536963489314,1.5300640919389359,0.406,False,False,0.0,False,False,0.0,0.0,-0.008022281357589912,-0.0,1.2057956111401278
2007-10-30 00:00:00-04:00,22.16328239440918,14.133795738220215,-1.430805870823369,1.9405644751453828,1.052,False,False,0.0,False,False,0.0,0.0,0.009684810554630857,0.0,1.2057956111401278
2007-10-31 00:00:00-04:00,22.913358688354492,14.305465698242188,-1.434573754856482,2.391113046656592,1.74,False,False,0.0,True,False,-1.0,-1.0,0.010372793897090598,0.0,1.2057956111401278
2007-11-01 00:00:00-04:00,21.67365837097168,13.947826385498047,-1.4377141035469034,1.620671662717509,0.341,False,False,0.0,False,False,-1.0,-1.0,-0.018464014599694174,0.018464014599694174,1.224259625739822
2007-11-02 00:00:00-04:00,21.631990432739258,13.532965660095215,-1.4413634447154586,2.1260684316884095,1.222,False,False,0.0,False,False,-1.0,-1.0,0.012285425756212526,-0.012285425756212526,1.2119741999836093
2007-11-05 00:00:00-05:00,21.616357803344727,13.20394515991211,-1.446089203543959,2.5222752634093126,1.881,False,False,0.0,True,False,-1.0,-1.0,0.009732315061689154,-0.009732315061689154,1.2022418849219203
2007-11-06 00:00:00-05:00,22.49142837524414,13.03943157196045,-1.453431493575804,3.539507870230171,3.114,False,False,0.0,False,False,-1.0,-1.0,0.024545135330639886,-0.024545135330639886,1.1776967495912802
2007-11-07 00:00:00-05:00,21.439268112182617,14.79184627532959,-1.4558701160181404,-0.09573884080397121,-2.543,True,False,1.0,False,True,0.0,1.0,-0.08459122825274885,0.08459122825274885,1.2622879778440292
2007-11-08 00:00:00-05:00,20.93401336669922,15.736005783081055,-1.4514666616181535,-1.9062744144733976,-3.926,False,False,1.0,False,False,0.0,1.0,-0.041360696257681975,-0.041360696257681975,1.2209272815863472
2007-11-09 00:00:00-05:00,20.657955169677734,15.843301773071289,-1.441830587403621,-2.185401932202474,-3.336,False,False,1.0,False,False,0.0,1.0,-0.006416530976964935,-0.006416530976964935,1.2145107506093824
2007-11-12 00:00:00-05:00,20.053735733032227,15.092267036437988,-1.429986119759007,-1.5279966447705,-2.409,False,False,1.0,False,False,0.0,1.0,0.01578954956581586,0.01578954956581586,1.2303003001751982
2007-11-13 00:00:00-05:00,20.746492385864258,15.485660552978516,-1.4172597834682614,-1.2007115363130723,-1.948,False,False,1.0,False,False,0.0,1.0,0.007665888333865855,0.007665888333865855,1.237966188509064
2007-11-14 00:00:00-05:00,20.517316818237305,15.321155548095703,-1.4043688360766633,-0.9992365661913709,-1.655,False,False,1.0,False,False,0.0,1.0,0.004793157735661535,0.004793157735661535,1.2427593462447255
2007-11-15 00:00:00-05:00,20.657955169677734,15.864765167236328,-1.3905822947133513,-1.4033063816662015,-1.798,False,False,1.0,False,False,0.0,1.0,-0.009458736523977326,-0.009458736523977326,1.2333006097207482
2007-11-16 00:00:00-05:00,20.52252769470215,15.671628952026367,-1.376914573938714,-1.055966606702853,-1.446,False,False,1.0,False,False,0.0,1.0,0.008250150673194229,0.008250150673194229,1.2415507603939424
2007-11-19 00:00:00-05:00,20.262088775634766,15.707396507263184,-1.3631751825284344,-1.1498443252002168,-1.413,False,False,1.0,False,False,0.0,1.0,-0.0022526675917106443,-0.0022526675917106443,1.239298092802232
2007-11-20 00:00:00-05:00,19.975605010986328,15.864765167236328,-1.3488867821299688,-1.4241670246947002,-1.493,False,False,1.0,False,False,0.0,1.0,-0.006630095459554952,-0.006630095459554952,1.2326679973426768
2007-11-21 00:00:00-05:00,19.272424697875977,15.335455894470215,-1.3347382530060268,-1.1963949117601729,-1.263,False,False,1.0,False,False,0.0,1.0,0.005731378493638976,0.005731378493638976,1.2383993758363159
2007-11-23 00:00:00-05:00,19.663076400756836,15.120878219604492,-1.32230962141929,-0.33140635333556645,-0.663,False,False,1.0,False,False,0.0,1.0,0.02181144217794951,0.02181144217794951,1.2602108180142653
2007-11-26 00:00:00-05:00,18.595279693603516,14.906296730041504,-1.3099162244919804,-0.930720240169606,-0.991,False,False,1.0,False,False,0.0,1.0,-0.015721242641698857,-0.015721242641698857,1.2444895753725664
2007-11-27 00:00:00-05:00,18.840089797973633,15.163799285888672,-1.2976887566570152,-0.8378020435277733,-0.88,False,False,1.0,False,False,0.0,1.0,0.002412332959487309,0.002412332959487309,1.2469019083320538
2007-11-28 00:00:00-05:00,19.8662166595459,15.786072731018066,-1.286273618104734,-0.43899222784519054,-0.591,False,False,1.0,False,False,0.0,1.0,0.009927698861883966,0.009927698861883966,1.2568296071939378
2007-11-29 00:00:00-05:00,19.584945678710938,16.03643035888672,-1.2746392596616354,-0.8557180415558037,-0.81,False,False,1.0,False,False,0.0,1.0,-0.010411479549422101,-0.010411479549422101,1.2464181276445156
2007-11-30 00:00:00-05:00,19.876630783081055,16.28676986694336,-1.2631723338007448,-0.6963663198214327,-0.678,False,False,1.0,False,False,0.0,1.0,0.003939510202257977,0.003939510202257977,1.2503576378467738
2007-12-03 00:00:00-05:00,19.668289184570312,16.007816314697266,-1.2524580725365995,-0.38082958245535536,-0.46,False,False,1.0,False,False,0.0,1.0,0.007944545065746114,0.007944545065746114,1.2583021829125198
2007-12-04 00:00:00-05:00,18.95469093322754,16.401220321655273,-1.240353355787268,-1.3886177317439135,-1.034,False,False,1.0,False,False,0.0,1.0,-0.0256447696980165,-0.0256447696980165,1.2326574132145032
2007-12-05 00:00:00-05:00,19.642244338989258,16.465587615966797,-1.2288427107241964,-0.591372980682138,-0.502,False,False,1.0,False,False,0.0,1.0,0.019993166740476482,0.019993166740476482,1.2526505799549796
2007-12-06 00:00:00-05:00,19.923513412475586,16.794607162475586,-1.2178437273554195,-0.5296935737437067,-0.423,False,False,1.0,False,False,0.0,1.0,0.0015275982380288844,0.0015275982380288844,1.2541781781930086
2007-12-07 00:00:00-05:00,20.31417465209961,16.951969146728516,-1.2078907308055165,-0.16195174913486454,-0.156,False,False,1.0,False,False,0.0,1.0,0.009015423154833127,0.009015423154833127,1.2631936013478418
2007-12-10 00:00:00-05:00,21.095483779907227,17.123640060424805,-1.1999650750621804,0.547713749461817,0.319,False,True,0.0,False,False,0.0,0.0,0.01704154775773685,0.01704154775773685,1.2802351491055786
2007-12-11 00:00:00-05:00,20.835052490234375,16.622947692871094,-1.1942135487935877,0.9837031345206064,0.633,False,False,0.0,False,False,0.0,0.0,0.010715850143484945,0.0,1.2802351491055786
2007-12-12 00:00:00-05:00,21.22049903869629,17.137948989868164,-1.18958372179213,0.8334738954452448,0.555,False,False,0.0,False,False,0.0,0.0,-0.0036106267322808675,-0.0,1.2802351491055786
2007-12-13 00:00:00-05:00,20.30375862121582,17.173805236816406,-1.1840936844606098,-0.03163569785503384,0.007,False,False,0.0,False,False,0.0,0.0,-0.021287589201758984,-0.0,1.2802351491055786
2007-12-14 00:00:00-05:00,19.788089752197266,17.008872985839844,-1.1776740667812733,-0.2428188684028818,-0.098,False,False,0.0,False,False,0.0,0.0,-0.005303578170668377,-0.0,1.2802351491055786
2007-12-17 00:00:00-05:00,19.011981964111328,16.44239044189453,-1.1706950822641138,-0.2370436668810676,-0.059,False,False,0.0,False,False,0.0,0.0,0.00015094222250836033,0.0,1.2802351491055786
2007-12-18 00:00:00-05:00,19.501602172851562,16.44239044189453,-1.1644380251193294,0.3554575184509581,0.416,False,True,0.0,False,False,0.0,0.0,0.015330807976475047,0.0,1.2802351491055786
2007-12-19 00:00:00-05:00,19.814130783081055,16.18424415588379,-1.1599087214773356,1.0418848361528497,1.002,False,False,0.0,False,False,0.0,0.0,0.01778936961365553,0.0,1.2802351491055786
2007-12-20 00:00:00-05:00,19.84539031982422,16.28463363647461,-1.1564359519724303,1.0132545179054446,1.011,False,False,0.0,False,False,0.0,0.0,-0.0007402313725362643,-0.0,1.2802351491055786
2007-12-21 00:00:00-05:00,19.949560165405273,16.413707733154297,-1.1536458850674256,1.0139537803524377,1.081,False,False,0.0,False,False,0.0,0.0,1.7982755611594363e-05,0.0,1.2802351491055786
2007-12-24 00:00:00-05:00,20.881933212280273,16.413707733154297,-1.1530215465732234,1.9565745367978273,1.933,False,False,0.0,True,False,-1.0,-1.0,0.023679600187400934,0.0,1.2802351491055786
2007-12-26 00:00:00-05:00,20.99652862548828,16.42805290222168,-1.1539514065097518,2.039353872752965,2.292,False,False,0.0,False,False,-1.0,-1.0,0.0020718814266478237,-0.0020718814266478237,1.2781632676789307
2007-12-27 00:00:00-05:00,20.47160530090332,16.263126373291016,-1.155236909520815,1.683841450276148,1.804,False,False,0.0,False,False,-1.0,-1.0,-0.009055479753244017,0.009055479753244017,1.2872187474321748
2007-12-28 00:00:00-05:00,20.020183563232422,16.112539291381836,-1.1562170377627872,1.3905911129143966,1.45,False,False,0.0,False,False,-1.0,-1.0,-0.007587374820980569,0.007587374820980569,1.2948061222531555
2007-12-31 00:00:00-05:00,20.14091682434082,16.083860397338867,-1.1572502135519052,1.5278659447813858,1.501,False,False,0.0,True,False,-1.0,-1.0,0.003542213610638212,-0.003542213610638212,1.291263908642517
2008-01-02 00:00:00-05:00,20.209156036376953,15.954781532287598,-1.1586721980143173,1.7227942495230444,1.573,False,False,0.0,False,False,-1.0,-1.0,0.005037490533971698,-0.005037490533971698,1.2862264181085454
2008-01-03 00:00:00-05:00,19.54776382446289,16.234434127807617,-1.1585571337775256,0.7392443528500543,0.631,False,False,0.0,False,False,-1.0,-1.0,-0.025642471380265826,0.025642471380265826,1.3118688894888113
2008-01-04 00:00:00-05:00,18.466442108154297,16.3061466217041,-1.1554120431951933,-0.3738760766692373,-0.422,False,False,0.0,False,True,0.0,0.0,-0.02983696308062461,0.02983696308062461,1.3417058525694359
2008-01-07 00:00:00-05:00,18.40870475769043,16.36351203918457,-1.1502268503838977,-0.41304615635982955,-0.499,False,False,0.0,False,False,0.0,0.0,-0.001052097778118892,-0.0,1.3417058525694359
2008-01-08 00:00:00-05:00,17.76305389404297,16.564285278320312,-1.1423487668200991,-1.1591369669025617,-1.21,False,False,0.0,False,False,0.0,0.0,-0.020337626626881856,-0.0,1.3417058525694359
2008-01-09 00:00:00-05:00,18.2827205657959,16.5284366607666,-1.1340088912428934,-0.4606735658584249,-0.57,False,False,0.0,False,False,0.0,0.0,0.01886407490365809,0.0,1.3417058525694359
2008-01-10 00:00:00-05:00,18.33521270751953,16.736387252807617,-1.1252967072081796,-0.4981887586258331,-0.652,False,False,0.0,False,False,0.0,0.0,-0.0010093244959880397,-0.0,1.3417058525694359
2008-01-11 00:00:00-05:00,18.198726654052734,16.865459442138672,-1.1161153756423352,-0.6250719465904382,-0.813,False,False,0.0,False,False,0.0,0.0,-0.0034271889097708514,-0.0,1.3417058525694359
2008-01-14 00:00:00-05:00,18.671154022216797,16.714879989624023,-1.1080689395328016,0.14991467769606004,-0.032,False,False,0.0,False,False,0.0,0.0,0.020837234556128244,0.0,1.3417058525694359
2008-01-15 00:00:00-05:00,17.936277389526367,16.399364471435547,-1.1003015936241758,-0.10796947281785307,-0.329,False,False,0.0,False,True,0.0,0.0,-0.007167326098660332,-0.0,1.3417058525694359
2008-01-16 00:00:00-05:00,18.287975311279297,16.248779296875,-1.0938499184111616,0.5142494031116058,0.288,False,True,0.0,False,False,0.0,0.0,0.017254285152634868,0.0,1.3417058525694359
2008-01-17 00:00:00-05:00,17.857545852661133,15.961953163146973,-1.0882020461802722,0.4877157594909285,0.232,False,False,0.0,False,False,0.0,0.0,-0.0007532109022675365,-0.0,1.3417058525694359
2008-01-18 00:00:00-05:00,17.301130294799805,16.0264892578125,-1.0821013407170625,-0.041155218066702304,-0.371,False,False,0.0,False,True,0.0,0.0,-0.015266132545757679,-0.0,1.3417058525694359
2008-01-22 00:00:00-05:00,18.0675048828125,15.617766380310059,-1.0780253479680568,1.2311568461949314,0.971,False,True,0.0,False,False,0.0,0.0,0.03645190882503893,0.0,1.3417058525694359
2008-01-23 00:00:00-05:00,19.30630111694336,15.474343299865723,-1.0777824964910312,2.6283247636548204,2.243,False,False,0.0,True,False,-1.0,-1.0,0.03882717719191945,0.0,1.3417058525694359
2008-01-24 00:00:00-05:00,19.395536422729492,16.0551700592041,-1.079017978242277,2.0717192851111434,1.594,False,False,0.0,False,False,-1.0,-1.0,-0.01515836812401673,0.01515836812401673,1.3568642206934527
2008-01-25 00:00:00-05:00,19.332548141479492,16.083860397338867,-1.0809892719961174,1.9460675996729684,1.374,False,False,0.0,False,False,-1.0,-1.0,-0.003421977376416004,0.003421977376416004,1.3602861980698686
2008-01-28 00:00:00-05:00,20.04643440246582,15.754003524780273,-1.0852591080723146,2.949258588594681,2.177,False,False,0.0,True,False,-1.0,-1.0,0.027008440565652842,-0.027008440565652842,1.3332777575042158
2008-01-29 00:00:00-05:00,19.757726669311523,15.632100105285645,-1.0905858847410443,2.7095789456280066,1.786,False,False,0.0,False,False,-1.0,-1.0,-0.006511994265032068,0.006511994265032068,1.3397897517692479
2008-01-30 00:00:00-05:00,19.364042282104492,15.151665687561035,-1.0966581068902235,2.7478452729502507,1.683,False,False,0.0,False,False,-1.0,-1.0,0.0010635373214858183,-0.0010635373214858183,1.338726214447762
2008-01-31 00:00:00-05:00,18.770889282226562,15.531712532043457,-1.1012786688703162,1.666145579661336,0.691,False,False,0.0,False,False,-1.0,-1.0,-0.030151375830705568,0.030151375830705568,1.3688775902784678
2008-02-01 00:00:00-05:00,19.159324645996094,16.148386001586914,-1.104344368537931,1.3259455041668282,0.375,False,False,0.0,False,False,-1.0,-1.0,-0.009196410120378137,0.009196410120378137,1.3780740003988459
2008-02-04 00:00:00-05:00,19.42177963256836,15.682299613952637,-1.1076987207543043,2.050516411707303,0.96,False,False,0.0,False,False,-1.0,-1.0,0.019693149882354422,-0.019693149882354422,1.3583808505164914
2008-02-05 00:00:00-05:00,18.86537742614746,15.746829986572266,-1.1100321835087934,1.3858893528109064,0.335,False,False,0.0,False,False,-1.0,-1.0,-0.018286683683169283,0.018286683683169283,1.3766675341996606
2008-02-06 00:00:00-05:00,18.58717155456543,16.492591857910156,-1.109689112077265,0.28552193990837793,-0.676,False,False,0.0,False,True,0.0,0.0,-0.029829291856596385,0.029829291856596385,1.406496826056257
2008-02-07 00:00:00-05:00,18.944108963012695,15.424151420593262,-1.1103955644027657,1.8171996409093225,0.678,False,True,0.0,False,False,0.0,0.0,0.04246283509087844,0.0,1.406496826056257
2008-02-08 00:00:00-05:00,18.32996368408203,15.510201454162598,-1.110488244249787,1.1060673032885155,0.03,False,False,0.0,False,False,0.0,0.0,-0.020001550783042835,-0.0,1.406496826056257
2008-02-11 00:00:00-05:00,18.04126739501953,15.45283317565918,-1.1097904241481353,0.8918611107143519,-0.161,False,False,0.0,False,False,0.0,0.0,-0.006087015966960998,-0.0,1.406496826056257
2008-02-12 00:00:00-05:00,18.266977310180664,15.216202735900879,-1.1094748739425702,1.384982697882446,0.277,False,True,0.0,False,False,0.0,0.0,0.014029473984493048,0.0,1.406496826056257
2008-02-13 00:00:00-05:00,18.513681411743164,15.201859474182129,-1.10987553556956,1.641509486182084,0.521,False,False,0.0,False,False,0.0,0.0,0.007249416478793916,0.0,1.406496826056257
2008-02-14 00:00:00-05:00,18.497936248779297,14.470452308654785,-1.1121260578773189,2.404969167053302,1.196,False,False,0.0,False,False,0.0,0.0,0.022071111401069786,0.0,1.406496826056257
2008-02-15 00:00:00-05:00,18.529430389404297,14.37723159790039,-1.1157402881627991,2.4881738633796147,1.225,False,False,0.0,False,False,0.0,0.0,0.0024067990471192515,0.0,1.406496826056257
2008-02-19 00:00:00-05:00,18.566171646118164,13.832261085510254,-1.1212703767229133,3.056467047838389,1.617,False,False,0.0,True,False,-1.0,-1.0,0.01667728748581194,0.0,1.406496826056257
2008-02-20 00:00:00-05:00,19.012351989746094,13.95416259765625,-1.128464147712738,3.265579786936968,1.675,False,False,0.0,False,False,-1.0,-1.0,0.0060160531646354645,-0.0060160531646354645,1.4004807728916215
2008-02-21 00:00:00-05:00,18.87061882019043,13.638651847839355,-1.1369401175292182,3.364288385367864,1.647,False,False,0.0,False,False,-1.0,-1.0,0.0028713600412492123,-0.0028713600412492123,1.3976094128503724
2008-02-22 00:00:00-05:00,18.896869659423828,14.054548263549805,-1.1452976356578148,2.8002287629415896,1.138,False,False,0.0,False,False,-1.0,-1.0,-0.016118977875201338,0.016118977875201338,1.4137283907255738
2008-02-25 00:00:00-05:00,19.652738571166992,13.602798461914062,-1.155612391602371,3.9331761081094285,1.853,False,False,0.0,True,False,-1.0,-1.0,0.032029223772342456,-0.032029223772342456,1.3816991669532313
2008-02-26 00:00:00-05:00,19.67898941040039,14.699904441833496,-1.164832362306589,2.5560649937383566,0.78,False,False,0.0,False,False,-1.0,-1.0,-0.03741955162555726,0.03741955162555726,1.4191187185787886
2008-02-27 00:00:00-05:00,18.97560691833496,14.190796852111816,-1.1728575154821541,2.331824179655122,0.568,False,False,0.0,False,False,-1.0,-1.0,-0.006295470423342111,0.006295470423342111,1.4254141890021306
2008-02-28 00:00:00-05:00,19.411285400390625,14.291187286376953,-1.1804775408692465,2.540859776466519,0.692,False,False,0.0,False,False,-1.0,-1.0,0.005761459173502278,-0.005761459173502278,1.4196527298286283
2008-02-29 00:00:00-05:00,18.84438705444336,13.731871604919434,-1.1877883059235432,2.5338305436764976,0.643,False,False,0.0,False,False,-1.0,-1.0,-0.00019995005188907288,0.00019995005188907288,1.4198526798805173
2008-03-03 00:00:00-05:00,19.222312927246094,14.240984916687012,-1.1943480968377422,2.2136196949059688,0.308,False,False,0.0,False,False,-1.0,-1.0,-0.008838033571579562,0.008838033571579562,1.428690713452097
2008-03-04 00:00:00-05:00,18.1095027923584,14.011529922485352,-1.1987403559863785,1.313316425164512,-0.611,False,False,0.0,False,True,0.0,0.0,-0.025792450784346714,0.025792450784346714,1.4544831642364437
2008-03-05 00:00:00-05:00,18.0885009765625,14.119085311889648,-1.2013386423987906,1.126698196064286,-0.882,False,False,0.0,False,False,0.0,0.0,-0.005324297055845991,-0.0,1.4544831642364437
2008-03-06 00:00:00-05:00,17.47435188293457,13.351825714111328,-1.2032375879169974,1.4089333163991142,-0.631,False,False,0.0,False,False,0.0,0.0,0.00841493893823856,0.0,1.4544831642364437
2008-03-07 00:00:00-05:00,17.584585189819336,13.645821571350098,-1.2042067179019726,1.1521951823078957,-0.96,False,False,0.0,False,False,0.0,0.0,-0.007547353419929119,-0.0,1.4544831642364437
2008-03-10 00:00:00-04:00,16.83395767211914,13.229927062988281,-1.2040935270103317,0.9038881327561423,-1.349,False,False,0.0,False,False,0.0,0.0,-0.007578648618162981,-0.0,1.4544831642364437
2008-03-11 00:00:00-04:00,18.219736099243164,13.373334884643555,-1.205438142491858,2.0990081369768703,0.045,False,False,0.0,False,False,0.0,0.0,0.03480209242601003,0.0,1.4544831642364437
2008-03-12 00:00:00-04:00,17.899534225463867,13.445035934448242,-1.2069905774301195,1.6715025393754779,-0.439,False,False,0.0,False,True,0.0,0.0,-0.012526694658193623,-0.0,1.4544831642364437
2008-03-13 00:00:00-04:00,17.87305450439453,13.308364868164062,-1.2088919156004345,1.7846798054101534,-0.292,False,False,0.0,False,False,0.0,0.0,0.0033325236507836713,0.0,1.4544831642364437
2008-03-14 00:00:00-04:00,17.26386260986328,12.912704467773438,-1.2107431210112023,1.6298945018559738,-0.466,False,False,0.0,False,False,0.0,0.0,-0.004705030701920958,-0.0,1.4544831642364437
2008-03-17 00:00:00-04:00,17.184402465820312,12.28685474395752,-1.213726490794124,2.271521374539617,0.339,False,True,0.0,False,False,0.0,0.0,0.01999006774334003,0.0,1.4544831642364437
2008-03-18 00:00:00-04:00,18.159095764160156,12.624958038330078,-1.2184217303489833,2.7765725455147177,0.956,False,False,0.0,False,False,0.0,0.0,0.015057447621535637,0.0,1.4544831642364437
2008-03-19 00:00:00-04:00,18.22266960144043,12.553023338317871,-1.224434858727901,2.852310243579142,1.041,False,False,0.0,False,False,0.0,0.0,0.0022545659147372855,0.0,1.4544831642364437
2008-03-20 00:00:00-04:00,18.890132904052734,13.106938362121582,-1.2312121288210713,2.752711420898457,0.872,False,False,0.0,False,False,0.0,0.0,-0.002843442096461661,-0.0,1.4544831642364437
2008-03-24 00:00:00-04:00,19.73239517211914,12.898321151733398,-1.2403137811603095,3.7344296937926913,1.885,False,False,0.0,True,False,-1.0,-1.0,0.027475744857391786,0.0,1.4544831642364437
2008-03-25 00:00:00-04:00,19.827749252319336,12.984641075134277,-1.2507607221478185,3.587070204354159,1.595,False,False,0.0,False,False,-1.0,-1.0,-0.004085553387902122,0.004085553387902122,1.4585687176243458
2008-03-26 00:00:00-04:00,19.2132625579834,12.977453231811523,-1.2607787012860343,2.8515659263798163,0.733,False,False,0.0,False,False,-1.0,-1.0,-0.02067477503079272,0.02067477503079272,1.4792434926551385
2008-03-27 00:00:00-04:00,19.117904663085938,12.891125679016113,-1.270295658903445,2.742363674653042,0.57,False,False,0.0,False,False,-1.0,-1.0,-0.0030766878143909187,0.0030766878143909187,1.4823201804695294
2008-03-28 00:00:00-04:00,18.704727172851562,12.747246742248535,-1.2788345291486154,2.403107887286936,0.146,False,False,0.0,False,False,-1.0,-1.0,-0.009691265204413888,0.009691265204413888,1.4920114456739433
2008-03-31 00:00:00-04:00,18.805368423461914,12.660927772521973,-1.2869046407892022,2.511961716306491,0.234,False,True,0.0,False,False,-1.0,-1.0,0.0031013569167147315,-0.0031013569167147315,1.4889100887572286
2008-04-01 00:00:00-04:00,19.647640228271484,13.308364868164062,-1.2945304347643993,2.4195568694838023,0.067,False,False,0.0,False,False,-1.0,-1.0,-0.002505844979679701,0.002505844979679701,1.4914159337369084
2008-04-02 00:00:00-04:00,19.727102279663086,13.3659086227417,-1.3016697308852858,2.3291035996615754,-0.089,False,False,0.0,False,False,-1.0,-1.0,-0.0024364450865871556,0.0024364450865871556,1.4938523788234954
2008-04-03 00:00:00-04:00,19.965484619140625,13.394686698913574,-1.3086654593387819,2.43632079760782,0.023,False,False,0.0,False,False,-1.0,-1.0,0.002859533357564105,-0.002859533357564105,1.4909928454659314
2008-04-04 00:00:00-04:00,19.928396224975586,13.265203475952148,-1.3156231639878524,2.476387257000763,0.075,False,False,0.0,False,False,-1.0,-1.0,0.0010718572788638175,-0.0010718572788638175,1.4899209881870674
2008-04-07 00:00:00-04:00,19.67943572998047,13.178878784179688,-1.322134043779344,2.2551914305751737,-0.216,False,False,0.0,False,True,0.0,0.0,-0.005961560315591448,0.005961560315591448,1.495882548502659
2008-04-08 00:00:00-04:00,19.546985626220703,12.157362937927246,-1.3303620612122895,3.3732912092139173,1.271,False,True,0.0,False,False,0.0,0.0,0.031301189599013006,0.0,1.495882548502659
2008-04-09 00:00:00-04:00,19.197372436523438,12.35159969329834,-1.3384929351673203,2.6648435090287705,0.353,False,False,0.0,False,False,0.0,0.0,-0.01982786610484716,-0.0,1.495882548502659
2008-04-10 00:00:00-04:00,19.589374542236328,12.358793258666992,-1.3470850050290328,2.9410294632321268,0.76,False,False,0.0,False,False,0.0,0.0,0.007621504804664128,0.0,1.495882548502659
2008-04-11 00:00:00-04:00,19.34568977355957,12.056658744812012,-1.356086829787254,2.9958136384806764,0.823,False,False,0.0,False,False,0.0,0.0,0.0015347613591214038,0.0,1.495882548502659
2008-04-14 00:00:00-04:00,19.34039306640625,12.22930908203125,-1.3647664419955554,2.650242422458529,0.428,False,False,0.0,False,False,0.0,0.0,-0.009591063038075715,-0.0,1.495882548502659
2008-04-15 00:00:00-04:00,19.478124618530273,12.653731346130371,-1.3722647507206012,2.1138551271472217,-0.348,False,False,0.0,False,True,0.0,0.0,-0.014558969585719173,-0.0,1.495882548502659
2008-04-16 00:00:00-04:00,20.548181533813477,12.948678970336914,-1.380003807539296,2.678955252144526,0.473,False,True,0.0,False,False,0.0,0.0,0.01470948086116226,0.0,1.495882548502659
2008-04-17 00:00:00-04:00,20.595861434936523,12.912704467773438,-1.3878897899323728,2.674450743699637,0.46,False,False,0.0,False,False,0.0,0.0,-0.00011694775346844405,-0.0,1.495882548502659
2008-04-18 00:00:00-04:00,20.98785400390625,12.905508995056152,-1.3964198309100522,2.96634531522178,0.862,False,False,0.0,False,False,0.0,0.0,0.007482679833105396,0.0,1.495882548502659
2008-04-21 00:00:00-04:00,21.009044647216797,12.927095413208008,-1.4051667335431994,2.844320211238024,0.653,False,False,0.0,False,False,0.0,0.0,-0.003114969706504472,-0.0,1.495882548502659
2008-04-22 00:00:00-04:00,20.770668029785156,12.545830726623535,-1.4143718148269435,3.0261986564589947,0.868,False,False,0.0,False,False,0.0,0.0,0.004722258765881439,0.0,1.495882548502659
2008-04-23 00:00:00-04:00,21.485795974731445,12.72567367553711,-1.4245410682228383,3.357551203126558,1.311,False,False,0.0,False,False,0.0,0.0,0.008364522791031066,0.0,1.495882548502659
2008-04-24 00:00:00-04:00,21.851303100585938,12.675318717956543,-1.435926815319326,3.650473060753157,1.666,False,False,0.0,True,False,-1.0,-1.0,0.0073135145286680366,0.0,1.495882548502659
2008-04-25 00:00:00-04:00,21.830120086669922,13.035000801086426,-1.4469183910676395,2.9695376999965575,0.57,False,False,0.0,False,False,-1.0,-1.0,-0.016734421363275413,0.016734421363275413,1.5126169698659344
2008-04-28 00:00:00-04:00,21.009044647216797,13.293971061706543,-1.4551775028559981,1.6639570346027668,-1.821,True,False,1.0,False,True,0.0,1.0,-0.03235308485850871,0.03235308485850871,1.5449700547244432
2008-04-29 00:00:00-04:00,20.924287796020508,13.63927173614502,-1.4602812461294643,1.0071150688642767,-2.666,False,False,1.0,False,False,0.0,1.0,-0.016082724695061897,-0.016082724695061897,1.5288873300293813
2008-04-30 00:00:00-04:00,20.526987075805664,13.394686698913574,-1.463011887395285,0.9304012073595942,-2.559,False,False,1.0,False,False,0.0,1.0,-0.0019119399364376111,-0.0019119399364376111,1.5269753900929437
2008-05-01 00:00:00-04:00,20.76536750793457,13.596108436584473,-1.4639644209432088,0.8611484934891074,-2.43,False,False,1.0,False,False,0.0,1.0,-0.0017028133254410592,-0.0017028133254410592,1.5252725767675026
2008-05-02 00:00:00-04:00,20.53757667541504,13.668047904968262,-1.4630710806405867,0.5402510568458183,-2.597,False,False,1.0,False,False,0.0,1.0,-0.007916571114836833,-0.007916571114836833,1.5173560056526658
2008-05-05 00:00:00-04:00,20.16676902770996,13.272397994995117,-1.4613461909599479,0.7712007728193981,-2.086,False,False,1.0,False,False,0.0,1.0,0.005837615566640227,0.005837615566640227,1.523193621219306
2008-05-06 00:00:00-04:00,20.346878051757812,13.286782264709473,-1.4593990345780345,0.9561608419922578,-1.716,False,False,1.0,False,False,0.0,1.0,0.004654536037110191,0.004654536037110191,1.5278481572564162
2008-05-07 00:00:00-04:00,19.944286346435547,13.358716011047363,-1.4564139357685808,0.48846618397130115,-2.037,False,False,1.0,False,False,0.0,1.0,-0.011870390703520372,-0.011870390703520372,1.5159777665528957
2008-05-08 00:00:00-04:00,20.99844741821289,14.257933616638184,-1.4523110894699398,0.2914923138430119,-2.032,False,False,1.0,False,False,0.0,1.0,-0.004722982112968008,-0.004722982112968008,1.5112547844399278
2008-05-09 00:00:00-04:00,20.897798538208008,14.099674224853516,-1.4478189295892157,0.4840232944239382,-1.716,False,False,1.0,False,False,0.0,1.0,0.004660461051349526,0.004660461051349526,1.5159152454912774
2008-05-12 00:00:00-04:00,21.506988525390625,14.286704063415527,-1.443815505673562,0.8796236736618042,-1.249,False,False,1.0,False,False,0.0,1.0,0.009389022199939397,0.009389022199939397,1.525304267691217
2008-05-13 00:00:00-04:00,21.676504135131836,15.085204124450684,-1.4384049094187914,-0.0221275370626266,-1.958,True,False,1.0,False,False,0.0,1.0,-0.020789588180888646,-0.020789588180888646,1.5045146795103284
2008-05-14 00:00:00-04:00,22.11087989807129,15.437699317932129,-1.4320800180340862,0.0028591804422433142,-1.776,False,False,1.0,False,False,0.0,1.0,0.0005650687185107932,0.0005650687185107932,1.5050797482288392
2008-05-15 00:00:00-04:00,22.290990829467773,15.329788208007812,-1.4259906453323123,0.4308562499230426,-1.302,False,False,1.0,False,False,0.0,1.0,0.009693910755747867,0.009693910755747867,1.5147736589845868
2008-05-16 00:00:00-04:00,22.354551315307617,15.595958709716797,-1.4196538734019013,0.21368812364204715,-1.397,False,False,1.0,False,False,0.0,1.0,-0.004880685542258776,-0.004880685542258776,1.5098929734423283
2008-05-19 00:00:00-04:00,22.497583389282227,15.790191650390625,-1.4131093940971964,0.18431523352012036,-1.333,False,False,1.0,False,False,0.0,1.0,-0.0006554860956480788,-0.0006554860956480788,1.50923748734668
2008-05-20 00:00:00-04:00,22.211524963378906,15.811766624450684,-1.4060572730071002,-0.020724498020904036,-1.407,False,False,1.0,False,False,0.0,1.0,-0.004613463509676817,-0.004613463509676817,1.5046240238370032
2008-05-21 00:00:00-04:00,21.77715492248535,16.034780502319336,-1.397506876154308,-0.6315610871309474,-1.752,True,False,1.0,False,False,0.0,1.0,-0.01382425142301002,-0.01382425142301002,1.4907997724139932
2008-05-22 00:00:00-04:00,21.39574432373047,16.250593185424805,-1.3869912571265737,-1.1436863475744126,-1.956,False,False,1.0,False,False,0.0,1.0,-0.011656383763154124,-0.011656383763154124,1.4791433886508392
2008-05-23 00:00:00-04:00,21.766550064086914,16.020383834838867,-1.3768475087025844,-0.29107550737013455,-1.245,False,False,1.0,False,False,0.0,1.0,0.01945526248559393,0.01945526248559393,1.498598651136433
2008-05-27 00:00:00-04:00,21.835416793823242,15.761412620544434,-1.368059275513531,0.27287006309139983,-0.788,False,False,1.0,False,False,0.0,1.0,0.012994747325930336,0.012994747325930336,1.5115933984623635
2008-05-28 00:00:00-04:00,22.460500717163086,16.27936363220215,-1.3602298382153697,0.31682455748358507,-0.709,False,False,1.0,False,False,0.0,1.0,0.0009854344922348595,0.0009854344922348595,1.5125788329545982
2008-05-29 00:00:00-04:00,22.69358253479004,16.1282901763916,-1.3540829166928818,0.8545403314725455,-0.268,False,False,1.0,False,False,0.0,1.0,0.012074648129348312,0.012074648129348312,1.5246534810839467
2008-05-30 00:00:00-04:00,22.407535552978516,16.214616775512695,-1.348468770307409,0.5426312086970277,-0.464,False,False,1.0,False,False,0.0,1.0,-0.007045220988482761,-0.007045220988482761,1.517608260095464
2008-06-02 00:00:00-04:00,21.750661849975586,16.08513641357422,-1.3424983908661385,0.1563920978898672,-0.72,False,False,1.0,False,False,0.0,1.0,-0.008910825246031593,-0.008910825246031593,1.5086974348494322
2008-06-03 00:00:00-04:00,22.026124954223633,16.250593185424805,-1.3365750940424443,0.30598683916896974,-0.562,False,False,1.0,False,False,0.0,1.0,0.0034196004591797577,0.0034196004591797577,1.512117035308612
2008-06-04 00:00:00-04:00,22.142662048339844,16.07793426513672,-1.3315009925926051,0.7348766154716451,-0.177,False,False,1.0,False,False,0.0,1.0,0.009848114109223349,0.009848114109223349,1.5219651494178352
2008-06-05 00:00:00-04:00,22.709468841552734,16.473588943481445,-1.3271838215603422,0.8459881127288291,-0.042,False,False,1.0,False,False,0.0,1.0,0.00249280108963283,0.00249280108963283,1.5244579505074682
2008-06-06 00:00:00-04:00,21.851303100585938,16.08513641357422,-1.3228767081767003,0.5726507912237011,-0.226,False,False,1.0,False,True,0.0,1.0,-0.006337528497469329,-0.006337528497469329,1.5181204220099986
2008-06-09 00:00:00-04:00,21.745363235473633,16.27936363220215,-1.3180452228873905,0.2884257684028739,-0.436,False,False,1.0,False,False,0.0,1.0,-0.006578932561433882,-0.006578932561433882,1.5115414894485648
2008-06-10 00:00:00-04:00,22.22742462158203,16.02758026123047,-1.3144975115261246,1.1592102524093448,0.472,False,True,0.0,False,False,0.0,0.0,0.020112521822172824,0.020112521822172824,1.5316540112707377
2008-06-11 00:00:00-04:00,21.5175838470459,16.013195037841797,-1.3106267329382884,0.5302623506956934,-0.094,False,False,0.0,False,False,0.0,0.0,-0.014797066282877153,-0.0,1.5316540112707377
2008-06-12 00:00:00-04:00,21.896583557128906,16.15746307373047,-1.3070014018871157,0.7787566688238776,0.371,False,True,0.0,False,False,0.0,0.0,0.005777001603762824,0.0,1.5316540112707377
2008-06-13 00:00:00-04:00,22.28091812133789,16.150253295898438,-1.3043457246860213,1.2154042822364381,1.373,False,False,0.0,False,False,0.0,0.0,0.01007343842766741,0.0,1.5316540112707377
2008-06-16 00:00:00-04:00,22.87877655029297,16.26565170288086,-1.3031841044545032,1.6816378025053105,2.232,False,False,0.0,True,False,-1.0,-1.0,0.010577965701126922,0.0,1.5316540112707377
2008-06-17 00:00:00-04:00,22.339635848999023,16.33057403564453,-1.301888888792592,1.0790429643886128,1.108,False,False,0.0,False,False,-1.0,-1.0,-0.013820910018579437,0.013820910018579437,1.545474921289317
2008-06-18 00:00:00-04:00,22.430391311645508,16.106964111328125,-1.3012321359438017,1.471491997491853,1.734,False,False,0.0,True,False,-1.0,-1.0,0.009044836351159219,-0.009044836351159219,1.5364300849381578
2008-06-19 00:00:00-04:00,23.0762882232666,16.35942840576172,-1.3015649303223225,1.783429930208328,2.095,False,False,0.0,False,False,-1.0,-1.0,0.007030514607751195,-0.007030514607751195,1.5293995703304066
2008-06-20 00:00:00-04:00,22.04071044921875,16.381071090698242,-1.300613928307472,0.735261228061745,0.345,False,False,0.0,False,False,-1.0,-1.0,-0.024181351015115125,0.024181351015115125,1.5535809213455218
2008-06-23 00:00:00-04:00,21.84320640563965,16.26565170288086,-1.2987958732682385,0.7174450979194908,0.318,False,False,0.0,False,False,-1.0,-1.0,-0.0004146278370265524,0.0004146278370265524,1.5539955491825483
2008-06-24 00:00:00-04:00,21.277376174926758,16.063682556152344,-1.295945235509832,0.4597233015387303,-0.085,False,False,0.0,False,False,-1.0,-1.0,-0.0061223807705408405,0.0061223807705408405,1.5601179299530892
2008-06-25 00:00:00-04:00,21.41082000732422,16.301725387573242,-1.292208687596418,0.3455888386909898,-0.269,False,False,0.0,False,True,0.0,0.0,-0.002687030919492432,0.002687030919492432,1.5628049608725814
2008-06-26 00:00:00-04:00,20.903709411621094,15.991554260253906,-1.287839981591591,0.3091464674747719,-0.331,False,False,0.0,False,False,0.0,0.0,-0.0008781659849305294,-0.0,1.5628049608725814
2008-06-27 00:00:00-04:00,21.67772102355957,15.594832420349121,-1.285483030108668,1.630828589812289,1.733,False,True,0.0,True,False,-1.0,-1.0,0.03167631795294829,0.0,1.5628049608725814
2008-06-30 00:00:00-04:00,21.837854385375977,15.183687210083008,-1.2856750407381872,2.3165667129966145,2.487,False,False,0.0,False,False,-1.0,-1.0,0.016580085781923066,-0.016580085781923066,1.5462248750906584
2008-07-01 00:00:00-04:00,22.291595458984375,15.061057090759277,-1.2885488791781987,2.884687225447646,2.797,False,False,0.0,False,False,-1.0,-1.0,0.013624481987178055,-0.013624481987178055,1.5326003931034804
2008-07-02 00:00:00-04:00,21.928607940673828,14.707615852355957,-1.2932073989189672,2.9086102999492134,2.473,False,False,0.0,False,False,-1.0,-1.0,0.0005842219573023737,-0.0005842219573023737,1.5320161711461782
2008-07-03 00:00:00-04:00,21.837854385375977,14.77974796295166,-1.2985688979104206,2.6453333617320567,1.969,False,False,0.0,False,False,-1.0,-1.0,-0.006416634885560402,0.006416634885560402,1.5384328060317385
2008-07-07 00:00:00-04:00,20.80229377746582,14.267614364624023,-1.3035832305691473,2.2032709515144653,1.395,False,False,0.0,False,False,-1.0,-1.0,-0.011219483213392228,0.011219483213392228,1.5496522892451308
2008-07-08 00:00:00-04:00,22.510456085205078,14.967288970947266,-1.3096869289827306,2.90799335764806,1.943,False,False,0.0,True,False,-1.0,-1.0,0.016734114518797787,-0.016734114518797787,1.532918174726333
2008-07-09 00:00:00-04:00,20.674179077148438,14.830240249633789,-1.3133996817463753,1.1961462530571332,0.205,False,False,0.0,False,False,-1.0,-1.0,-0.04263394277758511,0.04263394277758511,1.5755521175039182
2008-07-10 00:00:00-04:00,20.663490295410156,14.729254722595215,-1.3156915477386684,1.2843343524017676,0.247,False,False,0.0,False,False,-1.0,-1.0,0.00220235443031293,-0.00220235443031293,1.573349763073605
2008-07-11 00:00:00-04:00,21.047826766967773,14.5633544921875,-1.318075903037055,1.8522201434289833,0.817,False,False,0.0,False,False,-1.0,-1.0,0.014111265942860135,-0.014111265942860135,1.5592384971307451
2008-07-14 00:00:00-04:00,20.631473541259766,14.23154354095459,-1.3204948228055768,1.838793974897083,0.756,False,False,0.0,False,False,-1.0,-1.0,-0.00034055692953628713,0.00034055692953628713,1.5595790540602814
2008-07-15 00:00:00-04:00,20.716880798339844,14.144986152648926,-1.323232609428537,1.9997738612396851,0.893,False,False,0.0,False,False,-1.0,-1.0,0.004082262423536913,-0.004082262423536913,1.5554967916367444
2008-07-16 00:00:00-04:00,21.170608520507812,14.548929214477539,-1.3259768056334962,1.8790658353070349,0.702,False,False,0.0,False,False,-1.0,-1.0,-0.002983233029775743,0.002983233029775743,1.5584800246665202
2008-07-17 00:00:00-04:00,21.565631866455078,15.024992942810059,-1.3282409661788004,1.6088207232673888,0.35,False,False,0.0,False,False,-1.0,-1.0,-0.006508410691945244,0.006508410691945244,1.5649884353584653
2008-07-18 00:00:00-04:00,21.400142669677734,15.125975608825684,-1.3295932451092294,1.2887476744961432,-0.065,False,False,0.0,False,False,-1.0,-1.0,-0.007710459953455213,0.007710459953455213,1.5726988953119205
2008-07-21 00:00:00-04:00,21.779138565063477,14.996140480041504,-1.3313004850257293,1.8147694704702495,0.537,False,True,0.0,False,False,-1.0,-1.0,0.012601284019131043,-0.012601284019131043,1.5600976112927896
2008-07-22 00:00:00-04:00,22.366323471069336,15.464996337890625,-1.3331300660615213,1.7494718814960208,0.412,False,False,0.0,False,False,-1.0,-1.0,-0.0015191429875085728,0.0015191429875085728,1.5616167542802981
2008-07-23 00:00:00-04:00,22.505107879638672,15.277451515197754,-1.335682002255042,2.0992908504650103,0.816,False,False,0.0,False,False,-1.0,-1.0,0.008152212279562155,-0.008152212279562155,1.5534645420007358
2008-07-24 00:00:00-04:00,21.416154861450195,14.9240083694458,-1.3375170722563705,1.4550388808194796,-0.047,False,False,0.0,False,False,-1.0,-1.0,-0.015570190023028847,0.015570190023028847,1.5690347320237648
2008-07-25 00:00:00-04:00,21.672382354736328,14.938431739807129,-1.3392674690424573,1.6658266871013225,0.192,False,False,0.0,False,False,-1.0,-1.0,0.005057417877794816,-0.005057417877794816,1.56397731414597
2008-07-28 00:00:00-04:00,21.223987579345703,14.830240249633789,-1.3403722560781943,1.345944997762416,-0.293,False,False,0.0,False,True,0.0,0.0,-0.007782625045197439,0.007782625045197439,1.5717599391911674
2008-07-29 00:00:00-04:00,22.80405044555664,15.270241737365723,-1.3428107681802333,2.2990054079067157,0.991,False,True,0.0,False,False,0.0,0.0,0.02200601050451068,0.0,1.5717599391911674
2008-07-30 00:00:00-04:00,22.942838668823242,15.349594116210938,-1.3461047714757604,2.280676788775441,0.913,False,False,0.0,False,False,0.0,0.0,-0.0004203329641226006,-0.0,1.5717599391911674
2008-07-31 00:00:00-04:00,22.905471801757812,14.931225776672363,-1.3507938441347844,2.736463937242167,1.464,False,False,0.0,False,False,0.0,0.0,0.010581373286410215,0.0,1.5717599391911674
2008-08-01 00:00:00-04:00,22.921478271484375,14.8446683883667,-1.3564949623983273,2.7847603841912516,1.43,False,False,0.0,False,False,0.0,0.0,0.001121655137874121,0.0,1.5717599391911674
2008-08-04 00:00:00-04:00,22.73465347290039,14.714829444885254,-1.362677685035495,2.6830837492520168,1.221,False,False,0.0,False,False,0.0,0.0,-0.002376387242037206,-0.0,1.5717599391911674
2008-08-05 00:00:00-04:00,23.444608688354492,14.700404167175293,-1.3703190375019454,3.3003649991012587,1.875,False,False,0.0,True,False,-1.0,-1.0,0.014161447622015141,0.0,1.5717599391911674
2008-08-06 00:00:00-04:00,23.61008071899414,14.397455215454102,-1.379731339968512,3.7454605424390124,2.185,False,False,0.0,False,False,-1.0,-1.0,0.010238035781019495,-0.010238035781019495,1.561521903410148
2008-08-07 00:00:00-04:00,23.455286026000977,14.4046630859375,-1.3897672490857351,3.4361570350507797,1.681,False,False,0.0,False,False,-1.0,-1.0,-0.007114609989982193,0.007114609989982193,1.56863651340013
2008-08-08 00:00:00-04:00,24.458831787109375,14.570564270019531,-1.4013513755753346,4.040351504408683,2.151,False,False,0.0,False,False,-1.0,-1.0,0.013463249947279217,-0.013463249947279217,1.555173263452851
2008-08-11 00:00:00-04:00,24.907224655151367,14.815814971923828,-1.41384953613404,3.9598915296490986,1.909,False,False,0.0,False,False,-1.0,-1.0,-0.0017546778042101428,0.0017546778042101428,1.5569279412570611
2008-08-12 00:00:00-04:00,24.77911949157715,14.599411964416504,-1.4269078702008358,3.947103659246995,1.787,False,False,0.0,False,False,-1.0,-1.0,-0.00028036728994554935,0.00028036728994554935,1.5572083085470065
2008-08-13 00:00:00-04:00,24.34139633178711,14.433515548706055,-1.439621930309849,3.5625908164016806,1.333,False,False,0.0,False,False,-1.0,-1.0,-0.008521966372129826,0.008521966372129826,1.5657302749191364
2008-08-14 00:00:00-04:00,24.51221466064453,14.411871910095215,-1.4521548478591413,3.583944999674781,1.322,False,False,0.0,False,False,-1.0,-1.0,0.00046993740475919596,-0.00046993740475919596,1.5652603375143772
2008-08-15 00:00:00-04:00,24.426803588867188,14.253193855285645,-1.464503557594968,3.5529504807106207,1.21,False,False,0.0,False,False,-1.0,-1.0,-0.0006841957981195583,0.0006841957981195583,1.5659445333124968
2008-08-18 00:00:00-04:00,24.213289260864258,13.993511199951172,-1.4767105038216415,3.54892428655058,1.14,False,False,0.0,False,False,-1.0,-1.0,-8.971489772931558e-05,8.971489772931558e-05,1.566034248210226
2008-08-19 00:00:00-04:00,24.074491500854492,13.762697219848633,-1.4888846493943702,3.583422875959286,1.135,False,False,0.0,False,False,-1.0,-1.0,0.0007741087357897453,-0.0007741087357897453,1.5652601394744363
2008-08-20 00:00:00-04:00,23.700836181640625,14.029580116271973,-1.4994057146154152,2.6648035816476288,0.132,False,False,0.0,False,False,-1.0,-1.0,-0.020533830805091784,0.020533830805091784,1.585793970279528
2008-08-21 00:00:00-04:00,23.151020050048828,14.18825912475586,-1.507182567757493,1.7667232303906104,-0.822,False,False,0.0,False,True,0.0,0.0,-0.0201655767687575,0.0201655767687575,1.6059595470482857
2008-08-22 00:00:00-04:00,23.839628219604492,14.18825912475586,-1.5141897496471177,2.355911687561985,-0.184,False,False,0.0,False,False,0.0,0.0,0.012999668501958125,0.0,1.6059595470482857
2008-08-25 00:00:00-04:00,23.22040367126465,13.813190460205078,-1.5204069017914001,2.2187335598097206,-0.312,False,False,0.0,False,True,0.0,0.0,-0.003102028376739508,-0.0,1.6059595470482857
2008-08-26 00:00:00-04:00,23.28447151184082,14.318106651306152,-1.5247153029983151,1.4534351906323693,-1.172,False,False,0.0,False,False,0.0,0.0,-0.016963088878647923,-0.0,1.6059595470482857
2008-08-27 00:00:00-04:00,23.855642318725586,14.469578742980957,-1.5282645770594474,1.7422976808554225,-0.882,False,False,0.0,False,False,0.0,0.0,0.0062838559069356755,0.0,1.6059595470482857
2008-08-28 00:00:00-04:00,24.36808204650879,14.909584999084473,-1.5309354933085129,1.5424691809101994,-1.086,False,False,0.0,False,False,0.0,0.0,-0.004234220277038699,-0.0,1.6059595470482857
2008-08-29 00:00:00-04:00,24.485525131225586,14.4046630859375,-1.5345514413804826,2.380828630099966,-0.17,False,False,0.0,False,False,0.0,0.0,0.017994321980379438,0.0,1.6059595470482857
2008-09-02 00:00:00-04:00,24.458831787109375,14.09449577331543,-1.539494954375819,2.7604266596189646,0.233,False,True,0.0,False,False,0.0,0.0,0.008224019783102084,0.0,1.6059595470482857
2008-09-03 00:00:00-04:00,25.04601287841797,14.339742660522461,-1.5455727650867883,2.882897163961289,0.341,False,False,0.0,False,False,0.0,0.0,0.0025942123481772733,0.0,1.6059595470482857
2008-09-04 00:00:00-04:00,24.005107879638672,13.791549682617188,-1.5518667835329334,2.60246003374089,-0.012,False,False,0.0,False,False,0.0,0.0,-0.006175974252404782,-0.0,1.6059595470482857
2008-09-05 00:00:00-04:00,24.085172653198242,13.82761287689209,-1.558202347551613,2.538953807390076,-0.134,False,False,0.0,False,False,0.0,0.0,-0.001391722326771401,-0.0,1.6059595470482857
2008-09-08 00:00:00-04:00,24.618974685668945,14.072855949401855,-1.5646976072361032,2.5992106546615013,-0.09,False,False,0.0,False,False,0.0,0.0,0.001291991355887152,0.0,1.6059595470482857
2008-09-09 00:00:00-04:00,23.668800354003906,13.452527046203613,-1.5711448951890712,2.5329311579681857,-0.204,False,False,0.0,False,True,0.0,0.0,-0.0014792988623494256,-0.0,1.6059595470482857
2008-09-10 00:00:00-04:00,23.7435359954834,13.38736629486084,-1.5777340141024825,2.621832832832329,-0.113,False,False,0.0,False,False,0.0,0.0,0.0019815268241587976,0.0,1.6059595470482857
2008-09-11 00:00:00-04:00,24.415477752685547,12.887784957885742,-1.5868547178291599,3.9644353898968774,1.495,False,True,0.0,False,False,0.0,0.0,0.029924374647488927,0.0,1.6059595470482857
2008-09-12 00:00:00-04:00,24.818628311157227,13.047069549560547,-1.597740283102731,3.9727997153813384,1.42,False,False,0.0,False,False,0.0,0.0,0.0001831692754281075,0.0,1.6059595470482857
2008-09-15 00:00:00-04:00,23.01784896850586,12.344758033752441,-1.608300460723422,3.1637689353026452,0.346,False,False,0.0,False,False,0.0,0.0,-0.018870874227433092,-0.0,1.6059595470482857
2008-09-16 00:00:00-04:00,24.24883460998535,12.207188606262207,-1.6210180141513295,4.460761977091455,1.906,False,False,0.0,True,False,-1.0,-1.0,0.029452409876003102,0.0,1.6059595470482857
2008-09-17 00:00:00-04:00,23.130735397338867,11.432479858398438,-1.6351033606027752,4.437449160848043,1.731,False,False,0.0,False,False,-1.0,-1.0,-0.0005574025484090357,0.0005574025484090357,1.6065169495966947
2008-09-18 00:00:00-04:00,25.802356719970703,11.620723724365234,-1.6540694321959668,6.5808728275037005,3.394,False,False,0.0,False,False,-1.0,-1.0,0.04760641556783458,-0.04760641556783458,1.55891053402886
2008-09-19 00:00:00-04:00,26.490415573120117,12.605409622192383,-1.6744975202283532,5.3826884192963504,2.001,False,False,0.0,False,False,-1.0,-1.0,-0.025172923554622095,0.025172923554622095,1.5840834575834821
2008-09-22 00:00:00-04:00,23.711286544799805,12.207188606262207,-1.691631098379616,3.0612266746613344,-0.16,False,False,0.0,False,False,-1.0,-1.0,-0.052330732320903704,0.052330732320903704,1.6364141899043858
2008-09-23 00:00:00-04:00,23.856426239013672,11.924818992614746,-1.7072497732918455,3.4977817173258536,0.24,False,True,0.0,False,False,-1.0,-1.0,0.009873444396984453,-0.009873444396984453,1.6265407455074015
2008-09-24 00:00:00-04:00,23.609149932861328,12.047901153564453,-1.7207388078916348,2.8778588642805794,-0.313,False,False,0.0,False,True,0.0,0.0,-0.01398098077159658,0.01398098077159658,1.640521726278998
2008-09-25 00:00:00-04:00,24.490726470947266,11.9103364944458,-1.7344877574164437,3.8323936346207397,0.562,False,True,0.0,False,False,0.0,0.0,0.021141852897616827,0.0,1.640521726278998
2008-09-26 00:00:00-04:00,25.194913864135742,11.859657287597656,-1.7495567006967492,4.445770988652228,1.108,False,False,0.0,False,False,0.0,0.0,0.013350526652613819,0.0,1.640521726278998
2008-09-29 00:00:00-04:00,23.867172241210938,10.932893753051758,-1.7656328950157085,4.563695393111008,1.181,False,False,0.0,False,False,0.0,0.0,0.002731587477751823,0.0,1.640521726278998
2008-09-30 00:00:00-04:00,25.39918327331543,11.142863273620605,-1.7842460741632873,5.517573222419589,1.897,False,False,0.0,True,False,-1.0,-1.0,0.021065837395533228,0.0,1.640521726278998
2008-10-01 00:00:00-04:00,24.727251052856445,10.737406730651855,-1.8043010975901976,5.353736303468928,1.639,False,False,0.0,False,False,-1.0,-1.0,-0.0037150583662273902,0.0037150583662273902,1.6442367846452255
2008-10-02 00:00:00-04:00,22.947967529296875,10.570877075195312,-1.8223850800574828,3.683758864339257,0.268,False,False,0.0,False,False,-1.0,-1.0,-0.039561510201337864,0.039561510201337864,1.6837982948465633
2008-10-03 00:00:00-04:00,21.813735961914062,10.281266212463379,-1.8377147014087143,2.9197018941734214,-0.343,False,False,0.0,False,True,0.0,0.0,-0.01876931528327976,0.01876931528327976,1.702567610129843
2008-10-06 00:00:00-04:00,21.098798751831055,9.774439811706543,-1.8512298422573916,3.004064081051183,-0.26,False,False,0.0,False,False,0.0,0.0,0.002152451680436978,0.0,1.702567610129843
2008-10-07 00:00:00-04:00,19.92156219482422,9.383460998535156,-1.8624783380939742,2.4450693487028374,-0.686,False,False,0.0,False,False,0.0,0.0,-0.01494716053378512,-0.0,1.702567610129843
2008-10-08 00:00:00-04:00,20.69563865661621,9.166254043579102,-1.8740464231465548,3.5176530525941523,0.166,False,False,0.0,False,False,0.0,0.0,0.028320070361104625,0.0,1.702567610129843
2008-10-09 00:00:00-04:00,19.889310836791992,8.57978343963623,-1.8861333664641744,3.7066950142573347,0.28,False,True,0.0,False,False,0.0,0.0,0.005240694888536105,0.0,1.702567610129843
2008-10-10 00:00:00-04:00,23.920927047729492,8.225008010864258,-1.9064522921957492,8.240341672088928,3.248,False,False,0.0,True,False,-1.0,-1.0,0.11448165437126463,0.0,1.702567610129843
2008-10-13 00:00:00-04:00,22.227645874023438,9.296582221984863,-1.9262865014109614,4.319765030556873,0.498,False,False,0.0,False,False,-1.0,-1.0,-0.09768344811141026,0.09768344811141026,1.8002510582412534
2008-10-14 00:00:00-04:00,21.475082397460938,9.043169975280762,-1.9449467047570999,3.886598753480275,0.151,False,False,0.0,False,False,-1.0,-1.0,-0.011088754073733624,0.011088754073733624,1.811339812314987
2008-10-15 00:00:00-04:00,17.948755264282227,8.434980392456055,-1.9583139915892187,1.4304151429548142,-1.604,True,False,1.0,False,True,0.0,1.0,-0.07126169417661292,0.07126169417661292,1.8826015064916
2008-10-16 00:00:00-04:00,18.534685134887695,8.485666275024414,-1.9685833029218693,1.829944191707419,-1.336,False,False,1.0,False,False,0.0,1.0,0.011337558332178983,0.011337558332178983,1.8939390648237788
2008-10-17 00:00:00-04:00,18.910974502563477,8.521864891052246,-1.9770171105365466,2.0631017992725234,-1.152,False,False,1.0,False,False,0.0,1.0,0.006520277519654822,0.006520277519654822,1.9004593423434337
2008-10-20 00:00:00-04:00,18.787336349487305,8.847679138183594,-1.9826975955661004,1.245064195870345,-1.644,True,False,1.0,False,False,0.0,1.0,-0.02251710483839316,-0.02251710483839316,1.8779422375050405
2008-10-21 00:00:00-04:00,18.443307876586914,8.449462890625,-1.9870179640099823,1.6540733266793275,-1.306,False,False,1.0,False,False,0.0,1.0,0.011608845193681279,0.011608845193681279,1.8895510826987216
2008-10-22 00:00:00-04:00,17.610111236572266,8.261211395263672,-1.9894777983002467,1.1746145786301874,-1.551,True,False,1.0,False,False,0.0,1.0,-0.014082837044198987,-0.014082837044198987,1.8754682456545226
2008-10-23 00:00:00-04:00,16.422121047973633,7.928159236907959,-1.9896263233504083,0.6480467345078722,-1.777,False,False,1.0,False,False,0.0,1.0,-0.01635497108310421,-0.01635497108310421,1.8591132745714185
2008-10-24 00:00:00-04:00,15.502910614013672,7.515457630157471,-1.987925440089164,0.562741197111416,-1.717,False,False,1.0,False,False,0.0,1.0,-0.002802132284572575,-0.002802132284572575,1.856311142286846
2008-10-27 00:00:00-04:00,14.69121265411377,7.233084678649902,-1.984478416742422,0.33731222286274054,-1.734,False,False,1.0,False,False,0.0,1.0,-0.007761339182468676,-0.007761339182468676,1.8485498031043772
2008-10-28 00:00:00-04:00,15.712559700012207,7.971599102020264,-1.9789588032991436,-0.06290651930234148,-1.821,False,False,1.0,False,False,0.0,1.0,-0.012710188412269926,-0.012710188412269926,1.8358396146921074
2008-10-29 00:00:00-04:00,16.14259910583496,8.181570053100586,-1.9719455328103994,0.008988588247916596,-1.648,False,False,1.0,False,False,0.0,1.0,0.002227495371640097,0.002227495371640097,1.8380671100637476
2008-10-30 00:00:00-04:00,17.690731048583984,8.615992546081543,-1.9650635633714584,0.7597580339990628,-1.184,False,False,1.0,False,False,0.0,1.0,0.021684936257941913,0.021684936257941913,1.8597520463216894
2008-10-31 00:00:00-04:00,17.99713897705078,8.76079273223877,-1.95842185260377,0.8398110441020847,-1.087,False,False,1.0,False,False,0.0,1.0,0.002277178894732473,0.002277178894732473,1.8620292252164217
2008-11-03 00:00:00-05:00,17.266071319580078,8.941804885864258,-1.9500758999962529,-0.1711268908125554,-1.485,False,False,1.0,False,False,0.0,1.0,-0.029130913271486064,-0.029130913271486064,1.8328983119449358
2008-11-04 00:00:00-05:00,18.303544998168945,9.122815132141113,-1.941822854106304,0.5886540807905085,-1.05,False,False,1.0,False,False,0.0,1.0,0.02109422445173706,0.02109422445173706,1.8539925363966727
2008-11-05 00:00:00-05:00,17.502601623535156,8.68115234375,-1.933964059835496,0.7135649927659742,-0.945,False,False,1.0,False,False,0.0,1.0,0.0036426055544251127,0.0036426055544251127,1.8576351419510977
2008-11-06 00:00:00-05:00,16.438255310058594,9.260379791259766,-1.9223367250686263,-1.3633128507633927,-1.849,True,False,1.0,False,False,0.0,1.0,-0.060656791799632306,-0.060656791799632306,1.7969783501514653
2008-11-07 00:00:00-05:00,17.755239486694336,9.282102584838867,-1.9105038628685493,0.021746642817532802,-1.102,False,False,1.0,False,False,0.0,1.0,0.03902814788308994,0.03902814788308994,1.8360064980345554
2008-11-10 00:00:00-05:00,15.927579879760742,9.390702247619629,-1.8948277381598637,-1.8661832198291073,-1.844,True,False,1.0,False,False,0.0,1.0,-0.05598620030651572,-0.05598620030651572,1.7800202977280397
2008-11-11 00:00:00-05:00,15.959833145141602,8.956287384033203,-1.8783498430156829,-0.8632078566605053,-1.299,False,False,1.0,False,False,0.0,1.0,0.030594491461393345,0.030594491461393345,1.810614789189433
2008-11-12 00:00:00-05:00,15.841568946838379,8.406018257141113,-1.8634440020265797,0.1774246446428478,-0.784,False,False,1.0,False,False,0.0,1.0,0.03302996167957769,0.03302996167957769,1.8436447508690108
2008-11-13 00:00:00-05:00,17.55097770690918,8.811479568481445,-1.8515979066561474,1.2356605833655223,-0.271,False,False,1.0,False,False,0.0,1.0,0.031247467253816632,0.031247467253816632,1.8748922181228274
2008-11-14 00:00:00-05:00,15.583545684814453,8.036763191223145,-1.841341921507091,0.7851167075901682,-0.436,False,False,1.0,False,False,0.0,1.0,-0.014829315104995255,-0.014829315104995255,1.8600629030178322
2008-11-17 00:00:00-05:00,14.771842956542969,8.00056266784668,-1.8309871870892953,0.12291522221074835,-0.702,False,False,1.0,False,False,0.0,1.0,-0.02250795848746412,-0.02250795848746412,1.837554944530368
2008-11-18 00:00:00-05:00,14.777219772338867,7.906435489654541,-1.821033441095519,0.37933634581352393,-0.532,False,False,1.0,False,False,0.0,1.0,0.008789039128840445,0.008789039128840445,1.8463439836592084
2008-11-19 00:00:00-05:00,12.772163391113281,7.761631011962891,-1.8083395151573636,-1.2635006698900497,-1.298,False,False,1.0,False,False,0.0,1.0,-0.0612819900694289,-0.0612819900694289,1.7850619935897796
2008-11-20 00:00:00-05:00,11.444419860839844,7.037596225738525,-1.7939381685441036,-1.180592623314423,-1.181,False,False,1.0,False,False,0.0,1.0,0.0034445368460411423,0.0034445368460411423,1.7885065304358208
2008-11-21 00:00:00-05:00,11.449793815612793,7.334451198577881,-1.7773891867739253,-1.5863804356605886,-1.301,False,False,1.0,False,False,0.0,1.0,-0.016572259313485608,-0.016572259313485608,1.7719342711223351
2008-11-24 00:00:00-05:00,13.637621879577637,7.392374038696289,-1.7631146328158522,0.6040190407041912,-0.178,False,False,1.0,False,False,0.0,1.0,0.08212594282741982,0.08212594282741982,1.8540602139497548
2008-11-25 00:00:00-05:00,14.734220504760742,7.913676738739014,-1.7509043066062122,0.8781298218131983,-0.0,False,False,1.0,False,False,0.0,1.0,0.009587541013784222,0.009587541013784222,1.863647754963539
2008-11-26 00:00:00-05:00,15.06212329864502,8.094688415527344,-1.7404481060418557,0.9737381768415041,0.095,False,False,1.0,False,False,0.0,1.0,0.0032798177530666433,0.0032798177530666433,1.8669275727166057
2008-11-28 00:00:00-05:00,14.707343101501465,8.253974914550781,-1.7303184793199373,0.42533777901104663,-0.108,False,False,1.0,False,False,0.0,1.0,-0.018917306791779963,-0.018917306791779963,1.8480102659248259
2008-12-01 00:00:00-05:00,12.62165355682373,7.291011333465576,-1.7200323550791028,0.08087816201450515,-0.318,False,False,1.0,False,True,0.0,1.0,-0.01368944220999727,-0.01368944220999727,1.8343208237148287
2008-12-02 00:00:00-05:00,14.126786231994629,8.036763191223145,-1.709990810288133,0.38399503054112216,0.045,False,False,1.0,False,False,0.0,1.0,0.010876263526077947,0.010876263526077947,1.8451970872409067
2008-12-03 00:00:00-05:00,15.18038272857666,8.268452644348145,-1.7014781176027851,1.1117914877834085,0.817,False,True,0.0,False,False,0.0,0.0,0.024882803000353063,0.024882803000353063,1.8700798902412596
2008-12-04 00:00:00-05:00,14.40093994140625,7.971599102020264,-1.693821690604945,0.8984724735974261,0.644,False,False,0.0,False,False,0.0,0.0,-0.007644909134485634,-0.0,1.8700798902412596
2008-12-05 00:00:00-05:00,16.164094924926758,8.869400978088379,-1.6872677411633972,1.199040771155154,1.04,False,False,0.0,False,False,0.0,0.0,0.009655525655322409,0.0,1.8700798902412596
2008-12-08 00:00:00-05:00,16.18559455871582,8.985243797302246,-1.681367239312722,1.0781000006939845,0.914,False,False,0.0,False,False,0.0,0.0,-0.0038647757020728994,-0.0,1.8700798902412596
2008-12-09 00:00:00-05:00,15.051370620727539,9.093849182128906,-1.6734950218387328,-0.16714071491741755,-0.456,False,False,0.0,False,True,0.0,0.0,-0.04113794422476268,-0.0,1.8700798902412596
2008-12-10 00:00:00-05:00,15.830818176269531,8.833200454711914,-1.6667316078265824,1.1082437801330443,1.052,False,True,0.0,False,False,0.0,0.0,0.04174281111428235,0.0,1.8700798902412596
2008-12-11 00:00:00-05:00,14.221643447875977,8.774942398071289,-1.657946057589085,-0.326737706577628,-0.608,False,False,0.0,False,True,0.0,0.0,-0.04987765935363427,-0.0,1.8700798902412596
2008-12-12 00:00:00-05:00,15.357850074768066,8.796788215637207,-1.6499834235459576,0.8432953385222515,0.757,False,True,0.0,False,False,0.0,0.0,0.03916768845702343,0.0,1.8700798902412596
2008-12-15 00:00:00-05:00,15.2871732711792,8.672987937927246,-1.6430623436172485,1.0369133837243307,0.947,False,False,0.0,False,False,0.0,0.0,0.006555005784092072,0.0,1.8700798902412596
2008-12-16 00:00:00-05:00,17.108375549316406,9.204588890075684,-1.6388605172254491,2.023338240079349,1.902,False,False,0.0,True,False,-1.0,-1.0,0.030640580440757317,0.0,1.8700798902412596
2008-12-17 00:00:00-05:00,17.179048538208008,9.24827766418457,-1.6367972262043515,2.0414933103030446,1.766,False,False,0.0,False,False,-1.0,-1.0,0.0005617876914013088,-0.0005617876914013088,1.8695181025498582
2008-12-18 00:00:00-05:00,17.06488037109375,9.080788612365723,-1.6367015048758145,2.2023399837756124,1.797,False,False,0.0,False,False,-1.0,-1.0,0.005037884979487096,-0.005037884979487096,1.8644802175703712
2008-12-19 00:00:00-05:00,17.706377029418945,9.481308937072754,-1.6380479958465448,2.175537927044987,1.661,False,False,0.0,False,False,-1.0,-1.0,-0.0008063869315754198,0.0008063869315754198,1.8652866045019465
2008-12-22 00:00:00-05:00,16.47231674194336,8.906022071838379,-1.639839224747814,1.8678724120729928,1.285,False,False,0.0,False,False,-1.0,-1.0,-0.009900179567009098,0.009900179567009098,1.8751867840689558
2008-12-23 00:00:00-05:00,16.56473159790039,8.723967552185059,-1.6426892612722979,2.2339637842380196,1.521,False,False,0.0,True,False,-1.0,-1.0,0.011849343080306888,-0.011849343080306888,1.8633374409886487
2008-12-24 00:00:00-05:00,16.602787017822266,8.993402481079102,-1.6454851907721557,1.804276420553041,1.089,False,False,0.0,False,False,-1.0,-1.0,-0.013683745460202587,0.013683745460202587,1.8770211864488513
2008-12-26 00:00:00-05:00,16.67890167236328,9.197304725646973,-1.6476877426486145,1.5246154105105862,0.798,False,False,0.0,False,False,-1.0,-1.0,-0.008785202745649628,0.008785202745649628,1.885806389194501
2008-12-29 00:00:00-05:00,16.113508224487305,9.124483108520508,-1.6485263155537422,1.0715577042656363,0.36,False,False,0.0,False,False,-1.0,-1.0,-0.014541840322665483,0.014541840322665483,1.9003482295171663
2008-12-30 00:00:00-05:00,17.233415603637695,9.160894393920898,-1.6504275075464492,2.1140235021825884,1.284,False,False,0.0,False,False,-1.0,-1.0,0.03222180304780326,-0.03222180304780326,1.868126426469363
2008-12-31 00:00:00-05:00,17.858600616455078,9.131765365600586,-1.6543993578711984,2.7510138593750195,1.782,False,False,0.0,True,False,-1.0,-1.0,0.01932253645150969,-0.01932253645150969,1.8488038900178534
2009-01-02 00:00:00-05:00,17.059446334838867,10.347877502441406,-1.6543079259787479,-0.05912943450712049,-0.912,False,False,0.0,False,True,0.0,0.0,-0.0822207699824168,0.0822207699824168,1.9310246600002703
2009-01-05 00:00:00-05:00,16.526676177978516,10.158541679382324,-1.650691689432562,-0.24194414893218763,-1.03,False,False,0.0,False,False,0.0,0.0,-0.005490706905049542,-0.0,1.9310246600002703
2009-01-06 00:00:00-05:00,17.36931610107422,10.384289741516113,-1.645476324659187,0.2822131830081851,-0.519,False,False,0.0,False,False,0.0,0.0,0.015212182428162592,0.0,1.9310246600002703
2009-01-07 00:00:00-05:00,17.18448829650879,9.983771324157715,-1.6402093534619102,0.809013187800506,-0.044,False,False,0.0,False,False,0.0,0.0,0.015697275900796337,0.0,1.9310246600002703
2009-01-08 00:00:00-05:00,17.336700439453125,10.027467727661133,-1.6351784445888948,0.9400013573708534,0.065,False,False,0.0,False,False,0.0,0.0,0.003883040886131995,0.0,1.9310246600002703
2009-01-09 00:00:00-05:00,17.010515213012695,9.889107704162598,-1.6302380570010855,0.8889154839041957,-0.047,False,False,0.0,False,False,0.0,0.0,-0.0015418838657266557,-0.0,1.9310246600002703
2009-01-12 00:00:00-05:00,16.124380111694336,9.648797988891602,-1.6245001023742291,0.4499067909516725,-0.582,False,False,0.0,False,True,0.0,0.0,-0.013805802586099045,-0.0,1.9310246600002703
2009-01-13 00:00:00-05:00,16.8365478515625,9.983771324157715,-1.6185990665704129,0.6768249054283686,-0.467,False,False,0.0,False,False,0.0,0.0,0.006877083651905795,0.0,1.9310246600002703
2009-01-14 00:00:00-05:00,16.369020462036133,9.64151382446289,-1.61290544138259,0.8181703513944694,-0.299,False,False,0.0,False,False,0.0,0.0,0.004428133430061184,0.0,1.9310246600002703
2009-01-15 00:00:00-05:00,16.260292053222656,9.692489624023438,-1.607089136545098,0.683597272378508,-0.46,False,False,0.0,False,False,0.0,0.0,-0.0042269414413289574,-0.0,1.9310246600002703
2009-01-16 00:00:00-05:00,17.592214584350586,9.9109525680542,-1.6031934772613374,1.7030400737995919,0.785,False,True,0.0,False,False,0.0,0.0,0.03044804379327024,0.0,1.9310246600002703
2009-01-20 00:00:00-05:00,15.651422500610352,9.350227355957031,-1.5987790829963964,0.7024745826455501,-0.472,False,False,0.0,False,True,0.0,0.0,-0.03269782285206178,-0.0,1.9310246600002703
2009-01-21 00:00:00-05:00,17.102941513061523,9.64151382446289,-1.5959489209337545,1.7155779287420962,0.748,False,True,0.0,False,False,0.0,0.0,0.031181712300332093,0.0,1.9310246600002703
2009-01-22 00:00:00-05:00,16.49406623840332,9.605106353759766,-1.5932630802850933,1.1906049027461147,0.05,False,False,0.0,False,False,0.0,0.0,-0.016509869352994568,-0.0,1.9310246600002703
2009-01-23 00:00:00-05:00,17.09749984741211,9.568692207336426,-1.5920035510622736,1.8641078743106139,0.88,False,True,0.0,False,False,0.0,0.0,0.020831561817208168,0.0,1.9310246600002703
2009-01-26 00:00:00-05:00,17.592214584350586,9.707053184509277,-1.592329386825541,2.135388539178013,1.157,False,False,0.0,False,False,0.0,0.0,0.008208427830278999,0.0,1.9310246600002703
2009-01-27 00:00:00-05:00,17.695499420166016,9.823566436767578,-1.5936500141552312,2.04017262915651,0.991,False,False,0.0,False,False,0.0,0.0,-0.002854979046653939,-0.0,1.9310246600002703
2009-01-28 00:00:00-05:00,19.081789016723633,10.238645553588867,-1.5970877972201267,2.729773143024744,1.699,False,False,0.0,True,False,-1.0,-1.0,0.01946165578324972,0.0,1.9310246600002703
2009-01-29 00:00:00-05:00,18.277202606201172,9.99105453491211,-1.6011968420060754,2.2795576365894235,1.116,False,False,0.0,False,False,-1.0,-1.0,-0.013135448828458934,0.013135448828458934,1.9441601088287292
2009-01-30 00:00:00-05:00,17.342144012451172,9.823566436767578,-1.6044111138268184,1.5811048438851518,0.256,False,False,0.0,False,False,-1.0,-1.0,-0.021099263744061774,0.021099263744061774,1.965259372572791
2009-02-02 00:00:00-05:00,17.945581436157227,10.042030334472656,-1.60741432801807,1.8038779941337886,0.48,False,False,0.0,False,False,-1.0,-1.0,0.006535373851122834,-0.006535373851122834,1.958723998721668
2009-02-03 00:00:00-05:00,18.36418342590332,10.81393051147461,-1.6086266892791299,0.9686061891353503,-0.605,False,False,0.0,False,True,0.0,0.0,-0.023357868999116578,0.023357868999116578,1.9820818677207848
2009-02-04 00:00:00-05:00,18.027122497558594,10.704704284667969,-1.6081671760140122,0.8121684380190111,-0.795,False,False,0.0,False,False,0.0,0.0,-0.004438948166487393,-0.0,1.9820818677207848
2009-02-05 00:00:00-05:00,17.978199005126953,11.003266334533691,-1.605448485698333,0.3130217306143912,-1.346,False,False,0.0,False,False,0.0,0.0,-0.014003912072991422,-0.0,1.9820818677207848
2009-02-06 00:00:00-05:00,19.065481185913086,11.476605415344238,-1.6017796328712104,0.6824883771152486,-0.829,False,False,0.0,False,False,0.0,0.0,0.009866000055250299,0.0,1.9820818677207848
2009-02-09 00:00:00-05:00,19.239444732666016,11.687788009643555,-1.5971806215295992,0.5719362151173257,-0.913,False,False,0.0,False,False,0.0,0.0,-0.002916408535083116,-0.0,1.9820818677207848
2009-02-10 00:00:00-05:00,17.86946678161621,11.571273803710938,-1.5896726550609719,-0.525070768366426,-2.091,True,False,1.0,False,False,0.0,1.0,-0.030250575017935027,-0.0,1.9820818677207848
2009-02-11 00:00:00-05:00,18.07061767578125,11.731477737426758,-1.5801663294166475,-0.46706843920150476,-1.85,False,False,1.0,False,False,0.0,1.0,0.0015844036231898498,0.0015844036231898498,1.9836662713439748
2009-02-12 00:00:00-05:00,17.728124618530273,12.022761344909668,-1.5678469629346905,-1.1217252421749428,-2.327,False,False,1.0,False,False,0.0,1.0,-0.01789756847649047,-0.01789756847649047,1.9657687028674842
2009-02-13 00:00:00-05:00,16.8256893157959,12.299483299255371,-1.5511462863723702,-2.252608528143057,-2.946,False,False,1.0,False,False,0.0,1.0,-0.03149742898850973,-0.03149742898850973,1.9342712738789745
2009-02-17 00:00:00-05:00,15.488322257995605,12.044610023498535,-1.530011335771396,-2.940067612902933,-2.964,False,False,1.0,False,False,0.0,1.0,-0.020269036755311536,-0.020269036755311536,1.914002237123663
2009-02-18 00:00:00-05:00,15.520939826965332,11.847991943359375,-1.5070650552834293,-2.3347548061511887,-2.214,False,False,1.0,False,False,0.0,1.0,0.018135825152643618,0.018135825152643618,1.9321380622763065
2009-02-19 00:00:00-05:00,14.623930931091309,11.862561225891113,-1.4816148942611613,-2.951816465273904,-2.363,False,False,1.0,False,False,0.0,1.0,-0.0191635970039039,-0.0191635970039039,1.9129744652724026
2009-02-20 00:00:00-05:00,16.28204345703125,11.61496353149414,-1.459097205873318,-0.665317378092336,-0.77,False,False,1.0,False,False,0.0,1.0,0.06880951181304774,0.06880951181304774,1.9817839770854504
2009-02-23 00:00:00-05:00,14.917498588562012,11.418346405029297,-1.4370761916928778,-1.4915351786075526,-1.282,False,False,1.0,False,False,0.0,1.0,-0.026374377831961022,-0.026374377831961022,1.9554095992534894
2009-02-24 00:00:00-05:00,15.776457786560059,11.578553199768066,-1.4170498259380895,-0.6309290097861897,-0.688,False,False,1.0,False,False,0.0,1.0,0.02674031583157886,0.02674031583157886,1.9821499150850683
2009-02-25 00:00:00-05:00,15.727519035339355,11.476605415344238,-1.3990740486312327,-0.329101767649437,-0.471,False,False,1.0,False,False,0.0,1.0,0.009496158891573417,0.009496158891573417,1.9916460739766415
2009-02-26 00:00:00-05:00,15.613363265991211,11.469321250915527,-1.3827248679198538,-0.2455524458113345,-0.394,False,False,1.0,False,False,0.0,1.0,0.002654695641744066,0.002654695641744066,1.9943007696183856
2009-02-27 00:00:00-05:00,16.249427795410156,11.636809349060059,-1.3686131226757074,0.32313781421120247,0.0,False,False,1.0,False,False,0.0,1.0,0.017674516664114938,0.017674516664114938,2.0119752862825004
2009-03-02 00:00:00-05:00,14.656546592712402,11.046958923339844,-1.3549909546099215,-0.31198282436044344,-0.403,False,False,1.0,False,True,0.0,1.0,-0.02143861633846488,-0.02143861633846488,1.9905366699440359
2009-03-03 00:00:00-05:00,15.16757869720459,11.520297050476074,-1.341652795019369,-0.2886600400200283,-0.372,False,False,1.0,False,False,0.0,1.0,0.0007615897133122991,0.0007615897133122991,1.991298259657348
2009-03-04 00:00:00-05:00,15.205629348754883,11.93537712097168,-1.3277704322385913,-0.6418114900882781,-0.581,False,False,1.0,False,False,0.0,1.0,-0.011372513182586731,-0.011372513182586731,1.9799257464747613
2009-03-05 00:00:00-05:00,14.477149963378906,11.680506706237793,-1.313153614536137,-0.8611496375308416,-0.691,False,False,1.0,False,False,0.0,1.0,-0.0073565265876545756,-0.0073565265876545756,1.9725692198871068
2009-03-06 00:00:00-05:00,14.314062118530273,11.673222541809082,-1.2980693479631544,-0.8385902549446378,-0.643,False,False,1.0,False,False,0.0,1.0,0.0007655886641968368,0.0007655886641968368,1.9733348085513036
2009-03-09 00:00:00-04:00,15.047981262207031,11.520297050476074,-1.2847887200009556,0.24683356069509266,0.106,False,False,1.0,False,False,0.0,1.0,0.036363667997114484,0.036363667997114484,2.009698476548418
2009-03-10 00:00:00-04:00,16.98332977294922,11.95722770690918,-1.2755947864419508,1.7307524497166273,1.068,False,True,0.0,False,False,0.0,0.0,0.04603310477952388,0.04603310477952388,2.055731581327942
2009-03-11 00:00:00-04:00,17.092063903808594,12.284921646118164,-1.2688866620673793,1.5038906825064213,0.926,False,False,0.0,False,False,0.0,0.0,-0.0069418641713554306,-0.0,2.055731581327942
2009-03-12 00:00:00-04:00,17.91617774963379,12.809231758117676,-1.2643803128793114,1.7204372915613497,1.05,False,False,0.0,False,False,0.0,0.0,0.006348121724975535,0.0,2.055731581327942
2009-03-13 00:00:00-04:00,17.839258193969727,13.087058067321777,-1.260722733523866,1.3401065735502513,0.817,False,False,0.0,False,False,0.0,0.0,-0.011075956052330771,-0.0,2.055731581327942
2009-03-16 00:00:00-04:00,16.27344512939453,12.787297248840332,-1.2554891031144413,0.21913277519022145,0.111,False,False,0.0,False,False,0.0,0.0,-0.03467527244748555,-0.0,2.055731581327942
2009-03-17 00:00:00-04:00,17.37226104736328,13.160172462463379,-1.250503316478018,0.9154217376301403,0.626,False,True,0.0,False,False,0.0,0.0,0.0205825444688143,0.0,2.055731581327942
2009-03-18 00:00:00-04:00,18.086488723754883,13.335636138916016,-1.2467810851419197,1.4598698274193715,1.078,False,False,0.0,False,False,0.0,0.0,0.015684222102723206,0.0,2.055731581327942
2009-03-19 00:00:00-04:00,17.76782989501953,13.225970268249512,-1.2436896034113283,1.3188281773702784,1.025,False,False,0.0,False,False,0.0,0.0,-0.004121996204840676,-0.0,2.055731581327942
2009-03-20 00:00:00-04:00,16.575618743896484,12.999320030212402,-1.2393740731246703,0.4645985302010267,0.415,False,False,0.0,False,False,0.0,0.0,-0.02613390897355767,-0.0,2.055731581327942
2009-03-23 00:00:00-04:00,19.009498596191406,13.862044334411621,-1.2369263158630863,1.8631711672968727,1.488,False,False,0.0,False,False,0.0,0.0,0.0386818056964174,0.0,2.055731581327942
2009-03-24 00:00:00-04:00,17.37775993347168,13.657330513000488,-1.233190752411985,0.5356662422054477,0.48,False,False,0.0,False,False,0.0,0.0,-0.038793413310563,-0.0,2.055731581327942
2009-03-25 00:00:00-04:00,17.921672821044922,14.088689804077148,-1.2286953978503354,0.6109644970343844,0.544,False,False,0.0,False,False,0.0,0.0,0.002137188926258654,0.0,2.055731581327942
2009-03-26 00:00:00-04:00,18.602933883666992,13.942465782165527,-1.2254824727927347,1.5166864401106928,1.194,False,False,0.0,False,False,0.0,0.0,0.025378053219322072,0.0,2.055731581327942
2009-03-27 00:00:00-04:00,18.229337692260742,13.584219932556152,-1.223358547614241,1.6109661250964251,1.222,False,False,0.0,False,False,0.0,0.0,0.0027054772606102673,0.0,2.055731581327942
2009-03-30 00:00:00-04:00,17.43819236755371,13.37219524383545,-1.2210143963911393,1.1105494634775077,0.83,False,False,0.0,False,False,0.0,0.0,-0.014820206803513253,-0.0,2.055731581327942
2009-03-31 00:00:00-04:00,18.229337692260742,13.60615348815918,-1.219530771726227,1.636214828620485,1.15,False,False,0.0,False,False,0.0,0.0,0.01509558361905871,0.0,2.055731581327942
2009-04-01 00:00:00-04:00,18.262300491333008,13.52573013305664,-1.218910952654429,1.7756398895022194,1.18,False,False,0.0,False,False,0.0,0.0,0.0040123519234986195,0.0,2.055731581327942
2009-04-02 00:00:00-04:00,19.42704200744629,14.05213451385498,-1.2198693834307803,2.2852733421436255,1.44,False,False,0.0,False,False,0.0,0.0,0.013936287324246632,0.0,2.055731581327942
2009-04-03 00:00:00-04:00,21.20711898803711,14.16180419921875,-1.224963286558127,3.8594287725694265,2.311,False,False,0.0,True,False,-1.0,-1.0,0.04082902919106403,0.0,2.055731581327942
2009-04-06 00:00:00-04:00,20.32807159423828,14.147181510925293,-1.2310670940511763,2.9119419625689495,1.629,False,False,0.0,False,False,-1.0,-1.0,-0.025102844390044267,0.025102844390044267,2.0808344257179865
2009-04-07 00:00:00-04:00,18.597444534301758,14.037510871887207,-1.2346758455842524,1.2656689286562859,0.438,False,False,0.0,False,False,-1.0,-1.0,-0.04581989332082067,0.04581989332082067,2.126654319038807
2009-04-08 00:00:00-04:00,19.03696060180664,14.212991714477539,-1.2369441635911236,1.4562834534146525,0.547,False,False,0.0,False,False,-1.0,-1.0,0.005205538545624305,-0.005205538545624305,2.121448780493183
2009-04-09 00:00:00-04:00,21.327999114990234,14.490801811218262,-1.2419027259915851,3.3318328438344764,1.947,False,False,0.0,True,False,-1.0,-1.0,0.047694575892527014,-0.047694575892527014,2.0737542046006556
2009-04-13 00:00:00-04:00,21.591712951660156,14.256855010986328,-1.249530129704525,3.7773430606038048,2.15,False,False,0.0,False,False,-1.0,-1.0,0.011305620468482387,-0.011305620468482387,2.062448584132173
2009-04-14 00:00:00-04:00,19.68526840209961,14.000962257385254,-1.2557470199694711,2.1036017706830386,0.768,False,False,0.0,False,False,-1.0,-1.0,-0.04491223355007542,0.04491223355007542,2.1073608176822485
2009-04-15 00:00:00-04:00,20.262147903442383,14.015580177307129,-1.2619056584726536,2.5758079709213604,1.088,False,False,0.0,False,False,-1.0,-1.0,0.012443346946510388,-0.012443346946510388,2.094917470735738
2009-04-16 00:00:00-04:00,20.21819305419922,14.381138801574707,-1.2669460665397583,1.9980658171818497,0.573,False,False,0.0,False,False,-1.0,-1.0,-0.015030369416832416,0.015030369416832416,2.1099478401525706
2009-04-17 00:00:00-04:00,20.042377471923828,14.337271690368652,-1.2708759255077382,1.821484043170674,0.392,False,False,0.0,False,False,-1.0,-1.0,-0.004614915814948049,0.004614915814948049,2.114562755967518
2009-04-20 00:00:00-04:00,18.712818145751953,13.81086540222168,-1.2727334475710175,1.1352678084430678,-0.226,False,False,0.0,False,True,0.0,0.0,-0.018909045661741064,0.018909045661741064,2.1334718016292595
2009-04-21 00:00:00-04:00,19.729215621948242,14.154492378234863,-1.2742491062820744,1.6928663591060342,0.213,False,True,0.0,False,False,0.0,0.0,0.014764734815009515,0.0,2.1334718016292595
2009-04-22 00:00:00-04:00,19.273212432861328,14.154492378234863,-1.2746605348150382,1.231039607985096,-0.264,False,False,0.0,False,True,0.0,0.0,-0.012376309340801346,-0.0,2.1334718016292595
2009-04-23 00:00:00-04:00,20.48740577697754,13.854734420776367,-1.2772510863858826,2.7914311864530426,1.184,False,True,0.0,False,False,0.0,0.0,0.040865726487537474,0.0,2.1334718016292595
2009-04-24 00:00:00-04:00,21.091745376586914,13.95709228515625,-1.2820821052528601,3.197607116425335,1.574,False,False,0.0,True,False,-1.0,-1.0,0.010418538508882908,0.0,2.1334718016292595
2009-04-27 00:00:00-04:00,20.45993423461914,14.132558822631836,-1.2867145848524393,2.2753646762537407,0.537,False,False,0.0,False,False,-1.0,-1.0,-0.023864776349878155,0.023864776349878155,2.1573365779791374
2009-04-28 00:00:00-04:00,20.108312606811523,14.17642879486084,-1.290347425818475,1.8157942040639306,0.02,False,False,0.0,False,False,-1.0,-1.0,-0.011967722054645363,0.011967722054645363,2.169304300033783
2009-04-29 00:00:00-04:00,20.553333282470703,14.315338134765625,-1.2937100677106599,2.0334362148420766,0.246,False,True,0.0,False,False,-1.0,-1.0,0.005570105384890266,-0.005570105384890266,2.163734194648893
2009-04-30 00:00:00-04:00,19.784160614013672,14.147181510925293,-1.2957892841838947,1.4523944107521558,-0.394,False,False,0.0,False,True,0.0,0.0,-0.015244068624525133,0.015244068624525133,2.178978263273418
2009-05-01 00:00:00-04:00,19.185306549072266,13.964401245117188,-1.296305090638476,1.0831821273085822,-0.793,False,False,0.0,False,False,0.0,0.0,-0.009901789257949947,-0.0,2.178978263273418
2009-05-04 00:00:00-04:00,20.70166778564453,13.6500244140625,-1.2992728120097023,2.9665621811844574,1.239,False,True,0.0,False,False,0.0,0.0,0.04899943173587885,0.0,2.178978263273418
2009-05-05 00:00:00-04:00,20.795072555541992,13.788932800292969,-1.3036304446288594,2.8193999581386073,1.011,False,False,0.0,False,False,0.0,0.0,-0.003795702725478059,-0.0,2.178978263273418
2009-05-06 00:00:00-04:00,21.086259841918945,13.94978141784668,-1.3089547181806032,2.8266276374404313,0.963,False,False,0.0,False,False,0.0,0.0,0.00018369590638079761,0.0,2.178978263273418
2009-05-07 00:00:00-04:00,19.42704200744629,13.825488090515137,-1.312063108559965,1.2871291260462243,-0.776,False,False,0.0,False,True,0.0,0.0,-0.04098012511126593,-0.0,2.178978263273418
2009-05-08 00:00:00-04:00,19.99843406677246,14.366517066955566,-1.3133811669854905,1.129721115857393,-1.008,False,False,0.0,False,False,0.0,0.0,-0.00404989875169378,-0.0,2.178978263273418
2009-05-11 00:00:00-04:00,18.982023239135742,12.970080375671387,-1.3149424885145944,1.9271134737161049,-0.08,False,False,0.0,False,False,0.0,0.0,0.022127087167987204,0.0,2.178978263273418
2009-05-12 00:00:00-04:00,19.718236923217773,12.801920890808105,-1.3183463162035196,2.8408716764920285,0.938,False,True,0.0,False,False,0.0,0.0,0.024969071380014238,0.0,2.178978263273418
2009-05-13 00:00:00-04:00,18.77324867248535,12.911590576171875,-1.3209494416998082,1.7176903094346088,-0.478,False,False,0.0,False,True,0.0,0.0,-0.03134855609184572,-0.0,2.178978263273418
2009-05-14 00:00:00-04:00,19.174320220947266,12.853099822998047,-1.3238188316695834,2.1591446299334613,0.057,False,False,0.0,False,False,0.0,0.0,0.012198410356215755,0.0,2.178978263273418
2009-05-15 00:00:00-04:00,18.531511306762695,12.882344245910645,-1.3255865757536662,1.4548487101460594,-0.832,False,False,0.0,False,True,0.0,0.0,-0.019779051902477987,-0.0,2.178978263273418
2009-05-18 00:00:00-04:00,20.185224533081055,13.145548820495605,-1.3289204912825943,2.7158353363687056,0.721,False,True,0.0,False,False,0.0,0.0,0.03348823693349741,0.0,2.178978263273418
2009-05-19 00:00:00-04:00,19.31716537475586,12.882344245910645,-1.332291687428427,2.1541252213376794,-0.024,False,False,0.0,False,False,0.0,0.0,-0.015397668595841974,-0.0,2.178978263273418
2009-05-20 00:00:00-04:00,19.372098922729492,12.875029563903809,-1.3357296557958325,2.174540114975091,-0.013,False,False,0.0,False,False,0.0,0.0,0.0005582467790064724,0.0,2.178978263273418
2009-05-21 00:00:00-04:00,19.284198760986328,12.728805541992188,-1.3393245312703383,2.236197244826357,0.07,False,False,0.0,False,False,0.0,0.0,0.0016970381474542746,0.0,2.178978263273418
2009-05-22 00:00:00-04:00,18.905109405517578,12.714181900024414,-1.3423013308370881,1.8388461206099898,-0.402,False,False,0.0,False,True,0.0,0.0,-0.011046315291774618,-0.0,2.178978263273418
2009-05-26 00:00:00-04:00,19.981950759887695,12.904274940490723,-1.3462803917317774,2.6091784379892857,0.707,False,True,0.0,False,False,0.0,0.0,0.020622086146715526,0.0,2.178978263273418
2009-05-27 00:00:00-04:00,18.877643585205078,12.611824035644531,-1.3495554874945264,1.8572872505856388,-0.401,False,False,0.0,False,True,0.0,0.0,-0.020945211128278438,-0.0,2.178978263273418
2009-05-28 00:00:00-04:00,19.058942794799805,12.334005355834961,-1.3532774138861183,2.3676119239979343,0.309,False,True,0.0,False,False,0.0,0.0,0.01427470676688334,0.0,2.178978263273418
2009-05-29 00:00:00-04:00,19.652301788330078,12.107356071472168,-1.3588280736952465,3.2004864601891043,1.564,False,False,0.0,True,False,-1.0,-1.0,0.0230686858649482,0.0,2.178978263273418
2009-06-01 00:00:00-04:00,20.48740577697754,12.750744819641113,-1.3654752606374403,3.076579171056597,1.504,False,False,0.0,False,False,-1.0,-1.0,-0.0032694740979112317,0.0032694740979112317,2.1822477373713296
2009-06-02 00:00:00-04:00,20.31159019470215,12.896966934204102,-1.372047341842373,2.6163409947984313,0.739,False,False,0.0,False,False,-1.0,-1.0,-0.01210935146381799,0.01210935146381799,2.1943570888351474
2009-06-03 00:00:00-04:00,19.97095489501953,12.896966934204102,-1.3777905724036126,2.201635440471996,0.101,False,False,0.0,False,False,-1.0,-1.0,-0.010988408576081068,0.010988408576081068,2.205345497411228
2009-06-04 00:00:00-04:00,20.66870880126953,12.955452919006348,-1.3839582043368932,2.7389034431103454,0.911,False,True,0.0,False,False,-1.0,-1.0,0.01391939597517142,-0.01391939597517142,2.1914261014360568
2009-06-05 00:00:00-04:00,20.267641067504883,12.933523178100586,-1.3895882382725828,2.295369379790472,0.192,False,False,0.0,False,False,-1.0,-1.0,-0.011598720587021641,0.011598720587021641,2.2030248220230786
2009-06-08 00:00:00-04:00,20.11929702758789,12.955452919006348,-1.3943926142010956,2.0543091636954145,-0.242,False,False,0.0,False,True,0.0,0.0,-0.0063130739983778645,0.0063130739983778645,2.2093378960214567
2009-06-09 00:00:00-04:00,20.32807159423828,12.699565887451172,-1.3995433053248219,2.554479175924513,0.545,False,True,0.0,False,False,0.0,0.0,0.013127248512409446,0.0,2.2093378960214567
2009-06-10 00:00:00-04:00,20.091833114624023,12.721498489379883,-1.4043265156112643,2.2266954676792103,-0.051,False,False,0.0,False,False,0.0,0.0,-0.008635665641083803,-0.0,2.2093378960214567
2009-06-11 00:00:00-04:00,19.731462478637695,12.67745590209961,-1.4082050952620209,1.879004482341447,-0.612,False,False,0.0,False,True,0.0,0.0,-0.00925105686006469,-0.0,2.2093378960214567
2009-06-12 00:00:00-04:00,20.463287353515625,12.611385345458984,-1.41288407109671,2.6448618844541443,0.785,False,True,0.0,False,False,0.0,0.0,0.020005829040675098,0.0,2.2093378960214567
2009-06-15 00:00:00-04:00,19.504148483276367,12.281055450439453,-1.4170895374892187,2.1007932951336734,-0.194,False,False,0.0,False,False,0.0,0.0,-0.014741408526683805,-0.0,2.2093378960214567
2009-06-16 00:00:00-04:00,19.23249053955078,12.068171501159668,-1.4209341089591003,2.084414020784859,-0.24,False,False,0.0,False,True,0.0,0.0,-0.0004502204246173268,-0.0,2.2093378960214567
2009-06-17 00:00:00-04:00,18.500675201416016,12.185624122619629,-1.422835743689414,1.1625336405888547,-1.786,True,False,1.0,False,False,0.0,1.0,-0.025722958051651455,-0.0,2.2093378960214567
2009-06-18 00:00:00-04:00,18.683629989624023,12.178284645080566,-1.4237228062462046,1.3451283994648549,-1.451,False,False,1.0,False,False,0.0,1.0,0.005068960410396102,0.005068960410396102,2.214406856431853
2009-06-19 00:00:00-04:00,19.226943969726562,12.244351387023926,-1.424712167573103,1.7822675645929742,-0.771,False,False,1.0,False,False,0.0,1.0,0.011920366775715084,0.011920366775715084,2.2263272232075675
2009-06-22 00:00:00-04:00,18.23455238342285,11.855290412902832,-1.4249540336651958,1.3413084892846356,-1.477,False,False,1.0,False,False,0.0,1.0,-0.012552995691050919,-0.012552995691050919,2.2137742275165166
2009-06-23 00:00:00-04:00,18.362070083618164,11.745182991027832,-1.4251952082261368,1.6228915650661726,-0.914,False,False,1.0,False,False,0.0,1.0,0.008022024486163945,0.008022024486163945,2.221796252002681
2009-06-24 00:00:00-04:00,18.72243881225586,11.899331092834473,-1.4256856115885224,1.7577336856738235,-0.623,False,False,1.0,False,False,0.0,1.0,0.003778450885247329,0.003778450885247329,2.2255747028879282
2009-06-25 00:00:00-04:00,19.10498046875,11.921356201171875,-1.4269725180148118,2.0935327922122795,-0.044,False,False,1.0,False,False,0.0,1.0,0.009297683181393708,0.009297683181393708,2.234872386069322
2009-06-26 00:00:00-04:00,18.877666473388672,12.097529411315918,-1.4279161788878239,1.6034085023993825,-1.06,False,False,1.0,False,True,0.0,1.0,-0.013557349915548326,-0.013557349915548326,2.221315036153774
2009-06-29 00:00:00-04:00,19.249128341674805,12.170942306518555,-1.4290875909778507,1.8557857209217978,-0.547,False,False,1.0,False,False,0.0,1.0,0.006887560033306599,0.006887560033306599,2.2282025961870806
2009-06-30 00:00:00-04:00,19.875606536865234,12.170942306518555,-1.4315342502241284,2.452485767582072,0.691,False,True,0.0,False,False,0.0,0.0,0.015997866140647455,0.015997866140647455,2.244200462327728
2009-07-01 00:00:00-04:00,19.986499786376953,12.317756652832031,-1.434630498884711,2.3150704143840706,0.375,False,False,0.0,False,False,0.0,0.0,-0.0036490416830968907,-0.0,2.244200462327728
2009-07-02 00:00:00-04:00,19.50969886779785,11.965402603149414,-1.438143482120145,2.3017331031351063,0.338,False,False,0.0,False,False,0.0,0.0,-0.0003632396390802409,-0.0,2.244200462327728
2009-07-06 00:00:00-04:00,20.158353805541992,11.987422943115234,-1.4429985412056336,2.8605199858117665,1.411,False,False,0.0,False,False,0.0,0.0,0.014918413167592069,0.0,2.244200462327728
2009-07-07 00:00:00-04:00,19.465347290039062,11.605707168579102,-1.4483901896243028,2.6557548834166482,0.994,False,False,0.0,False,False,0.0,0.0,-0.00564480889857864,-0.0,2.244200462327728
2009-07-08 00:00:00-04:00,19.592859268188477,11.613045692443848,-1.4542579687249269,2.704495028785324,1.044,False,False,0.0,False,False,0.0,0.0,0.0013360337368765358,0.0,2.244200462327728
2009-07-09 00:00:00-04:00,19.332292556762695,11.495593070983887,-1.4601658839793497,2.546819738402622,0.693,False,False,0.0,False,False,0.0,0.0,-0.004365588201403674,-0.0,2.244200462327728
2009-07-10 00:00:00-04:00,19.21031951904297,11.356120109558105,-1.466124983835757,2.560828106980175,0.697,False,False,0.0,False,False,0.0,0.0,0.0003906425665340502,0.0,2.244200462327728
2009-07-13 00:00:00-04:00,20.01975440979004,11.752523422241211,-1.4724486145962896,2.714767578700524,0.951,False,False,0.0,False,False,0.0,0.0,0.004124327901615795,0.0,2.244200462327728
2009-07-14 00:00:00-04:00,20.507640838623047,11.715811729431152,-1.479875199096601,3.169701622952825,1.755,False,False,0.0,True,False,-1.0,-1.0,0.01202079723972133,0.0,2.244200462327728
2009-07-15 00:00:00-04:00,21.050960540771484,11.840609550476074,-1.4885796109711849,3.4252705824621152,2.032,False,False,0.0,False,False,-1.0,-1.0,0.006607835896114211,-0.006607835896114211,2.2375926264316135
2009-07-16 00:00:00-04:00,21.095306396484375,12.082852363586426,-1.4974280433551015,3.0021044235305894,1.204,False,False,0.0,False,False,-1.0,-1.0,-0.01079822061463149,0.01079822061463149,2.2483908470462453
2009-07-17 00:00:00-04:00,20.607433319091797,12.119555473327637,-1.5051703618208596,2.365437622195259,0.125,False,False,0.0,False,False,-1.0,-1.0,-0.016388060711865614,0.016388060711865614,2.264778907758111
2009-07-20 00:00:00-04:00,21.161840438842773,12.141576766967773,-1.5129277252444822,2.792512319912966,0.945,False,True,0.0,False,False,-1.0,-1.0,0.010803492871544165,-0.010803492871544165,2.2539754148865665
2009-07-21 00:00:00-04:00,21.172927856445312,12.317756652832031,-1.5200547572513377,2.4492632576436684,0.311,False,False,0.0,False,False,-1.0,-1.0,-0.008603468144662448,0.008603468144662448,2.262578883031229
2009-07-22 00:00:00-04:00,21.37806510925293,12.273710250854492,-1.5270737393632374,2.635204500619661,0.634,False,False,0.0,False,False,-1.0,-1.0,0.0046345202571709074,-0.0046345202571709074,2.257944362774058
2009-07-23 00:00:00-04:00,21.788326263427734,12.589360237121582,-1.5337413364787094,2.4795040679329574,0.36,False,False,0.0,False,False,-1.0,-1.0,-0.003788594550357422,0.003788594550357422,2.2617329573244156
2009-07-24 00:00:00-04:00,22.165325164794922,12.66276741027832,-1.5404956681345465,2.658386822665861,0.673,False,False,0.0,False,False,-1.0,-1.0,0.004292609512396214,-0.004292609512396214,2.2574403478120195
2009-07-27 00:00:00-04:00,21.682992935180664,12.905013084411621,-1.5455420647940497,1.7377523665048997,-1.024,False,False,0.0,False,True,0.0,0.0,-0.02211562631106299,0.02211562631106299,2.2795559741230824
2009-07-28 00:00:00-04:00,22.065526962280273,12.99310302734375,-1.5497401853428823,1.9295930685054046,-0.633,False,False,0.0,False,False,0.0,0.0,0.004545830834028561,0.0,2.2795559741230824
2009-07-29 00:00:00-04:00,21.682992935180664,12.809589385986328,-1.5530487897939758,1.7890756415168418,-0.859,False,False,0.0,False,False,0.0,0.0,-0.0033796986407873346,-0.0,2.2795559741230824
2009-07-30 00:00:00-04:00,22.043354034423828,12.802247047424316,-1.5563665154686388,2.118365407055375,-0.272,False,False,0.0,False,False,0.0,0.0,0.007846146515533399,0.0,2.2795559741230824
2009-07-31 00:00:00-04:00,22.481342315673828,12.67745590209961,-1.560791324183348,2.6944791309597775,0.782,False,True,0.0,False,False,0.0,0.0,0.0136299546452029,0.0,2.2795559741230824
2009-08-03 00:00:00-04:00,22.924869537353516,12.772881507873535,-1.5664210091803006,2.917159595649853,1.125,False,False,0.0,False,False,0.0,0.0,0.005186747858900498,0.0,2.2795559741230824
2009-08-04 00:00:00-04:00,23.446008682250977,12.846288681030273,-1.5735002195243573,3.2323706225765747,1.571,False,False,0.0,True,False,-1.0,-1.0,0.0072197337919372535,0.0,2.2795559741230824
2009-08-05 00:00:00-04:00,24.488304138183594,12.794905662536621,-1.5834902900486068,4.22769525946892,2.889,False,False,0.0,False,False,-1.0,-1.0,0.022242431598651045,-0.022242431598651045,2.2573135425244315
2009-08-06 00:00:00-04:00,24.38850975036621,12.582024574279785,-1.5956336838317067,4.312207528847097,2.669,False,False,0.0,False,False,-1.0,-1.0,0.0019006550490219794,-0.0019006550490219794,2.2554128874754094
2009-08-07 00:00:00-04:00,25.4973201751709,13.095878601074219,-1.6095696913053414,4.418590897867642,2.481,False,False,0.0,False,False,-1.0,-1.0,0.0022840788403296784,-0.0022840788403296784,2.2531288086350796
2009-08-10 00:00:00-04:00,24.85975456237793,13.418868064880371,-1.622240865762468,3.091118415254062,0.644,False,False,0.0,False,False,-1.0,-1.0,-0.028469189316093445,0.028469189316093445,2.281597997951173
2009-08-11 00:00:00-04:00,24.599184036254883,14.06485652923584,-1.6312847732195015,1.6553977425955715,-1.375,False,False,0.0,False,True,0.0,0.0,-0.030198379754054414,0.030198379754054414,2.3117963777052273
2009-08-12 00:00:00-04:00,24.748876571655273,14.417211532592773,-1.6367567444095519,1.151408360104881,-1.977,True,False,1.0,False,False,0.0,1.0,-0.010424560217544388,-0.0,2.3117963777052273
2009-08-13 00:00:00-04:00,24.85975456237793,14.556683540344238,-1.6393870429139668,0.9957161785385757,-2.018,False,False,1.0,False,False,0.0,1.0,-0.0031954035626529063,-0.0031954035626529063,2.308600974142575
2009-08-14 00:00:00-04:00,24.116838455200195,14.901694297790527,-1.6374979327223742,-0.28465515149258636,-3.076,False,False,1.0,False,False,0.0,1.0,-0.026389434170940616,-0.026389434170940616,2.282211539971634
2009-08-17 00:00:00-04:00,23.440465927124023,14.73285961151123,-1.6318700191096511,-0.6016459686526154,-2.897,False,False,1.0,False,False,0.0,1.0,-0.006675939506535082,-0.006675939506535082,2.275535600465099
2009-08-18 00:00:00-04:00,23.06901741027832,14.894357681274414,-1.6227063368248356,-1.1001511820613352,-2.832,False,False,1.0,False,False,0.0,1.0,-0.010553013474757312,-0.010553013474757312,2.2649825869903415
2009-08-19 00:00:00-04:00,22.603309631347656,14.850308418273926,-1.6107421997263882,-1.3167088169181866,-2.596,False,False,1.0,False,False,0.0,1.0,-0.004654818212623677,-0.004654818212623677,2.260327768777718
2009-08-20 00:00:00-04:00,23.512537002563477,14.835627555847168,-1.599072492224238,-0.21070692687563763,-1.66,False,False,1.0,False,False,0.0,1.0,0.02341449359405477,0.02341449359405477,2.283742262371773
2009-08-21 00:00:00-04:00,24.211097717285156,15.004470825195312,-1.588744270996163,0.3728306544270339,-1.18,False,False,1.0,False,False,0.0,1.0,0.012144543095891714,0.012144543095891714,2.2958868054676644
2009-08-24 00:00:00-04:00,24.01705551147461,15.026485443115234,-1.579183895654011,0.287471691427605,-1.168,False,False,1.0,False,False,0.0,1.0,-0.0017877480843573467,-0.0017877480843573467,2.294099057383307
2009-08-25 00:00:00-04:00,23.85072135925293,15.129255294799805,-1.569793544511024,0.10091406421696547,-1.216,False,False,1.0,False,False,0.0,1.0,-0.0039192343548442995,-0.0039192343548442995,2.2901798230284633
2009-08-26 00:00:00-04:00,23.872909545898438,14.835627555847168,-1.561727918703275,0.7036958004482834,-0.779,False,False,1.0,False,False,0.0,1.0,0.012813659207048892,0.012813659207048892,2.302993482235512
2009-08-27 00:00:00-04:00,24.211097717285156,15.1072359085083,-1.554578306163132,0.7257165078294783,-0.725,False,False,1.0,False,False,0.0,1.0,0.0004616841300804924,0.0004616841300804924,2.3034551663655924
2009-08-28 00:00:00-04:00,24.46058464050293,15.121916770935059,-1.548663152449968,1.0418293429405985,-0.489,False,False,1.0,False,False,0.0,1.0,0.006602280556081825,0.006602280556081825,2.3100574469216744
2009-08-31 00:00:00-04:00,24.161203384399414,15.283405303955078,-1.5427028103004385,0.5834510710272873,-0.74,False,False,1.0,False,False,0.0,1.0,-0.0096017657951137,-0.0096017657951137,2.300455681126561
2009-09-01 00:00:00-04:00,23.046829223632812,15.23936939239502,-1.534958940353138,-0.34497707056789295,-1.266,False,False,1.0,False,False,0.0,1.0,-0.019992580127351983,-0.019992580127351983,2.2804631009992087
2009-09-02 00:00:00-04:00,22.647661209106445,15.378840446472168,-1.525142987092025,-0.8072694474377684,-1.462,False,False,1.0,False,False,0.0,1.0,-0.010027470434136534,-0.010027470434136534,2.270435630565072
2009-09-03 00:00:00-04:00,23.579071044921875,15.613747596740723,-1.5153166758744647,-0.08070106131419053,-0.946,False,False,1.0,False,False,0.0,1.0,0.01538074045968181,0.01538074045968181,2.2858163710247537
2009-09-04 00:00:00-04:00,23.54026222229004,15.760557174682617,-1.505297792056462,-0.1840696943393354,-0.953,False,False,1.0,False,False,0.0,1.0,-0.0021870204305854245,-0.0021870204305854245,2.2836293505941683
2009-09-08 00:00:00-04:00,24.499399185180664,15.782580375671387,-1.4971773135023665,0.8700778981978061,-0.264,False,False,1.0,False,False,0.0,1.0,0.02190267229619858,0.02190267229619858,2.3055320228903673
2009-09-09 00:00:00-04:00,24.56037712097168,16.010141372680664,-1.4900093980225595,0.7051160120076894,-0.336,False,False,1.0,False,False,0.0,1.0,-0.003407202553164318,-0.003407202553164318,2.3021248203372027
2009-09-10 00:00:00-04:00,24.7266902923584,15.891938209533691,-1.4843219964392704,1.1379368418938256,-0.035,False,False,1.0,False,False,0.0,1.0,0.00895822942639184,0.00895822942639184,2.3110830497635946
2009-09-11 00:00:00-04:00,24.480770111083984,15.921486854553223,-1.4792278615787013,0.9292631580698156,-0.138,False,False,1.0,False,False,0.0,1.0,-0.0043444470380935496,-0.0043444470380935496,2.306738602725501
2009-09-14 00:00:00-04:00,25.1738338470459,15.803277015686035,-1.47626181223864,1.844059480559988,0.457,False,True,0.0,False,False,0.0,0.0,0.01886037670564388,0.01886037670564388,2.325598979431145
2009-09-15 00:00:00-04:00,25.60980224609375,15.714616775512695,-1.47577856575143,2.4185076397942638,0.817,False,False,0.0,False,False,0.0,0.0,0.011771214097334465,0.0,2.325598979431145
2009-09-16 00:00:00-04:00,26.12400245666504,15.640738487243652,-1.4780264653126427,3.0065770354848915,1.154,False,False,0.0,False,False,0.0,0.0,0.011942573987689201,0.0,2.325598979431145
2009-09-17 00:00:00-04:00,25.33592987060547,15.596412658691406,-1.480643817295169,2.243197895529928,0.664,False,False,0.0,False,False,0.0,0.0,-0.015762961660751397,-0.0,2.325598979431145
2009-09-18 00:00:00-04:00,25.039695739746094,14.946250915527344,-1.4846081528041821,2.850369776697228,1.044,False,False,0.0,False,False,0.0,0.0,0.0128559063744352,0.0,2.325598979431145
2009-09-21 00:00:00-04:00,24.933504104614258,15.138347625732422,-1.48863310019161,2.398058746741903,0.774,False,False,0.0,False,False,0.0,0.0,-0.00952856625387874,-0.0,2.325598979431145
2009-09-22 00:00:00-04:00,25.520366668701172,15.182668685913086,-1.493524258177771,2.844682682413957,1.077,False,False,0.0,False,False,0.0,0.0,0.009266816048252864,0.0,2.325598979431145
2009-09-23 00:00:00-04:00,25.43094253540039,15.1900634765625,-1.4986597706377827,2.666205489641875,1.04,False,False,0.0,False,False,0.0,0.0,-0.0037031782583651705,-0.0,2.325598979431145
2009-09-24 00:00:00-04:00,24.7825870513916,15.1900634765625,-1.50265224592614,1.9572040525743297,0.652,False,False,0.0,False,False,0.0,0.0,-0.014892494603735679,-0.0,2.325598979431145
2009-09-25 00:00:00-04:00,24.301912307739258,14.938860893249512,-1.505610491885036,1.8098066100517336,0.661,False,False,0.0,False,False,0.0,0.0,-0.003149920626724172,-0.0,2.325598979431145
2009-09-28 00:00:00-04:00,25.26885223388672,14.990586280822754,-1.5094166247575866,2.641812086749855,1.36,False,False,0.0,False,False,0.0,0.0,0.01737112381327638,0.0,2.325598979431145
2009-09-29 00:00:00-04:00,25.43094253540039,15.17528247833252,-1.513465812404518,2.463671310862818,1.175,False,False,0.0,False,False,0.0,0.0,-0.0036807303833699505,-0.0,2.325598979431145
2009-09-30 00:00:00-04:00,25.548309326171875,14.850214004516602,-1.5186382606013913,2.9962061607943618,1.502,False,False,0.0,True,False,-1.0,-1.0,0.011071315657118393,0.0,2.325598979431145
2009-10-01 00:00:00-04:00,24.832897186279297,14.761545181274414,-1.5233620430844872,2.3457195598491403,0.956,False,False,0.0,False,False,-1.0,-1.0,-0.013746525201403754,0.013746525201403754,2.339345504632549
2009-10-02 00:00:00-04:00,24.34103775024414,14.650726318359375,-1.5270982064587921,1.9679398661589147,0.625,False,False,0.0,False,False,-1.0,-1.0,-0.00808705306349717,0.00808705306349717,2.3474325576960458
2009-10-05 00:00:00-04:00,24.620500564575195,14.8797607421875,-1.5299836410539984,1.8547100462308173,0.495,False,False,0.0,False,False,-1.0,-1.0,-0.0023895058537069433,0.0023895058537069433,2.3498220635497526
2009-10-06 00:00:00-04:00,25.25768280029297,14.98319149017334,-1.5330976524915647,2.286987099876633,0.793,False,False,0.0,False,False,-1.0,-1.0,0.008963126422329505,-0.008963126422329505,2.340858937127423
2009-10-07 00:00:00-04:00,25.20736312866211,14.98319149017334,-1.5361857660218627,2.1903976318779215,0.676,False,False,0.0,False,False,-1.0,-1.0,-0.0020029199110041048,0.0020029199110041048,2.342861857038427
2009-10-08 00:00:00-04:00,25.60420799255371,15.094013214111328,-1.53958219392211,2.365734013282875,0.783,False,False,0.0,False,False,-1.0,-1.0,0.003589818870022296,-0.003589818870022296,2.3392720381684047
2009-10-09 00:00:00-04:00,25.55949592590332,15.138347625732422,-1.5428837318366972,2.2027856472720764,0.593,False,False,0.0,False,False,-1.0,-1.0,-0.0033311734219423836,0.0033311734219423836,2.3426032115903475
2009-10-12 00:00:00-04:00,25.805421829223633,15.308266639709473,-1.5460073727231805,2.1387287406204827,0.492,False,False,0.0,False,False,-1.0,-1.0,-0.0012948083330981959,0.0012948083330981959,2.3438980199234454
2009-10-13 00:00:00-04:00,25.212961196899414,15.26394271850586,-1.5479833446787765,1.5846320945214565,-0.071,False,False,0.0,False,False,-1.0,-1.0,-0.011344840455765443,0.011344840455765443,2.355242860379211
2009-10-14 00:00:00-04:00,25.861312866210938,15.677677154541016,-1.5491797898394013,1.5737722667691045,-0.107,False,False,0.0,False,False,-1.0,-1.0,-0.00021655186513466163,0.00021655186513466163,2.3554594122443455
2009-10-15 00:00:00-04:00,25.660104751586914,15.906716346740723,-1.5488286239752316,1.023327160300159,-0.661,False,False,0.0,False,True,0.0,0.0,-0.0109439209912965,0.0109439209912965,2.366403333235642
2009-10-16 00:00:00-04:00,25.218547821044922,15.906716346740723,-1.5466861180116445,0.6158504643921461,-1.04,False,False,0.0,False,False,0.0,0.0,-0.008178773823389272,-0.0,2.366403333235642
2009-10-19 00:00:00-04:00,25.593036651611328,15.987981796264648,-1.5439049059001577,0.9091131209159222,-0.77,False,False,0.0,False,False,0.0,0.0,0.0058329432698474865,0.0,2.366403333235642
2009-10-20 00:00:00-04:00,25.129112243652344,16.120967864990234,-1.5395810626078774,0.30957540780323356,-1.429,False,False,0.0,False,False,0.0,0.0,-0.012003081648082739,-0.0,2.366403333235642
2009-10-21 00:00:00-04:00,25.050874710083008,15.877161026000977,-1.534949603296889,0.6802326917419812,-1.201,False,False,0.0,False,False,0.0,0.0,0.007499917211678162,0.0,2.366403333235642
2009-10-22 00:00:00-04:00,25.928377151489258,15.744168281555176,-1.5322156467003942,1.804916166206361,-0.003,False,False,0.0,False,False,0.0,0.0,0.022470373043864213,0.0,2.366403333235642
2009-10-23 00:00:00-04:00,25.453304290771484,15.77372932434082,-1.5298293008323935,1.322190986995743,-0.697,False,False,0.0,False,True,0.0,0.0,-0.009735420977571454,-0.0,2.366403333235642
2009-10-26 00:00:00-04:00,25.576255798339844,15.803277015686035,-1.5278728711216831,1.430857571252318,-0.588,False,False,0.0,False,False,0.0,0.0,0.0021854981775345523,0.0,2.366403333235642
2009-10-27 00:00:00-04:00,25.386232376098633,15.714616775512695,-1.5261503207704123,1.4033649433658297,-0.675,False,False,0.0,False,False,0.0,0.0,-0.0005568792623917798,-0.0,2.366403333235642
2009-10-28 00:00:00-04:00,24.911134719848633,15.500362396240234,-1.5243626265322863,1.2829615853135863,-0.853,False,False,0.0,False,False,0.0,0.0,-0.002480533064324888,-0.0,2.366403333235642
2009-10-29 00:00:00-04:00,25.593036651611328,15.589021682739258,-1.5235600089948458,1.8422266364362585,-0.112,False,False,0.0,False,False,0.0,0.0,0.011334038363472713,0.0,2.366403333235642
2009-10-30 00:00:00-04:00,25.224136352539062,15.374767303466797,-1.5233328885288167,1.8032476656905807,-0.166,False,False,0.0,False,False,0.0,0.0,-0.0008012940832925215,-0.0,2.366403333235642
2009-11-02 00:00:00-05:00,24.899967193603516,15.38953685760498,-1.522859985687029,1.4638573149011904,-0.615,False,False,0.0,False,True,0.0,0.0,-0.00702147073875476,-0.0,2.366403333235642
2009-11-03 00:00:00-05:00,25.34710693359375,16.091415405273438,-1.521125443836532,0.8700455332891828,-1.396,False,False,0.0,False,False,0.0,0.0,-0.011918147386476344,-0.0,2.366403333235642
2009-11-04 00:00:00-05:00,25.050874710083008,15.98059368133545,-1.5184047850707285,0.7858647960722145,-1.418,False,False,0.0,False,False,0.0,0.0,-0.0017069700332586328,-0.0,2.366403333235642
2009-11-05 00:00:00-05:00,25.296789169311523,16.342607498168945,-1.5145791231283383,0.5446170351041957,-1.652,True,False,1.0,False,False,0.0,1.0,-0.004820235119466048,-0.0,2.366403333235642
2009-11-06 00:00:00-05:00,25.03410530090332,16.66029930114746,-1.5088133350100452,-0.10317644992650443,-2.284,False,False,1.0,False,False,0.0,1.0,-0.012911612038206993,-0.012911612038206993,2.353491721197435
2009-11-09 00:00:00-05:00,26.230194091796875,17.007545471191406,-1.503198105535441,0.6644839596940812,-1.216,False,False,1.0,False,False,0.0,1.0,0.014820870899409297,0.014820870899409297,2.3683125920968444
2009-11-10 00:00:00-05:00,25.906023025512695,16.84501075744629,-1.4977319098487483,0.6767128923399568,-1.137,False,False,1.0,False,False,0.0,1.0,0.00023914839095554887,0.00023914839095554887,2.3685517404878
2009-11-11 00:00:00-05:00,26.55437469482422,16.46821403503418,-1.4947383013035298,1.9387044225942809,0.564,False,True,0.0,False,False,0.0,0.0,0.024662701216441332,0.024662701216441332,2.3932144417042416
2009-11-12 00:00:00-05:00,26.079280853271484,16.342607498168945,-1.4928706771490032,1.681881331099632,0.223,False,False,0.0,False,False,0.0,0.0,-0.005087955261408042,-0.0,2.3932144417042416
2009-11-13 00:00:00-05:00,26.727630615234375,16.50514793395996,-1.4924918108423681,2.093832487057302,0.822,False,False,0.0,False,False,0.0,0.0,0.008020632720629183,0.0,2.3932144417042416
2009-11-16 00:00:00-05:00,27.269794464111328,16.941049575805664,-1.4928687492052861,1.9790309736535825,0.698,False,False,0.0,False,False,0.0,0.0,-0.002184176079389199,-0.0,2.3932144417042416
2009-11-17 00:00:00-05:00,26.509653091430664,16.904104232788086,-1.4924436315694343,1.2812303818201691,-0.236,False,False,0.0,False,True,0.0,0.0,-0.013487177113366304,-0.0,2.3932144417042416
2009-11-18 00:00:00-05:00,26.934444427490234,16.615978240966797,-1.493061543564079,2.125766307205197,1.077,False,True,0.0,False,False,0.0,0.0,0.016321703905775187,0.0,2.3932144417042416
2009-11-19 00:00:00-05:00,26.755582809448242,16.394330978393555,-1.4945830100807083,2.2528942675014,1.244,False,False,0.0,False,False,0.0,0.0,0.002480145290595002,0.0,2.3932144417042416
2009-11-20 00:00:00-05:00,26.43140983581543,16.44605255126953,-1.4959100417201554,1.8295946777139562,0.599,False,False,0.0,False,False,0.0,0.0,-0.008294588277301711,-0.0,2.3932144417042416
2009-11-23 00:00:00-05:00,26.364336013793945,16.815454483032227,-1.4959733526388794,1.2088641946657503,-0.308,False,False,0.0,False,True,0.0,0.0,-0.012048385061163742,-0.0,2.3932144417042416
2009-11-24 00:00:00-05:00,26.241378784179688,16.76374053955078,-1.495158309561485,1.1769328171376046,-0.318,False,False,0.0,False,False,0.0,0.0,-0.0006223733403171809,-0.0,2.3932144417042416
2009-11-25 00:00:00-05:00,26.30284881591797,16.726797103881836,-1.4940258611616433,1.3125813683148273,-0.053,False,False,0.0,False,False,0.0,0.0,0.0026445761353301503,0.0,2.3932144417042416
2009-11-27 00:00:00-05:00,26.00103759765625,16.224407196044922,-1.4935299264115354,1.7693999120764943,0.748,False,True,0.0,False,False,0.0,0.0,0.00909405165434459,0.0,2.3932144417042416
2009-11-30 00:00:00-05:00,27.197134017944336,16.239177703857422,-1.495523261591141,2.9110660127133485,2.47,False,False,0.0,True,False,-1.0,-1.0,0.022175506879368725,0.0,2.3932144417042416
2009-12-01 00:00:00-05:00,27.230682373046875,16.372163772583008,-1.498727648218148,2.6932678659211824,1.95,False,False,0.0,False,False,-1.0,-1.0,-0.004207188595252067,0.004207188595252067,2.3974216302994935
2009-12-02 00:00:00-05:00,27.258609771728516,16.74896240234375,-1.5016560845899258,2.107428469681121,1.035,False,False,0.0,False,False,-1.0,-1.0,-0.011178052501972202,0.011178052501972202,2.4085996828014657
2009-12-03 00:00:00-05:00,26.833833694458008,16.638141632080078,-1.5038591318693248,1.8124124637191912,0.568,False,False,0.0,False,False,-1.0,-1.0,-0.005689221013135541,0.005689221013135541,2.4142889038146014
2009-12-04 00:00:00-05:00,27.88460350036621,16.963211059570312,-1.5065437089168527,2.3287845955417765,1.249,False,False,0.0,False,False,-1.0,-1.0,0.0096625757915497,-0.0096625757915497,2.4046263280230518
2009-12-07 00:00:00-05:00,27.018280029296875,16.941049575805664,-1.50796321570374,1.471800433568486,-0.031,False,False,0.0,False,False,-1.0,-1.0,-0.01630339733476673,0.01630339733476673,2.4209297253578184
2009-12-08 00:00:00-05:00,26.967971801757812,16.785900115966797,-1.5088721154395646,1.64019518422176,0.168,False,False,0.0,False,False,-1.0,-1.0,0.003220046671923081,-0.003220046671923081,2.4177096786858954
2009-12-09 00:00:00-05:00,26.822660446166992,16.822845458984375,-1.5090780249525346,1.435674046841136,-0.19,False,False,0.0,False,False,-1.0,-1.0,-0.003917305512252853,0.003917305512252853,2.4216269841981486
2009-12-10 00:00:00-05:00,26.90089225769043,16.955842971801758,-1.508621093825129,1.320949886843735,-0.351,False,False,0.0,False,True,0.0,0.0,-0.002186020112092848,0.002186020112092848,2.423813004310241
2009-12-11 00:00:00-05:00,27.194297790527344,16.866622924804688,-1.5085244628915484,1.7505845020920745,0.317,False,True,0.0,False,False,0.0,0.0,0.008162060200257983,0.0,2.423813004310241
2009-12-14 00:00:00-05:00,27.312774658203125,16.88149642944336,-1.5088256743857305,1.8415394234079479,0.443,False,False,0.0,False,False,0.0,0.0,0.0017231529302198457,0.0,2.423813004310241
2009-12-15 00:00:00-05:00,27.171722412109375,16.799728393554688,-1.5093340340467896,1.8153205849750869,0.381,False,False,0.0,False,False,0.0,0.0,-0.0004991390576492915,-0.0,2.423813004310241
2009-12-16 00:00:00-05:00,27.690784454345703,16.673355102539062,-1.5112111348968624,2.493824567299253,1.37,False,False,0.0,False,False,0.0,0.0,0.012829134438867355,0.0,2.423813004310241
2009-12-17 00:00:00-05:00,27.41996192932129,16.3983211517334,-1.5141353274797602,2.590684562123162,1.44,False,False,0.0,False,False,0.0,0.0,0.0018538067946639208,0.0,2.423813004310241
2009-12-18 00:00:00-05:00,27.21685791015625,16.747697830200195,-1.5163436397751624,1.8215928244558945,0.281,False,False,0.0,False,False,0.0,0.0,-0.014618146804831197,-0.0,2.423813004310241
2009-12-21 00:00:00-05:00,27.250707626342773,16.69566535949707,-1.5182362457111376,1.902743331290452,0.383,False,False,0.0,False,False,0.0,0.0,0.0015428242552555519,0.0,2.423813004310241
2009-12-22 00:00:00-05:00,27.589231491088867,16.896360397338867,-1.5199374914912889,1.907819853424872,0.352,False,False,0.0,False,False,0.0,0.0,9.52968058251196e-05,0.0,2.423813004310241
2009-12-23 00:00:00-05:00,27.69643211364746,16.978134155273438,-1.5214373745248047,1.8652642601183302,0.245,False,False,0.0,False,False,0.0,0.0,-0.0007950215091399038,-0.0,2.423813004310241
2009-12-24 00:00:00-05:00,27.84310531616211,17.074769973754883,-1.5227652966033303,1.842238152643617,0.157,False,False,0.0,False,False,0.0,0.0,-0.00042764503461186545,-0.0,2.423813004310241
2009-12-28 00:00:00-05:00,28.11393165588379,17.052467346191406,-1.5244841599342815,2.117715298818414,0.603,False,True,0.0,False,False,0.0,0.0,0.0050910440331612536,0.0,2.423813004310241
2009-12-29 00:00:00-05:00,27.781042098999023,16.91866111755371,-1.5261635358012104,1.9603984268107943,0.235,False,False,0.0,False,False,0.0,0.0,-0.0029349239626374384,-0.0,2.423813004310241
2009-12-30 00:00:00-05:00,28.097009658813477,16.90380096435547,-1.5283664085992295,2.261808087245317,0.87,False,False,0.0,False,False,0.0,0.0,0.005588676109477401,0.0,2.423813004310241
2009-12-31 00:00:00-05:00,28.367816925048828,16.769987106323242,-1.5316652081544366,2.681811133095021,1.735,False,False,0.0,True,False,-1.0,-1.0,0.007770089602147453,0.0,2.423813004310241
2010-01-04 00:00:00-05:00,28.29447364807129,16.866622924804688,-1.5351590139461375,2.4015254302268083,1.035,False,False,0.0,False,False,-1.0,-1.0,-0.005172523312915061,0.005172523312915061,2.4289855276231562
2010-01-05 00:00:00-05:00,28.48065948486328,16.799728393554688,-1.5391772421590015,2.6228998670515047,1.451,False,False,0.0,False,False,-1.0,-1.0,0.0040739947992671395,-0.0040739947992671395,2.424911532823889
2010-01-06 00:00:00-05:00,28.097009658813477,16.688228607177734,-1.5430258600237714,2.34664135994975,0.817,False,False,0.0,False,False,-1.0,-1.0,-0.00513039849997687,0.00513039849997687,2.430041931323866
2010-01-07 00:00:00-05:00,28.345251083374023,16.75513458251953,-1.5469141974883864,2.426495516845911,0.937,False,False,0.0,False,False,-1.0,-1.0,0.0014715860812003836,-0.0014715860812003836,2.4285703452426652
2010-01-08 00:00:00-05:00,28.661195755004883,16.88149642944336,-1.5509277704681812,2.479214135521733,1.014,False,False,0.0,False,False,-1.0,-1.0,0.0009612612033004826,-0.0009612612033004826,2.427609084039365
2010-01-11 00:00:00-05:00,28.520153045654297,16.933536529541016,-1.5545082475259322,2.1968308507011365,0.406,False,False,0.0,False,False,-1.0,-1.0,-0.005148894806205008,0.005148894806205008,2.43275797884557
2010-01-12 00:00:00-05:00,28.187273025512695,16.769987106323242,-1.5575682131981585,2.0668741729606452,0.108,False,False,0.0,False,False,-1.0,-1.0,-0.002392970886917759,0.002392970886917759,2.4351509497324875
2010-01-13 00:00:00-05:00,28.32268524169922,16.933536529541016,-1.5600071676752676,1.9062468815242575,-0.301,False,False,0.0,False,True,0.0,0.0,-0.0029344147451949363,0.0029344147451949363,2.4380853644776828
2010-01-14 00:00:00-05:00,28.491939544677734,17.074769973754883,-1.5618969549410713,1.8229083163507482,-0.568,False,False,0.0,False,False,0.0,0.0,-0.0015108248460031523,-0.0,2.4380853644776828
2010-01-15 00:00:00-05:00,28.209840774536133,16.651060104370117,-1.564050903274911,2.1667351778112156,0.218,False,True,0.0,False,False,0.0,0.0,0.006337478136350579,0.0,2.4380853644776828
2010-01-19 00:00:00-05:00,28.802244186401367,16.87407112121582,-1.5667394387948197,2.3649714677638194,0.683,False,False,0.0,False,False,0.0,0.0,0.0035886680597404137,0.0,2.4380853644776828
2010-01-20 00:00:00-05:00,28.463729858398438,16.77743148803711,-1.5693485442711146,2.13409217603904,0.159,False,False,0.0,False,False,0.0,0.0,-0.004213635738906549,-0.0,2.4380853644776828
2010-01-21 00:00:00-05:00,28.475013732910156,16.524688720703125,-1.5725444575680165,2.48920607213174,1.186,False,True,0.0,False,False,0.0,0.0,0.006520538747031342,0.0,2.4380853644776828
2010-01-22 00:00:00-05:00,27.702064514160156,16.457786560058594,-1.5748404913969964,1.783675840610595,-0.778,False,False,0.0,False,True,0.0,0.0,-0.013157856556178057,-0.0,2.4380853644776828
2010-01-25 00:00:00-05:00,27.527164459228516,16.405752182006836,-1.5763489698505844,1.6659739074980635,-1.084,False,False,0.0,False,False,0.0,0.0,-0.0022046368180546295,-0.0,2.4380853644776828
2010-01-26 00:00:00-05:00,27.36354637145996,16.301677703857422,-1.577324815856377,1.6505055890730453,-1.062,False,False,0.0,False,False,0.0,0.0,-0.00029143393074957833,-0.0,2.4380853644776828
2010-01-27 00:00:00-05:00,27.436899185180664,16.413185119628906,-1.5777623065333597,1.5407943732759435,-1.381,False,False,0.0,False,False,0.0,0.0,-0.002057097998888221,-0.0,2.4380853644776828
2010-01-28 00:00:00-05:00,27.070158004760742,16.353715896606445,-1.5773719345504884,1.27426552384156,-1.995,True,False,1.0,False,False,0.0,1.0,-0.0050415880699576626,-0.0,2.4380853644776828
2010-01-29 00:00:00-05:00,27.081457138061523,16.145578384399414,-1.5770714602736144,1.618726258414636,-1.12,False,False,1.0,False,False,0.0,1.0,0.006555639121437864,0.006555639121437864,2.4446410035991204
2010-02-01 00:00:00-05:00,27.250707626342773,16.249650955200195,-1.5768441278920573,1.6275409373397842,-1.166,False,False,1.0,False,False,0.0,1.0,0.00016671142486318402,0.00016671142486318402,2.4448077150239835
2010-02-02 00:00:00-05:00,27.96723747253418,16.346288681030273,-1.577659474713315,2.1783602585077517,0.35,False,True,0.0,False,False,0.0,0.0,0.010246635650282145,0.010246635650282145,2.4550543506742657
2010-02-03 00:00:00-05:00,27.814908981323242,16.331417083740234,-1.5788793995091694,2.02957098301367,-0.088,False,False,0.0,False,False,0.0,0.0,-0.002775906528016914,-0.0,2.4550543506742657
2010-02-04 00:00:00-05:00,27.019378662109375,16.383451461791992,-1.5787746465291186,1.1536008715917525,-2.324,True,False,1.0,False,True,0.0,1.0,-0.016563629006308915,-0.0,2.4550543506742657
2010-02-05 00:00:00-05:00,27.561019897460938,15.982037544250488,-1.5799077781494395,2.310874470623226,0.731,False,True,0.0,False,False,0.0,0.0,0.02191342667644197,0.02191342667644197,2.4769677773507075
2010-02-08 00:00:00-05:00,26.528535842895508,15.900275230407715,-1.5801990434458686,1.4029361332791979,-1.579,True,False,1.0,False,True,0.0,1.0,-0.017577263226504176,-0.0,2.4769677773507075
2010-02-09 00:00:00-05:00,26.3818416595459,15.647534370422363,-1.580397580975331,1.6525161923020448,-0.898,False,False,1.0,False,False,0.0,1.0,0.004883082759658415,0.004883082759658415,2.481850860110366
2010-02-10 00:00:00-05:00,26.34235382080078,15.64010238647461,-1.5804843252798708,1.6234171532053594,-0.941,False,False,1.0,False,False,0.0,1.0,-0.0005698845214908592,-0.0005698845214908592,2.4812809755888754
2010-02-11 00:00:00-05:00,26.630083084106445,15.558324813842773,-1.581227721049156,2.0288285953713014,0.098,False,False,1.0,False,False,0.0,1.0,0.007913348769969575,0.007913348769969575,2.489194324358845
2010-02-12 00:00:00-05:00,26.889623641967773,15.922572135925293,-1.5818139766171353,1.7030764936665932,-0.727,False,False,1.0,False,True,0.0,1.0,-0.006255300586839209,-0.006255300586839209,2.4829390237720057
2010-02-16 00:00:00-05:00,27.32405662536621,16.086116790771484,-1.5825938362401122,1.8662673432526837,-0.31,False,False,1.0,False,False,0.0,1.0,0.003091798833109107,0.003091798833109107,2.486030822605115
2010-02-17 00:00:00-05:00,27.561019897460938,16.227354049682617,-1.5834988065784195,1.8650241258630302,-0.294,False,False,1.0,False,False,0.0,1.0,-2.3343729911170686e-05,-2.3343729911170686e-05,2.486007478875204
2010-02-18 00:00:00-05:00,28.11957359313965,16.190176010131836,-1.5855484218154452,2.4492655713608364,1.146,False,True,0.0,False,False,0.0,0.0,0.01086154919767975,0.01086154919767975,2.496869028072884
2010-02-19 00:00:00-05:00,28.249340057373047,16.093549728393555,-1.5887618474771865,2.6805222584245314,1.636,False,False,0.0,True,False,-1.0,-1.0,0.004297001166057772,0.0,2.496869028072884
2010-02-22 00:00:00-05:00,28.64990997314453,16.05636978149414,-1.5934312759490779,3.0651881851081058,2.405,False,False,0.0,False,False,-1.0,-1.0,0.007092625398056142,-0.007092625398056142,2.4897764026748277
2010-02-23 00:00:00-05:00,28.5709228515625,15.915140151977539,-1.5991406946438504,3.120374573574903,2.297,False,False,0.0,False,False,-1.0,-1.0,0.0010215639691568865,-0.0010215639691568865,2.4887548387056704
2010-02-24 00:00:00-05:00,28.84173583984375,15.669831275939941,-1.606507531647008,3.668033875408387,2.964,False,False,0.0,False,False,-1.0,-1.0,0.010138940349199543,-0.010138940349199543,2.478615898356471
2010-02-25 00:00:00-05:00,28.909442901611328,15.617802619934082,-1.6149872190545067,3.686891280701797,2.608,False,False,0.0,False,False,-1.0,-1.0,0.0003483596985432471,-0.0003483596985432471,2.478267538657928
2010-02-26 00:00:00-05:00,29.10127830505371,15.64010238647461,-1.6242210992503539,3.698294014505837,2.344,False,False,0.0,False,False,-1.0,-1.0,0.0002092081107241747,-0.0002092081107241747,2.4780583305472037
2010-03-01 00:00:00-05:00,29.575193405151367,15.915140151977539,-1.6337517410235711,3.5738054732239206,1.982,False,False,0.0,False,False,-1.0,-1.0,-0.0022399460039990264,0.0022399460039990264,2.4802982765512027
2010-03-02 00:00:00-05:00,29.800878524780273,15.922572135925293,-1.6435776547325818,3.6308947563058247,1.888,False,False,0.0,False,False,-1.0,-1.0,0.0010199821968578844,-0.0010199821968578844,2.4792782943543448
2010-03-03 00:00:00-05:00,29.716245651245117,15.81850814819336,-1.6534574747371331,3.56101511442456,1.661,False,False,0.0,False,False,-1.0,-1.0,-0.001250721238258447,0.001250721238258447,2.4805290155926034
2010-03-04 00:00:00-05:00,29.89678955078125,15.877974510192871,-1.6632470174003642,3.48779580434395,1.461,False,False,0.0,False,False,-1.0,-1.0,-0.0013003870258603961,0.0013003870258603961,2.4818294026184633
2010-03-05 00:00:00-05:00,30.624610900878906,16.130712509155273,-1.6732672526928434,3.6336178967065784,1.526,False,False,0.0,True,False,-1.0,-1.0,0.0025309479113147706,-0.0025309479113147706,2.479298454707149
2010-03-08 00:00:00-05:00,31.019546508789062,15.937442779541016,-1.6843996424621988,4.174523589168423,1.975,False,False,0.0,False,False,-1.0,-1.0,0.009347787390538792,-0.009347787390538792,2.46995066731661
2010-03-09 00:00:00-05:00,31.04775047302246,16.37601089477539,-1.69469411450392,3.2954211905945314,0.94,False,False,0.0,False,False,-1.0,-1.0,-0.014950700785272397,0.014950700785272397,2.4849013681018826
2010-03-10 00:00:00-05:00,30.692317962646484,16.561859130859375,-1.7029539202998558,2.4882350282955485,0.03,False,False,0.0,False,False,-1.0,-1.0,-0.013705186564976227,0.013705186564976227,2.4986065546668588
2010-03-11 00:00:00-05:00,31.494911193847656,16.46521759033203,-1.711386298803181,3.316563402940293,0.914,False,True,0.0,False,False,-1.0,-1.0,0.013881064797489292,-0.013881064797489292,2.4847254898693696
2010-03-12 00:00:00-05:00,31.608762741088867,16.502395629882812,-1.7197638198606093,3.2285397957905744,0.771,False,False,0.0,False,False,-1.0,-1.0,-0.0014673294796130085,0.0014673294796130085,2.4861928193489824
2010-03-15 00:00:00-04:00,31.580291748046875,16.509868621826172,-1.727778584256939,3.0548943143599914,0.54,False,False,0.0,False,False,-1.0,-1.0,-0.002889002418815193,0.002889002418815193,2.489081821767798
2010-03-16 00:00:00-04:00,31.842124938964844,16.51734733581543,-1.7357671477001477,3.17185606630386,0.626,False,False,0.0,False,False,-1.0,-1.0,0.0019328561403134867,-0.0019328561403134867,2.487148965627484
2010-03-17 00:00:00-04:00,31.853513717651367,16.674448013305664,-1.7430394630341055,2.7892928061489535,0.16,False,False,0.0,False,False,-1.0,-1.0,-0.006279998139849098,0.006279998139849098,2.4934289637673333
2010-03-18 00:00:00-04:00,31.836435317993164,16.59963607788086,-1.7498342499863686,2.789823571607844,0.113,False,False,0.0,False,False,-1.0,-1.0,8.71778737238917e-06,-8.71778737238917e-06,2.4934202459799613
2010-03-19 00:00:00-04:00,31.87627410888672,16.420103073120117,-1.7567461173543941,3.030321788623997,0.36,False,True,0.0,False,False,-1.0,-1.0,0.003960629100067105,-0.003960629100067105,2.489459616879894
2010-03-22 00:00:00-04:00,32.138118743896484,16.554750442504883,-1.7635807696123242,2.9424792177637578,0.211,False,False,0.0,False,False,-1.0,-1.0,-0.0014322059064683734,0.0014322059064683734,2.490891822786362
2010-03-23 00:00:00-04:00,31.517667770385742,16.26300621032715,-1.7699593511853535,2.732807850031726,-0.074,False,False,0.0,False,False,-1.0,-1.0,-0.0034769913594223916,0.0034769913594223916,2.4943688141457847
2010-03-24 00:00:00-04:00,31.608762741088867,16.165756225585938,-1.7763338900679713,2.892982099003273,0.098,False,False,0.0,False,False,-1.0,-1.0,0.0026552086429256303,-0.0026552086429256303,2.4917136055028593
2010-03-25 00:00:00-04:00,31.55750846862793,16.113399505615234,-1.7825982704161,2.8337903793945713,-0.045,False,False,0.0,False,False,-1.0,-1.0,-0.000981926264421415,0.000981926264421415,2.4926955317672803
2010-03-26 00:00:00-04:00,31.028146743774414,15.986220359802246,-1.7880775556394506,2.4435449189055944,-0.597,False,False,0.0,False,True,0.0,0.0,-0.006546342348895636,0.006546342348895636,2.4992418741161764
2010-03-29 00:00:00-04:00,31.278606414794922,16.248043060302734,-1.7925371781345372,2.1533851572714084,-1.09,False,False,0.0,False,False,0.0,0.0,-0.004803665145332486,-0.0,2.4992418741161764
2010-03-30 00:00:00-04:00,30.993986129760742,16.173236846923828,-1.7959548979653004,1.9475821985750201,-1.437,False,False,0.0,False,False,0.0,0.0,-0.003427741866558155,-0.0,2.4992418741161764
2010-03-31 00:00:00-04:00,30.851688385009766,15.993699073791504,-1.7989331546783123,2.080092855218414,-1.301,False,False,0.0,False,False,0.0,0.0,0.002222464915430443,0.0,2.4992418741161764
2010-04-01 00:00:00-04:00,30.971223831176758,15.948819160461426,-1.8019053382659562,2.232961446902948,-1.085,False,False,0.0,False,False,0.0,0.0,0.002560206114199948,0.0,2.4992418741161764
2010-04-05 00:00:00-04:00,31.705509185791016,15.918899536132812,-1.8061820245404676,2.953078993162343,-0.007,False,False,0.0,False,False,0.0,0.0,0.01191105012283034,0.0,2.4992418741161764
2010-04-06 00:00:00-04:00,32.029972076416016,15.911416053771973,-1.8117596199959218,3.202310973237097,0.365,False,True,0.0,False,False,0.0,0.0,0.004095328179116884,0.0,2.4992418741161764
2010-04-07 00:00:00-04:00,31.409513473510742,15.941337585449219,-1.8168145804874496,2.447058915794006,-1.053,False,False,0.0,False,True,0.0,0.0,-0.012509979085863751,-0.0,2.4992418741161764
2010-04-08 00:00:00-04:00,31.534761428833008,15.948819160461426,-1.8215952419447017,2.482468331499984,-0.991,False,False,0.0,False,False,0.0,0.0,0.0005844386392919172,0.0,2.4992418741161764
2010-04-09 00:00:00-04:00,32.200740814208984,16.345294952392578,-1.8259819279482745,2.3545276241559847,-1.192,False,False,0.0,False,False,0.0,0.0,-0.002061998197932664,-0.0,2.4992418741161764
2010-04-12 00:00:00-04:00,32.058441162109375,16.420103073120117,-1.8294922963339595,2.017989084826546,-1.674,True,False,1.0,False,False,0.0,1.0,-0.005419396735978491,-0.0,2.4992418741161764
2010-04-13 00:00:00-04:00,33.01471710205078,16.360260009765625,-1.8342349733248442,3.0061560194508132,0.062,False,False,1.0,False,False,0.0,1.0,0.015679395980149672,0.015679395980149672,2.514921270096326
2010-04-14 00:00:00-04:00,32.354427337646484,16.936269760131836,-1.8365712338078979,1.2497614881777679,-2.624,True,False,1.0,False,True,0.0,1.0,-0.027677586348329123,-0.027677586348329123,2.4872436837479968
2010-04-15 00:00:00-04:00,31.677064895629883,16.95122528076172,-1.8360422716075029,0.5538987246096063,-3.082,False,False,1.0,False,False,0.0,1.0,-0.011080576484338718,-0.011080576484338718,2.476163107263658
2010-04-16 00:00:00-04:00,31.267215728759766,16.88390350341797,-1.8332122151866173,0.3154375862618224,-2.884,False,False,1.0,False,False,0.0,1.0,-0.003832610003967646,-0.003832610003967646,2.4723304972596907
2010-04-19 00:00:00-04:00,31.147689819335938,16.861461639404297,-1.8288873740106206,0.3099755196649987,-2.526,False,False,1.0,False,False,0.0,1.0,-8.811859298903612e-05,-8.811859298903612e-05,2.472242378666701
2010-04-20 00:00:00-04:00,32.0242805480957,17.041000366210938,-1.824735366538879,0.9289644986686163,-1.711,False,False,1.0,False,False,0.0,1.0,0.009806605434292504,0.009806605434292504,2.482048984100994
2010-04-21 00:00:00-04:00,32.354427337646484,17.048480987548828,-1.8213900576985673,1.3024935680619976,-1.235,False,False,1.0,False,False,0.0,1.0,0.005891034635494692,0.005891034635494692,2.487940018736489
2010-04-22 00:00:00-04:00,33.25947952270508,17.482358932495117,-1.818852260574281,1.4616514581653597,-1.006,False,False,1.0,False,False,0.0,1.0,0.002446426020473168,0.002446426020473168,2.490386444756962
2010-04-23 00:00:00-04:00,33.77748489379883,17.43747329711914,-1.8179815067375211,2.076480915406883,-0.31,False,False,1.0,False,False,0.0,1.0,0.00938979301189472,0.00938979301189472,2.4997762377688564
2010-04-26 00:00:00-04:00,34.238548278808594,17.572118759155273,-1.8185653745332848,2.282501546222022,-0.026,False,False,1.0,False,False,0.0,1.0,0.003112348232958803,0.003112348232958803,2.502888586001815
2010-04-27 00:00:00-04:00,33.34486770629883,17.340219497680664,-1.8191881123598723,1.7997465304072868,-0.547,False,False,1.0,False,True,0.0,1.0,-0.0074395915938773064,-0.0074395915938773064,2.495448994407938
2010-04-28 00:00:00-04:00,33.16840362548828,17.609527587890625,-1.8186254844906697,1.1432679843088778,-1.248,False,False,1.0,False,False,0.0,1.0,-0.01006968717272963,-0.01006968717272963,2.485379307235208
2010-04-29 00:00:00-04:00,34.27269744873047,17.848909378051758,-1.8185407914475373,1.8137276618928553,-0.43,False,False,1.0,False,False,0.0,1.0,0.010047099156345092,0.010047099156345092,2.495426406391553
2010-04-30 00:00:00-04:00,33.413177490234375,17.81151008605957,-1.817341305135155,1.0435845040069012,-1.265,False,False,1.0,False,False,0.0,1.0,-0.011707368849135412,-0.011707368849135412,2.483719037542418
2010-05-03 00:00:00-04:00,34.101932525634766,17.953643798828125,-1.8162611285326011,1.4934271783028592,-0.687,False,False,1.0,False,False,0.0,1.0,0.006743212736102419,0.006743212736102419,2.49046225027852
2010-05-04 00:00:00-04:00,33.43593978881836,17.729215621948242,-1.814832512075472,1.2603828645103263,-0.913,False,False,1.0,False,False,0.0,1.0,-0.0035518822990957535,-0.0035518822990957535,2.4869103679794247
2010-05-05 00:00:00-04:00,33.151336669921875,17.504806518554688,-1.8134563193875897,1.4071346691918052,-0.689,False,False,1.0,False,False,0.0,1.0,0.0022613542885629085,0.0022613542885629085,2.4891717222679874
2010-05-06 00:00:00-04:00,32.172271728515625,17.377634048461914,-1.8108330715532106,0.7042772882116815,-1.449,False,False,1.0,False,False,0.0,1.0,-0.01104422440842159,-0.01104422440842159,2.4781274978595658
2010-05-07 00:00:00-04:00,31.637208938598633,16.95871353149414,-1.8079287671868471,0.9770628905295276,-1.06,False,False,1.0,False,False,0.0,1.0,0.004378767001845021,0.004378767001845021,2.482506264861411
2010-05-10 00:00:00-04:00,34.15315246582031,16.644515991210938,-1.810340558912713,4.020910083459913,2.421,False,True,0.0,True,False,-1.0,-1.0,0.047348969390619326,0.047348969390619326,2.5298552342520297
2010-05-11 00:00:00-04:00,34.1190071105957,16.464988708496094,-1.8164415225485244,4.211317952190797,2.382,False,False,0.0,False,False,-1.0,-1.0,0.002973882455701088,-0.002973882455701088,2.526881351796329
2010-05-12 00:00:00-04:00,34.06776428222656,16.41261863708496,-1.8247189345850334,4.119348289014429,2.119,False,False,0.0,False,False,-1.0,-1.0,-0.0014366627746400249,0.0014366627746400249,2.528318014570969
2010-05-13 00:00:00-04:00,33.62947463989258,16.45002555847168,-1.8332360526850535,3.4726947185117147,1.435,False,False,0.0,False,False,-1.0,-1.0,-0.01013782005152121,0.01013782005152121,2.53845583462249
2010-05-14 00:00:00-04:00,32.707340240478516,16.158267974853516,-1.8409759651067534,2.96035726101902,0.919,False,False,0.0,False,False,-1.0,-1.0,-0.008203394594293442,0.008203394594293442,2.5466592292167833
2010-05-17 00:00:00-04:00,32.66750717163086,15.948819160461426,-1.848619469107778,3.1842095623226996,1.083,False,False,0.0,False,False,-1.0,-1.0,0.0036017603004930487,-0.0036017603004930487,2.543057468916291
2010-05-18 00:00:00-04:00,31.836435317993164,15.754313468933105,-1.8551796473633264,2.60935361224654,0.526,False,False,0.0,False,False,-1.0,-1.0,-0.009414065518903399,0.009414065518903399,2.552471534435194
2010-05-19 00:00:00-04:00,31.4835262298584,15.49997329711914,-1.861095098832373,2.636601894557309,0.534,False,False,0.0,False,False,-1.0,-1.0,0.0004516505687511712,-0.0004516505687511712,2.5520198838664427
2010-05-20 00:00:00-04:00,30.12308120727539,14.901521682739258,-1.8660156589743981,2.316608404737412,0.235,False,False,0.0,False,False,-1.0,-1.0,-0.00552383831171373,0.00552383831171373,2.5575437221781567
2010-05-21 00:00:00-04:00,31.0224552154541,15.335403442382812,-1.8703765172799274,2.339476733807526,0.276,False,False,0.0,False,False,-1.0,-1.0,0.0003830192271298191,-0.0003830192271298191,2.557160702951027
2010-05-24 00:00:00-04:00,30.720766067504883,14.587329864501953,-1.8761375346231828,3.352928978783062,1.212,False,False,0.0,False,False,-1.0,-1.0,0.017446662338391945,-0.017446662338391945,2.539714040612635
2010-05-25 00:00:00-04:00,31.130603790283203,14.14597225189209,-1.8847495231343752,4.468989334257483,2.049,False,False,0.0,True,False,-1.0,-1.0,0.019311602657606956,-0.019311602657606956,2.5204024379550276
2010-05-26 00:00:00-04:00,31.72828483581543,14.078643798828125,-1.8962173523805275,5.032116166493029,2.269,False,False,0.0,False,False,-1.0,-1.0,0.0096385468489838,-0.0096385468489838,2.510763891106044
2010-05-27 00:00:00-04:00,32.95780563354492,14.422757148742676,-1.9102915442566313,5.4061346074349075,2.284,False,False,0.0,False,False,-1.0,-1.0,0.0061811547808552966,-0.0061811547808552966,2.5045827363251885
2010-05-28 00:00:00-04:00,32.394264221191406,14.303068161010742,-1.9251274616593463,4.859034918444181,1.737,False,False,0.0,False,False,-1.0,-1.0,-0.009129055775720677,0.009129055775720677,2.513711792100909
2010-06-01 00:00:00-04:00,32.058441162109375,14.063684463500977,-1.940302085270156,4.770644870996936,1.579,False,False,0.0,False,False,-1.0,-1.0,-0.0014893959792634875,0.0014893959792634875,2.515201188080173
2010-06-02 00:00:00-04:00,33.53270721435547,14.071162223815918,-1.9578821106807884,5.983030419858981,2.146,False,False,0.0,False,False,-1.0,-1.0,0.01984836657138903,-0.01984836657138903,2.4953528215087837
2010-06-03 00:00:00-04:00,34.26701354980469,14.183374404907227,-1.9775373289649552,6.218861213414542,2.086,False,False,0.0,False,False,-1.0,-1.0,0.003784484726980503,-0.003784484726980503,2.4915683367818033
2010-06-04 00:00:00-04:00,33.196868896484375,13.958956718444824,-1.9969604663730145,5.321384177938075,1.462,False,False,0.0,False,False,-1.0,-1.0,-0.014695307816916787,0.014695307816916787,2.50626364459872
2010-06-07 00:00:00-04:00,33.2537956237793,13.936513900756836,-2.0159745514289042,5.158138264218344,1.293,False,False,0.0,False,False,-1.0,-1.0,-0.0026609188147783663,0.0026609188147783663,2.5089245634134985
2010-06-08 00:00:00-04:00,34.101932525634766,14.534964561462402,-2.0337709288220864,4.541144149073265,0.87,False,False,0.0,False,False,-1.0,-1.0,-0.009691607685021107,0.009691607685021107,2.518616171098519
2010-06-09 00:00:00-04:00,34.51176452636719,14.205820083618164,-2.052143423381076,5.359384268035363,1.286,False,False,0.0,False,False,-1.0,-1.0,0.012852448135905116,-0.012852448135905116,2.505763722962614
2010-06-10 00:00:00-04:00,35.405433654785156,14.699546813964844,-2.0703274401515626,4.972558528041265,0.993,False,False,0.0,False,False,-1.0,-1.0,-0.005875389984236989,0.005875389984236989,2.511639112946851
2010-06-11 00:00:00-04:00,35.887306213378906,14.72967529296875,-2.0886488144659068,5.122187375251968,1.021,False,False,0.0,False,False,-1.0,-1.0,0.002244912275811077,-0.002244912275811077,2.50939420067104
2010-06-14 00:00:00-04:00,35.66933059692383,14.548857688903809,-2.106824858994402,5.017435547969441,0.905,False,False,0.0,False,False,-1.0,-1.0,-0.0015794615715012405,0.0015794615715012405,2.5109736622425416
2010-06-15 00:00:00-04:00,36.04792404174805,14.684473991394043,-2.124630172623444,4.848847530528051,0.756,False,False,0.0,False,False,-1.0,-1.0,-0.0025069968333918413,0.0025069968333918413,2.5134806590759333
2010-06-16 00:00:00-04:00,35.75536346435547,14.699546813964844,-2.141145122782685,4.281500496518884,0.371,False,False,0.0,False,False,-1.0,-1.0,-0.008438993933410757,0.008438993933410757,2.521919653009344
2010-06-17 00:00:00-04:00,35.6578483581543,14.865300178527832,-2.1555927633355307,3.6143148685093323,-0.078,False,False,0.0,False,False,-1.0,-1.0,-0.009854830282629448,0.009854830282629448,2.5317744832919735
2010-06-18 00:00:00-04:00,35.933197021484375,14.948173522949219,-2.1684761930111764,3.5184386079689887,-0.195,False,False,0.0,False,False,-1.0,-1.0,-0.0014027670605527298,0.0014027670605527298,2.5331772503525265
2010-06-21 00:00:00-04:00,35.53164291381836,14.902971267700195,-2.1794297663320563,3.051663726201177,-0.555,False,False,0.0,False,True,0.0,0.0,-0.006863163490963986,0.006863163490963986,2.5400404138434904
2010-06-22 00:00:00-04:00,33.833648681640625,14.752280235290527,-2.1863508980687096,1.5799875406519064,-1.594,True,False,1.0,False,False,0.0,1.0,-0.022268665338308947,-0.0,2.5400404138434904
2010-06-23 00:00:00-04:00,34.18358612060547,14.676937103271484,-2.191393233299371,2.0206454669358678,-1.326,False,False,1.0,False,False,0.0,1.0,0.006641763295057975,0.006641763295057975,2.546682177138548
2010-06-24 00:00:00-04:00,33.65007781982422,14.54132080078125,-2.1946558990444056,1.7368823444925283,-1.619,True,False,1.0,False,False,0.0,1.0,-0.004328080466115243,-0.004328080466115243,2.542354096672433
2010-06-25 00:00:00-04:00,33.9541130065918,14.443370819091797,-2.1976083962054864,2.2132400250463498,-1.36,False,False,1.0,False,False,0.0,1.0,0.00725105079769465,0.00725105079769465,2.5496051474701273
2010-06-28 00:00:00-04:00,33.56404113769531,14.646799087524414,-2.198789820693031,1.3588083983106571,-1.858,True,False,1.0,False,False,0.0,1.0,-0.012991349552263413,-0.012991349552263413,2.5366137979178642
2010-06-29 00:00:00-04:00,32.852718353271484,14.330353736877441,-2.198755733526622,1.3437709108475602,-1.723,False,False,1.0,False,False,0.0,1.0,-0.0002336404329687609,-0.0002336404329687609,2.5363801574848956
2010-06-30 00:00:00-04:00,33.08790969848633,14.352962493896484,-2.1982642240895274,1.5363057384548853,-1.481,False,False,1.0,False,False,0.0,1.0,0.002978593382129417,0.002978593382129417,2.5393587508670246
2010-07-01 00:00:00-04:00,33.208396911621094,14.383098602294922,-2.197583570214701,1.6003357344397422,-1.36,False,False,1.0,False,False,0.0,1.0,0.0009878663208830693,0.0009878663208830693,2.540346617187908
2010-07-02 00:00:00-04:00,32.67488098144531,14.4885835647583,-2.1954254258421653,0.8662762389360239,-1.724,True,False,1.0,False,False,0.0,1.0,-0.011383681996443731,-0.011383681996443731,2.528962935191464
2010-07-06 00:00:00-04:00,32.646217346191406,14.285151481628418,-2.193109521625357,1.317315613971548,-1.365,False,False,1.0,False,False,0.0,1.0,0.00705023111379764,0.00705023111379764,2.5360131663052616
2010-07-07 00:00:00-04:00,34.045902252197266,14.978312492370605,-2.190515209933147,1.235680918527791,-1.356,False,False,1.0,False,False,0.0,1.0,-0.0012210503849944185,-0.0012210503849944185,2.5347921159202675
2010-07-08 00:00:00-04:00,34.464664459228516,15.302292823791504,-2.187276359488986,0.9943211197713993,-1.43,False,False,1.0,False,False,0.0,1.0,-0.0035528044608697535,-0.0035528044608697535,2.531239311459398
2010-07-09 00:00:00-04:00,34.722801208496094,15.324889183044434,-2.1840898786368244,1.2518658525777937,-1.24,False,False,1.0,False,False,0.0,1.0,0.0037766625760875124,0.0037766625760875124,2.5350159740354856
2010-07-12 00:00:00-04:00,35.267765045166016,15.309829711914062,-2.1820865267500986,1.860391903959993,-0.878,False,False,1.0,False,False,0.0,1.0,0.00886093668615225,0.00886093668615225,2.5438769107216377
2010-07-13 00:00:00-04:00,35.99630355834961,15.460511207580566,-2.181640722503883,2.26702271716416,-0.625,False,False,1.0,False,False,0.0,1.0,0.005831873862456698,0.005831873862456698,2.5497087845840944
2010-07-14 00:00:00-04:00,35.944671630859375,15.498188018798828,-2.1819771634852683,2.1279792984393353,-0.664,False,False,1.0,False,False,0.0,1.0,-0.001993129302890544,-0.001993129302890544,2.5477156552812037
2010-07-15 00:00:00-04:00,35.944671630859375,15.483116149902344,-2.1828707133542675,2.1470308357750625,-0.611,False,False,1.0,False,False,0.0,1.0,0.0002731704280089246,0.0002731704280089246,2.547988825709213
2010-07-16 00:00:00-04:00,34.88916015625,15.16667366027832,-2.183430865950465,1.7737767526003978,-0.775,False,False,1.0,False,False,0.0,1.0,-0.005488663898551071,-0.005488663898551071,2.542500161810662
2010-07-19 00:00:00-04:00,34.98094940185547,15.181744575500488,-2.183868408958128,1.8260170305485275,-0.699,False,False,1.0,False,False,0.0,1.0,0.0007667073000104075,0.0007667073000104075,2.5432668691106723
2010-07-20 00:00:00-04:00,35.39970397949219,15.407773971557617,-2.18407973658768,1.7478970622901144,-0.699,False,False,1.0,False,False,0.0,1.0,-0.001131328876717641,-0.001131328876717641,2.5421355402339545
2010-07-21 00:00:00-04:00,34.625282287597656,15.242012977600098,-2.183391549494154,1.345999955025377,-0.89,False,False,1.0,False,False,0.0,1.0,-0.00591855804558624,-0.00591855804558624,2.5362169821883684
2010-07-22 00:00:00-04:00,35.89303970336914,15.565995216369629,-2.1831563341792126,1.9100386489484649,-0.501,False,False,1.0,False,False,0.0,1.0,0.00807198988102669,0.00807198988102669,2.544288972069395
2010-07-23 00:00:00-04:00,34.88916015625,15.686549186706543,-2.1809195460447355,0.6780584249695494,-1.251,False,False,1.0,False,False,0.0,1.0,-0.017828879230358367,-0.017828879230358367,2.5264600928390366
2010-07-26 00:00:00-04:00,35.65211868286133,15.867363929748535,-2.178122267451672,1.091059981716576,-0.926,False,False,1.0,False,False,0.0,1.0,0.005882108916510942,0.005882108916510942,2.5323422017555473
2010-07-27 00:00:00-04:00,35.6578483581543,15.829696655273438,-2.17521006124849,1.2249329270919418,-0.785,False,False,1.0,False,False,0.0,1.0,0.0019099941010481882,0.0019099941010481882,2.5342521958565953
2010-07-28 00:00:00-04:00,35.468544006347656,15.701607704162598,-2.172477168697995,1.3571597572018703,-0.652,False,False,1.0,False,False,0.0,1.0,0.0019003588164736146,0.0019003588164736146,2.536152554673069
2010-07-29 00:00:00-04:00,35.566062927246094,15.468049049377441,-2.1710381625453006,1.9843381409251108,-0.108,False,False,1.0,False,False,0.0,1.0,0.009070114959009536,0.009070114959009536,2.5452226696320785
2010-07-30 00:00:00-04:00,36.26590347290039,15.294756889343262,-2.1724038544075204,3.039514654265112,0.907,False,True,0.0,False,False,0.0,0.0,0.015184079824468878,0.015184079824468878,2.560406749456548
2010-08-02 00:00:00-04:00,36.678932189941406,15.498188018798828,-2.175474722551165,2.9630159096992372,1.001,False,False,0.0,False,False,0.0,0.0,-0.0010867094145145645,-0.0,2.560406749456548
2010-08-03 00:00:00-04:00,36.053672790527344,15.535858154296875,-2.1782808830479223,2.212209971278284,0.359,False,False,0.0,False,False,0.0,0.0,-0.010741891146941792,-0.0,2.560406749456548
2010-08-04 00:00:00-04:00,35.66933059692383,15.475579261779785,-2.180381111481514,1.9266698853041504,0.114,False,False,0.0,False,False,0.0,0.0,-0.0041136996733731265,-0.0,2.560406749456548
2010-08-05 00:00:00-04:00,34.80311584472656,15.249549865722656,-2.181297714485824,1.5393075756881274,-0.378,False,False,0.0,False,True,0.0,0.0,-0.005690903690147617,-0.0,2.560406749456548
2010-08-06 00:00:00-04:00,34.80885696411133,15.347497940063477,-2.1810612588206983,1.3350237872084065,-0.67,False,False,0.0,False,False,0.0,0.0,-0.0029917360909162104,-0.0,2.560406749456548
2010-08-09 00:00:00-04:00,35.10715866088867,15.581062316894531,-2.1797110192677858,1.1449454368556076,-0.976,False,False,0.0,False,False,0.0,0.0,-0.0027519918766525544,-0.0,2.560406749456548
2010-08-10 00:00:00-04:00,34.45319747924805,15.445446014404297,-2.1770426341121065,0.8278030030129813,-1.479,False,False,0.0,False,False,0.0,0.0,-0.004658475223018817,-0.0,2.560406749456548
2010-08-11 00:00:00-04:00,33.80497741699219,15.076260566711426,-2.173892488749816,1.03080781258317,-1.047,False,False,0.0,False,False,0.0,0.0,0.0030490749529268487,0.0,2.560406749456548
2010-08-12 00:00:00-04:00,33.9713249206543,14.872832298278809,-2.1716055886620267,1.6733991824789385,0.114,False,False,0.0,False,False,0.0,0.0,0.009696674754992876,0.0,2.560406749456548
2010-08-13 00:00:00-04:00,34.212249755859375,15.21187973022461,-2.169039736836256,1.217078149028211,-0.664,False,False,0.0,False,True,0.0,0.0,-0.006789741730874517,-0.0,2.560406749456548
2010-08-16 00:00:00-04:00,34.1663818359375,15.1365385055542,-2.1665754455136983,1.3719291797311612,-0.382,False,False,0.0,False,False,0.0,0.0,0.002312561243858424,0.0,2.560406749456548
2010-08-17 00:00:00-04:00,34.53349304199219,15.39270305633545,-2.1639015101852745,1.2251996525544158,-0.641,False,False,0.0,False,False,0.0,0.0,-0.002162819331490483,-0.0,2.560406749456548
2010-08-18 00:00:00-04:00,34.240936279296875,15.468049049377441,-2.1603500754228455,0.8245353488300466,-1.296,False,False,0.0,False,False,0.0,0.0,-0.005921963829025018,-0.0,2.560406749456548
2010-08-19 00:00:00-04:00,33.64434814453125,15.106398582458496,-2.156676564081192,1.0647323540736693,-0.834,False,False,0.0,False,False,0.0,0.0,0.003627040590312908,0.0,2.560406749456548
2010-08-20 00:00:00-04:00,33.38047790527344,15.189276695251465,-2.1522279593829436,0.6896919189494781,-1.463,False,False,0.0,False,False,0.0,0.0,-0.005676301814651481,-0.0,2.560406749456548
2010-08-23 00:00:00-04:00,33.2772216796875,15.1365385055542,-2.1474215306963993,0.772692992645311,-1.262,False,False,0.0,False,False,0.0,0.0,0.0012617644442889768,0.0,2.560406749456548
2010-08-24 00:00:00-04:00,33.2714729309082,15.174210548400879,-2.142357194344249,0.7628937940471872,-1.23,False,False,0.0,False,False,0.0,0.0,-0.00014896915235075087,-0.0,2.560406749456548
2010-08-25 00:00:00-04:00,33.68449783325195,15.242012977600098,-2.1377392198172087,1.1010489020733516,-0.678,False,False,0.0,False,False,0.0,0.0,0.005102845712546957,0.0,2.560406749456548
2010-08-26 00:00:00-04:00,33.3116340637207,15.445446014404297,-2.1320809611135783,0.3806926805017028,-1.748,True,False,1.0,False,False,0.0,1.0,-0.010874520151298377,-0.0,2.560406749456548
2010-08-27 00:00:00-04:00,33.9541130065918,16.093399047851562,-2.124542461710784,-0.2369966238247514,-2.395,False,False,1.0,False,False,0.0,1.0,-0.009064308258507313,-0.009064308258507313,2.5513424411980403
2010-08-30 00:00:00-04:00,33.36899948120117,16.033126831054688,-2.115200625072509,-0.5442804137125208,-2.499,False,False,1.0,False,False,0.0,1.0,-0.004567083528339184,-0.004567083528339184,2.546775357669701
2010-08-31 00:00:00-04:00,34.00000762939453,16.08586883544922,-2.105922713253581,0.12441108640408771,-1.504,False,False,1.0,False,False,0.0,1.0,0.009851720780537287,0.009851720780537287,2.5566270784502385
2010-09-01 00:00:00-04:00,34.68265151977539,16.259153366088867,-2.097534892309099,0.5785100149990541,-0.861,False,False,1.0,False,False,0.0,1.0,0.006601542369229034,0.006601542369229034,2.5632286208194675
2010-09-02 00:00:00-04:00,35.829933166503906,16.47765350341797,-2.0912204286218423,1.3715275444039818,0.197,False,False,1.0,False,False,0.0,1.0,0.01128234843890639,0.01128234843890639,2.574510969258374
2010-09-03 00:00:00-04:00,35.84714126586914,16.794103622436523,-2.0852474267916774,0.8272799019105932,-0.487,False,False,1.0,False,True,0.0,1.0,-0.007679845658722931,-0.007679845658722931,2.566831123599651
2010-09-07 00:00:00-04:00,35.8127326965332,16.71121597290039,-2.0799497546054204,1.0542431345408545,-0.159,False,False,1.0,False,False,0.0,1.0,0.0032160875972761316,0.0032160875972761316,2.5700472111969273
2010-09-08 00:00:00-04:00,35.88157272338867,16.703685760498047,-2.0754061684441605,1.2146402602981397,0.062,False,False,1.0,False,False,0.0,1.0,0.0022735722795729153,0.0022735722795729153,2.5723207834765
2010-09-09 00:00:00-04:00,35.45133972167969,16.64339828491211,-2.0709320369017745,0.9839930105391517,-0.215,False,False,1.0,False,True,0.0,1.0,-0.0032987926622534613,-0.0032987926622534613,2.5690219908142464
2010-09-10 00:00:00-04:00,35.525909423828125,16.9071102142334,-2.065776716531956,0.5995947994251623,-0.734,False,False,1.0,False,False,0.0,1.0,-0.005456154384151637,-0.005456154384151637,2.5635658364300946
2010-09-13 00:00:00-04:00,36.18552017211914,17.005718231201172,-2.0611836256137974,1.1336122121652537,-0.009,False,False,1.0,False,False,0.0,1.0,0.007496303933797719,0.007496303933797719,2.5710621403638925
2010-09-14 00:00:00-04:00,35.90199279785156,17.005718231201172,-2.0565815072518383,0.9283471660277911,-0.276,False,False,1.0,False,True,0.0,1.0,-0.002896129765958044,-0.002896129765958044,2.5681660105979347
2010-09-15 00:00:00-04:00,35.80363845825195,17.164995193481445,-2.0513462296902483,0.592290285452556,-0.698,False,False,1.0,False,False,0.0,1.0,-0.004732196632256972,-0.004732196632256972,2.563433813965678
2010-09-16 00:00:00-04:00,35.844139099121094,17.134660720825195,-2.0460739977067197,0.785355338713984,-0.397,False,False,1.0,False,False,0.0,1.0,0.002722949146171668,0.002722949146171668,2.5661567631118496
2010-09-17 00:00:00-04:00,36.01191711425781,17.24843978881836,-2.0408279475763886,0.8108191411487198,-0.309,False,False,1.0,False,False,0.0,1.0,0.0003575723117957553,0.0003575723117957553,2.566514335423645
2010-09-20 00:00:00-04:00,36.60210418701172,17.54425811767578,-2.035734671234804,0.886649655766476,-0.113,False,False,1.0,False,False,0.0,1.0,0.001048576804330266,0.001048576804330266,2.5675629122279755
2010-09-21 00:00:00-04:00,35.797847747802734,17.324289321899414,-2.030276716932687,0.6247465001447807,-0.562,False,False,1.0,False,True,0.0,1.0,-0.003690286790986079,-0.003690286790986079,2.5638726254369892
2010-09-22 00:00:00-04:00,35.161399841308594,17.127079010009766,-2.024353820749193,0.49013200912201427,-0.799,False,False,1.0,False,False,0.0,1.0,-0.00192767218420125,-0.00192767218420125,2.5619449532527883
2010-09-23 00:00:00-04:00,34.629085540771484,17.23326301574707,-2.0169853234275896,-0.1301530367578394,-1.977,True,False,1.0,False,False,0.0,1.0,-0.008939328824577517,-0.008939328824577517,2.55300562442821
2010-09-24 00:00:00-04:00,35.063026428222656,17.40772819519043,-2.009091054663953,0.0893154292440812,-1.42,False,False,1.0,False,False,0.0,1.0,0.003133619212774499,0.003133619212774499,2.5561392436409847
2010-09-27 00:00:00-04:00,35.421756744384766,17.286367416381836,-2.0022101365890976,0.8108166785015598,0.101,False,False,1.0,False,False,0.0,1.0,0.01030234850461584,0.01030234850461584,2.5664415921456007
2010-09-28 00:00:00-04:00,35.786285400390625,17.26360511779785,-1.9969048922879549,1.3125078821327207,1.102,False,True,0.0,False,False,0.0,0.0,0.007140488960450409,0.007140488960450409,2.5735820811060512
2010-09-29 00:00:00-04:00,35.72842788696289,17.36221694946289,-1.9922838245459547,1.1379639002903659,0.733,False,False,0.0,False,False,0.0,0.0,-0.00248217765086535,-0.0,2.5735820811060512
2010-09-30 00:00:00-04:00,35.699493408203125,17.347043991088867,-1.9882360094663372,1.2094758873235918,0.945,False,False,0.0,False,False,0.0,0.0,0.0010188415061828746,0.0,2.5735820811060512
2010-10-01 00:00:00-04:00,35.25974655151367,17.506328582763672,-1.983321940994016,0.5390609670678046,-0.448,False,False,0.0,False,True,0.0,0.0,-0.009580034015127116,-0.0,2.5735820811060512
2010-10-04 00:00:00-04:00,35.282894134521484,17.324289321899414,-1.9787191310315058,1.002991421754281,0.591,False,True,0.0,False,False,0.0,0.0,0.006669232344193169,0.0,2.5735820811060512
2010-10-05 00:00:00-04:00,36.0292854309082,17.35462760925293,-1.9756658187390155,1.7423408663627882,2.077,False,False,0.0,True,False,-1.0,-1.0,0.01051463431211131,0.0,2.5735820811060512
2010-10-06 00:00:00-04:00,34.4034309387207,17.111906051635742,-1.971642492559968,0.6648698386216054,-0.171,False,False,0.0,False,False,-1.0,-1.0,-0.015812144545574166,0.015812144545574166,2.5893942256516254
2010-10-07 00:00:00-04:00,34.73322296142578,17.020885467529297,-1.968043015974109,1.2353881913595401,1.005,False,True,0.0,False,False,-1.0,-1.0,0.008361563952050712,-0.008361563952050712,2.5810326616995747
2010-10-08 00:00:00-04:00,34.72743225097656,16.96779441833496,-1.9649858032124754,1.3859571071204826,1.244,False,False,0.0,False,False,-1.0,-1.0,0.0022120072368367804,-0.0022120072368367804,2.5788206544627377
2010-10-11 00:00:00-04:00,34.3918571472168,16.952617645263672,-1.9618163653331988,1.1339344155021678,0.707,False,False,0.0,False,False,-1.0,-1.0,-0.0037254029809016976,0.0037254029809016976,2.58254605744364
2010-10-12 00:00:00-04:00,34.68693161010742,16.60370635986328,-1.9603942961110112,2.1371203679293274,2.394,False,False,0.0,True,False,-1.0,-1.0,0.01492020448746439,-0.01492020448746439,2.5676258529561755
2010-10-13 00:00:00-04:00,35.07460021972656,15.951396942138672,-1.9629887489479914,3.7621874923049567,3.842,False,False,0.0,False,False,-1.0,-1.0,0.024478690217156977,-0.024478690217156977,2.543147162739018
2010-10-14 00:00:00-04:00,35.039886474609375,15.822446823120117,-1.9683589574609603,3.895631541371177,3.218,False,False,0.0,False,False,-1.0,-1.0,0.0020162541392490982,-0.0020162541392490982,2.5411309085997695
2010-10-15 00:00:00-04:00,34.316627502441406,15.723840713500977,-1.9743915771329992,3.2716088375241483,2.275,False,False,0.0,False,False,-1.0,-1.0,-0.009547230531024525,0.009547230531024525,2.5506781391307936
2010-10-18 00:00:00-04:00,34.490230560302734,15.890715599060059,-1.9804232829361945,3.0198874054068163,1.882,False,False,0.0,False,False,-1.0,-1.0,-0.0038162407926317097,0.0038162407926317097,2.554494379923425
2010-10-19 00:00:00-04:00,34.004207611083984,15.860372543334961,-1.9855555754158236,2.512556479493206,1.274,False,False,0.0,False,False,-1.0,-1.0,-0.0077460000624902355,0.0077460000624902355,2.5622403799859157
2010-10-20 00:00:00-04:00,34.3918571472168,16.30031394958496,-1.989157207005575,1.9679701779463628,0.668,False,False,0.0,False,False,-1.0,-1.0,-0.008150568533628933,0.008150568533628933,2.5703909485195444
2010-10-21 00:00:00-04:00,34.339786529541016,16.156190872192383,-1.9920935890390694,2.1551422697550393,0.829,False,False,0.0,False,False,-1.0,-1.0,0.002813584266529432,-0.002813584266529432,2.5675773642530153
2010-10-22 00:00:00-04:00,34.3918571472168,16.429250717163086,-1.9936729654009258,1.6373041506149804,0.275,False,False,0.0,False,False,-1.0,-1.0,-0.007712074525368059,0.007712074525368059,2.575289438778383
2010-10-25 00:00:00-04:00,34.36292266845703,16.73265266418457,-1.9932348102395194,1.0108169105573097,-0.369,False,False,0.0,False,True,0.0,0.0,-0.009251819789738472,0.009251819789738472,2.584541258568122
2010-10-26 00:00:00-04:00,34.05048370361328,16.656803131103516,-1.9912517301320982,0.8825956503336556,-0.489,False,False,0.0,False,False,0.0,0.0,-0.0019075329686263286,-0.0,2.584541258568122
2010-10-27 00:00:00-04:00,34.17197799682617,16.60370635986328,-1.9887598158061524,1.151193994885034,-0.219,False,False,0.0,False,False,0.0,0.0,0.003997429731439021,0.0,2.584541258568122
2010-10-28 00:00:00-04:00,34.536495208740234,16.702314376831055,-1.9863184270914251,1.3603803869666748,-0.027,False,False,0.0,False,False,0.0,0.0,0.0030893269656475176,0.0,2.584541258568122
2010-10-29 00:00:00-04:00,34.559654235839844,16.6871395111084,-1.984076840752151,1.4510871934495029,0.057,False,False,0.0,False,False,0.0,0.0,0.001340463880524811,0.0,2.584541258568122
2010-11-01 00:00:00-04:00,34.52493667602539,16.62646484375,-1.9821799334913501,1.5682916978447423,0.16,False,False,0.0,False,False,0.0,0.0,0.0017368369490185806,0.0,2.584541258568122
2010-11-02 00:00:00-04:00,34.72166061401367,16.770584106445312,-1.9803951535934166,1.5092771266785974,0.071,False,False,0.0,False,False,0.0,0.0,-0.0008687039310967987,-0.0,2.584541258568122
2010-11-03 00:00:00-04:00,34.33400344848633,16.78575325012207,-1.977994540557764,1.1318751605951292,-0.339,False,False,0.0,False,True,0.0,0.0,-0.005588148986036539,-0.0,2.584541258568122
2010-11-04 00:00:00-04:00,32.72549819946289,17.03606605529785,-1.9715418043459145,-0.8618182101552208,-2.223,True,False,1.0,False,False,0.0,1.0,-0.030064978880829013,-0.0,2.584541258568122
2010-11-05 00:00:00-04:00,32.82965087890625,16.315473556518555,-1.965497527598581,0.7616279419690031,-0.625,False,False,1.0,False,False,0.0,1.0,0.025015475234612977,0.025015475234612977,2.6095567338027346
2010-11-08 00:00:00-05:00,31.80551528930664,16.224458694458008,-1.9583874012497813,0.03173978998260196,-1.299,False,False,1.0,False,False,0.0,1.0,-0.011479966871806009,-0.011479966871806009,2.598076766930929
2010-11-09 00:00:00-05:00,30.79298210144043,16.376155853271484,-1.9484952454654256,-1.1158797176598583,-2.198,True,False,1.0,False,False,0.0,1.0,-0.01830280316950149,-0.01830280316950149,2.5797739637614274
2010-11-10 00:00:00-05:00,31.52779197692871,16.649215698242188,-1.937478626467692,-0.7297075858658957,-1.79,False,False,1.0,False,False,0.0,1.0,0.006054250478003501,0.006054250478003501,2.585828214239431
2010-11-11 00:00:00-05:00,31.360004425048828,16.30031394958496,-1.927013820783699,-0.050925838914714916,-1.188,False,False,1.0,False,False,0.0,1.0,0.010813631345687082,0.010813631345687082,2.596641845585118
2010-11-12 00:00:00-05:00,31.31949806213379,16.21687126159668,-1.917404483355429,0.22519639915050504,-0.923,False,False,1.0,False,False,0.0,1.0,0.004424057488589348,0.004424057488589348,2.6010659030737076
2010-11-15 00:00:00-05:00,31.16327667236328,16.254793167114258,-1.9081915674895882,0.14601741958847825,-0.948,False,False,1.0,False,False,0.0,1.0,-0.0012733724208706385,-0.0012733724208706385,2.5997925306528367
2010-11-16 00:00:00-05:00,30.630971908569336,16.391328811645508,-1.8980816236760865,-0.48110809644738595,-1.396,False,False,1.0,False,False,0.0,1.0,-0.010157021666398553,-0.010157021666398553,2.5896355089864382
2010-11-17 00:00:00-05:00,30.3995361328125,16.36098289489746,-1.8873977780863398,-0.4801466303255779,-1.317,False,False,1.0,False,False,0.0,1.0,1.5689921300083103e-05,1.5689921300083103e-05,2.589651198907738
2010-11-18 00:00:00-05:00,29.50849151611328,16.178945541381836,-1.8757138507949362,-0.8385807271136052,-1.52,True,False,1.0,False,False,0.0,1.0,-0.005988317113329258,-0.005988317113329258,2.583662881794409
2010-11-19 00:00:00-05:00,29.560562133789062,16.065166473388672,-1.8642064315344262,-0.38822452957333553,-1.117,False,False,1.0,False,False,0.0,1.0,0.007567822647083426,0.007567822647083426,2.591230704441492
2010-11-22 00:00:00-05:00,29.531631469726562,16.057580947875977,-1.8530998845632702,-0.22466993114777623,-0.94,False,False,1.0,False,False,0.0,1.0,0.002758649028673778,0.002758649028673778,2.593989353470166
2010-11-23 00:00:00-05:00,29.554780960083008,16.042415618896484,-1.8426431362437439,-0.005666068846032601,-0.754,False,False,1.0,False,False,0.0,1.0,0.003704694538984957,0.003704694538984957,2.597694048009151
2010-11-24 00:00:00-05:00,30.24909210205078,16.307891845703125,-1.8332242667146312,0.3530690315501559,-0.466,False,False,1.0,False,False,0.0,1.0,0.0059644927001470845,0.0059644927001470845,2.603658540709298
2010-11-26 00:00:00-05:00,29.99451446533203,16.14101791381836,-1.8248386507032588,0.5397611145026069,-0.308,False,False,1.0,False,False,0.0,1.0,0.003140359668175732,0.003140359668175732,2.606798900377474
2010-11-29 00:00:00-05:00,30.619394302368164,16.004486083984375,-1.818886506920123,1.5090505140181065,0.404,False,True,0.0,False,False,0.0,0.0,0.01622791980174652,0.01622791980174652,2.6230268201792204
2010-11-30 00:00:00-05:00,30.387964248657227,15.617653846740723,-1.815470348595822,2.0345767752659683,0.798,False,False,0.0,False,False,0.0,0.0,0.008946444810029902,0.0,2.6230268201792204
2010-12-01 00:00:00-05:00,30.798768997192383,16.07274627685547,-1.8129941506993978,1.658974011577893,0.603,False,False,0.0,False,False,0.0,0.0,-0.006266462503102599,-0.0,2.6230268201792204
2010-12-02 00:00:00-05:00,31.122772216796875,16.47475814819336,-1.8104625734437378,1.295839182955536,0.413,False,False,0.0,False,False,0.0,0.0,-0.005957942325218292,-0.0,2.6230268201792204
2010-12-03 00:00:00-05:00,31.452587127685547,16.808504104614258,-1.8074785541447138,1.0715764313418816,0.295,False,False,0.0,False,False,0.0,0.0,-0.003626875347798433,-0.0,2.6230268201792204
2010-12-06 00:00:00-05:00,31.180635452270508,16.71748161315918,-1.804113665489847,1.020398421394777,0.325,False,False,0.0,False,False,0.0,0.0,-0.0008343215196550406,-0.0,2.6230268201792204
2010-12-07 00:00:00-05:00,31.65508270263672,16.823671340942383,-1.801114431216694,1.3537254644186838,0.733,False,False,0.0,False,False,0.0,0.0,0.005380022534253253,0.0,2.6230268201792204
2010-12-08 00:00:00-05:00,31.198001861572266,16.945035934448242,-1.7972290236711554,0.743891473031205,0.125,False,False,0.0,False,False,0.0,0.0,-0.009891534436216463,-0.0,2.6230268201792204
2010-12-09 00:00:00-05:00,30.596248626708984,17.05122184753418,-1.7914878957735856,0.04919107870138717,-0.594,False,False,0.0,False,True,0.0,0.0,-0.011361838896063554,-0.0,2.6230268201792204
2010-12-10 00:00:00-05:00,31.07070541381836,17.01329803466797,-1.7857388426927776,0.6893982710030748,0.175,False,False,0.0,False,False,0.0,0.0,0.010418002042027153,0.0,2.6230268201792204
2010-12-13 00:00:00-05:00,30.9421443939209,17.164995193481445,-1.7794441899008022,0.39799342720514375,-0.146,False,False,0.0,False,False,0.0,0.0,-0.0047393462573854725,-0.0,2.6230268201792204
2010-12-14 00:00:00-05:00,30.06559181213379,16.861600875854492,-1.7724256376707686,0.17965812759740274,-0.379,False,False,0.0,False,True,0.0,0.0,-0.003641863952567275,-0.0,2.6230268201792204
2010-12-15 00:00:00-05:00,30.077272415161133,16.71650505065918,-1.7656560742285101,0.5616737325931851,0.092,False,False,0.0,False,False,0.0,0.0,0.006410424568557831,0.0,2.6230268201792204
2010-12-16 00:00:00-05:00,30.235057830810547,16.869232177734375,-1.759034144595282,0.5615024370703559,0.122,False,False,0.0,False,False,0.0,0.0,-2.859280387399164e-06,-0.0,2.6230268201792204
2010-12-17 00:00:00-05:00,28.236526489257812,16.724143981933594,-1.7496213358104467,-1.024392644699084,-1.669,True,False,1.0,False,True,0.0,1.0,-0.027582009332413397,-0.0,2.6230268201792204
2010-12-20 00:00:00-05:00,28.353404998779297,16.411046981811523,-1.739953647542412,-0.20105605721355602,-0.651,False,False,1.0,False,False,0.0,1.0,0.014467887210760824,0.014467887210760824,2.6374947073899815
2010-12-21 00:00:00-05:00,28.598838806152344,16.30413246154785,-1.7311671793040215,0.37365980169541757,0.089,False,False,1.0,False,False,0.0,1.0,0.010113960276875597,0.010113960276875597,2.647608667666857
2010-12-22 00:00:00-05:00,28.949462890625,16.342321395874023,-1.7236709942384307,0.7806775220348428,0.618,False,True,0.0,False,False,0.0,0.0,0.0071258789046241295,0.0071258789046241295,2.654734546571481
2010-12-23 00:00:00-05:00,29.083860397338867,16.3804931640625,-1.717310842743988,0.9534618772005601,0.788,False,False,0.0,False,False,0.0,0.0,0.003019952690725792,0.0,2.654734546571481
2010-12-27 00:00:00-05:00,29.153980255126953,16.63250160217285,-1.7111927071863293,0.6925648112238321,0.453,False,False,0.0,False,False,0.0,0.0,-0.004528252610458424,-0.0,2.654734546571481
2010-12-28 00:00:00-05:00,29.487071990966797,16.53322982788086,-1.7063017327103946,1.2763932883545053,1.143,False,False,0.0,False,False,0.0,0.0,0.010118738947576422,0.0,2.654734546571481
2010-12-29 00:00:00-05:00,29.662391662597656,16.67068862915039,-1.7022129677765987,1.2853292962919731,1.108,False,False,0.0,False,False,0.0,0.0,0.0001539643693584327,0.0,2.654734546571481
2010-12-30 00:00:00-05:00,30.077272415161133,16.84632110595703,-1.6989499706793902,1.4562156661398404,1.268,False,False,0.0,False,False,0.0,0.0,0.0029112646353167708,0.0,2.654734546571481
2010-12-31 00:00:00-05:00,30.11819076538086,16.747045516967773,-1.6966786795670545,1.7038356910026167,1.491,False,False,0.0,False,False,0.0,0.0,0.0042304673632455716,0.0,2.654734546571481
2011-01-03 00:00:00-05:00,30.45127296447754,17.01433753967285,-1.6948782467486498,1.6140423856470782,1.289,False,False,0.0,False,False,0.0,0.0,-0.0015145146190095324,-0.0,2.654734546571481
2011-01-04 00:00:00-05:00,29.790950775146484,16.86159896850586,-1.6927192457905016,1.2489976863553451,0.777,False,False,0.0,False,False,0.0,0.0,-0.006257955203862392,-0.0,2.654734546571481
2011-01-05 00:00:00-05:00,29.931196212768555,16.884510040283203,-1.6905815974256273,1.3865542571175347,0.9,False,False,0.0,False,False,0.0,0.0,0.002352365952686391,0.0,2.654734546571481
2011-01-06 00:00:00-05:00,30.340242385864258,17.067787170410156,-1.688695277572118,1.517950792586646,1.017,False,False,0.0,False,False,0.0,0.0,0.00222094164383554,0.0,2.654734546571481
2011-01-07 00:00:00-05:00,30.392845153808594,16.976150512695312,-1.6873940128042393,1.7473904182229063,1.282,False,False,0.0,False,False,0.0,0.0,0.003886284430041271,0.0,2.654734546571481
2011-01-10 00:00:00-05:00,30.644119262695312,17.03724479675293,-1.6867589587045002,1.9063939701306758,1.43,False,False,0.0,False,False,0.0,0.0,0.002677645888210881,0.0,2.654734546571481
2011-01-11 00:00:00-05:00,30.573991775512695,17.090696334838867,-1.6862736125765618,1.7544015255149539,1.155,False,False,0.0,False,False,0.0,0.0,-0.002559071863192876,-0.0,2.654734546571481
2011-01-12 00:00:00-05:00,30.912921905517578,17.189973831176758,-1.6862005572147696,1.927178452880021,1.326,False,False,0.0,False,False,0.0,0.0,0.002884487097199468,0.0,2.654734546571481
2011-01-13 00:00:00-05:00,31.380414962768555,17.098339080810547,-1.6874889717379074,2.5271563288654875,1.997,False,False,0.0,True,False,-1.0,-1.0,0.009960838185015164,0.0,2.654734546571481
2011-01-14 00:00:00-05:00,31.433008193969727,17.45724868774414,-1.6886052264767688,1.9546068199402562,1.138,False,False,0.0,False,False,-1.0,-1.0,-0.009399708740709055,0.009399708740709055,2.66413425531219
2011-01-18 00:00:00-05:00,31.485599517822266,17.83907699584961,-1.6885250046829323,1.3638719498661125,0.341,False,False,0.0,False,False,-1.0,-1.0,-0.009588711246174325,0.009588711246174325,2.6737229665583646
2011-01-19 00:00:00-05:00,30.854490280151367,17.655805587768555,-1.6871305432165336,1.0668414079338966,-0.026,False,False,0.0,False,False,-1.0,-1.0,-0.004898088129541405,0.004898088129541405,2.678621054687906
2011-01-20 00:00:00-05:00,30.15908432006836,17.42670249938965,-1.684425062123041,0.8051098799341965,-0.359,False,False,0.0,False,True,0.0,0.0,-0.004397883984661275,0.004397883984661275,2.683018938672567
2011-01-21 00:00:00-05:00,30.24675178527832,17.396162033081055,-1.6812459142907124,0.9995254428215858,-0.073,False,False,0.0,False,False,0.0,0.0,0.0032678191811274463,0.0,2.683018938672567
2011-01-24 00:00:00-05:00,30.60321044921875,17.625261306762695,-1.6778178026136885,1.031233253014097,-0.027,False,False,0.0,False,False,0.0,0.0,0.0005269249907344951,0.0,2.683018938672567
2011-01-25 00:00:00-05:00,31.59079360961914,17.579444885253906,-1.6762343567604565,2.1235241201796633,1.423,False,True,0.0,False,False,0.0,0.0,0.01788937957945815,0.0,2.683018938672567
2011-01-26 00:00:00-05:00,31.094078063964844,17.396162033081055,-1.6755019107581524,1.9467753376791137,1.136,False,False,0.0,False,False,0.0,0.0,-0.002934009482882811,-0.0,2.683018938672567
2011-01-27 00:00:00-05:00,31.4388484954834,17.51070785522461,-1.6755838218813228,2.0981897035788464,1.258,False,False,0.0,False,False,0.0,0.0,0.002491207524664352,0.0,2.683018938672567
2011-01-28 00:00:00-05:00,31.415475845336914,17.380884170532227,-1.676505612303909,2.276325986635463,1.408,False,False,0.0,False,False,0.0,0.0,0.0029417452586902345,0.0,2.683018938672567
2011-01-31 00:00:00-05:00,31.789480209350586,17.48016929626465,-1.678281283261928,2.4528392511797996,1.524,False,False,0.0,True,False,-1.0,-1.0,0.002887689602626459,0.0,2.683018938672567
2011-02-01 00:00:00-05:00,31.795320510864258,17.533618927001953,-1.6803796304215437,2.3321844183565332,1.288,False,False,0.0,False,False,-1.0,-1.0,-0.001969602884455057,0.001969602884455057,2.684988541557022
2011-02-02 00:00:00-05:00,32.09919738769531,17.518346786499023,-1.6831903261159207,2.612485547116229,1.544,False,False,0.0,True,False,-1.0,-1.0,0.004551384111594934,-0.004551384111594934,2.6804371574454273
2011-02-03 00:00:00-05:00,32.1693000793457,17.663448333740234,-1.6860473607153148,2.387889635111655,1.187,False,False,0.0,False,False,-1.0,-1.0,-0.003625396869646685,0.003625396869646685,2.684062554315074
2011-02-04 00:00:00-05:00,31.8070011138916,17.48780632019043,-1.688721446586483,2.274967527235379,0.987,False,False,0.0,False,False,-1.0,-1.0,-0.0018409501947259626,0.0018409501947259626,2.6859035045098
2011-02-07 00:00:00-05:00,32.11671447753906,17.755083084106445,-1.6909563925771778,2.0936432357303545,0.768,False,False,0.0,False,False,-1.0,-1.0,-0.002918006385216222,0.002918006385216222,2.688821510895016
2011-02-08 00:00:00-05:00,31.842065811157227,16.647769927978516,-1.695624557876157,3.6136982874046737,2.831,False,False,0.0,True,False,-1.0,-1.0,0.025304546135027514,-0.025304546135027514,2.663516964759989
2011-02-09 00:00:00-05:00,32.05827331542969,16.53322982788086,-1.7023526926688675,3.912884999423472,2.864,False,False,0.0,False,False,-1.0,-1.0,0.0049695766654594175,-0.0049695766654594175,2.6585473880945294
2011-02-10 00:00:00-05:00,32.327091217041016,17.098339080810547,-1.708986807602488,3.106255296021743,1.656,False,False,0.0,False,False,-1.0,-1.0,-0.013105716811426481,0.013105716811426481,2.671653104905956
2011-02-11 00:00:00-05:00,33.396480560302734,17.251068115234375,-1.7167818672124202,3.780159630022016,2.289,False,False,0.0,False,False,-1.0,-1.0,0.01069472104173912,-0.01069472104173912,2.660958383864217
2011-02-14 00:00:00-05:00,33.27961349487305,17.47252655029297,-1.724199399612165,3.1534937071503,1.426,False,False,0.0,False,False,-1.0,-1.0,-0.0098834267885319,0.0098834267885319,2.6708418106527487
2011-02-15 00:00:00-05:00,32.59589767456055,17.495437622070312,-1.7298797783931668,2.330893918002083,0.355,False,False,0.0,False,False,-1.0,-1.0,-0.013086032341575569,0.013086032341575569,2.6839278429943243
2011-02-16 00:00:00-05:00,32.60758590698242,17.625261306762695,-1.7339384165786909,2.046468224948647,-0.037,False,False,0.0,False,False,-1.0,-1.0,-0.004502636224798062,0.004502636224798062,2.6884304792191225
2011-02-17 00:00:00-05:00,32.73614501953125,17.816173553466797,-1.7365137963716941,1.7981138453836465,-0.374,False,False,0.0,False,True,0.0,0.0,-0.003900394075136157,0.003900394075136157,2.6923308732942584
2011-02-18 00:00:00-05:00,33.61268615722656,17.747447967529297,-1.7398447473094836,2.7348820327723438,0.803,False,True,0.0,False,False,0.0,0.0,0.014525679418734337,0.0,2.6923308732942584
2011-02-22 00:00:00-05:00,33.24454116821289,17.48016929626465,-1.7436958037792338,2.7644433169656217,0.795,False,False,0.0,False,False,0.0,0.0,0.0004638909634976603,0.0,2.6923308732942584
2011-02-23 00:00:00-05:00,32.77705001831055,17.29688835144043,-1.7474821777604763,2.5510458934556084,0.478,False,False,0.0,False,False,0.0,0.0,-0.003387096489403482,-0.0,2.6923308732942584
2011-02-24 00:00:00-05:00,32.858863830566406,17.45724868774414,-1.7507728558024245,2.2951866910714713,0.108,False,False,0.0,False,False,0.0,0.0,-0.004034199804528734,-0.0,2.6923308732942584
2011-02-25 00:00:00-05:00,33.88149642944336,17.747447967529297,-1.7545681630813796,2.742389249673117,0.663,False,True,0.0,False,False,0.0,0.0,0.00687785922889027,0.0,2.6923308732942584
2011-02-28 00:00:00-05:00,34.37236785888672,17.503080368041992,-1.760158053138641,3.5641799943447587,1.638,False,False,0.0,True,False,-1.0,-1.0,0.012607912521621151,0.0,2.6923308732942584
2011-03-01 00:00:00-05:00,34.11525344848633,17.44198226928711,-1.7664096881407614,3.305566987638194,1.224,False,False,0.0,False,False,-1.0,-1.0,-0.003983261394892458,0.003983261394892458,2.6963141346891506
2011-03-02 00:00:00-05:00,33.49582290649414,17.48016929626465,-1.7716742804746313,2.526656545959728,0.204,False,False,0.0,False,False,-1.0,-1.0,-0.012082689387444756,0.012082689387444756,2.708396824076596
2011-03-03 00:00:00-05:00,33.939945220947266,17.86963653564453,-1.7757530239799204,2.2078841053544203,-0.217,False,False,0.0,False,True,0.0,0.0,-0.004854007946273782,0.004854007946273782,2.7132508320228697
2011-03-04 00:00:00-05:00,33.32634353637695,17.503080368041992,-1.7790243905639165,2.187936651629798,-0.23,False,False,0.0,False,False,0.0,0.0,-0.0003094319545846873,-0.0,2.7132508320228697
2011-03-07 00:00:00-05:00,33.361412048339844,17.26633644104004,-1.7824959464332708,2.584237332432906,0.259,False,True,0.0,False,False,0.0,0.0,0.006178818411758658,0.0,2.7132508320228697
2011-03-08 00:00:00-05:00,33.43153762817383,17.27397918701172,-1.7860865109729076,2.578716411425443,0.211,False,False,0.0,False,False,0.0,0.0,-8.58828042569647e-05,-0.0,2.7132508320228697
2011-03-09 00:00:00-05:00,33.221168518066406,17.251068115234375,-1.7893468702926012,2.353023776867296,-0.147,False,False,0.0,False,False,0.0,0.0,-0.0035215330463151456,-0.0,2.7132508320228697
2011-03-10 00:00:00-05:00,32.91144943237305,16.800506591796875,-1.7931608728514916,2.7854383678793226,0.413,False,True,0.0,False,False,0.0,0.0,0.00685964484615492,0.0,2.7132508320228697
2011-03-11 00:00:00-05:00,33.159889221191406,16.685165405273438,-1.7979939484877068,3.1600627929933296,0.962,False,False,0.0,False,False,0.0,0.0,0.005931382389268692,0.0,2.7132508320228697
2011-03-14 00:00:00-04:00,32.89372634887695,16.623661041259766,-1.803047283708885,2.9204794631363207,0.528,False,False,0.0,False,False,0.0,0.0,-0.0038109569704094294,-0.0,2.7132508320228697
2011-03-15 00:00:00-04:00,33.01200866699219,16.439123153686523,-1.8088696762031646,3.275777290919301,1.117,False,False,0.0,False,False,0.0,0.0,0.005662275587954878,0.0,2.7132508320228697
2011-03-16 00:00:00-04:00,33.2781867980957,16.146942138671875,-1.8163658401455982,3.9494326746046013,2.141,False,False,0.0,True,False,-1.0,-1.0,0.010760075061470139,0.0,2.7132508320228697
2011-03-17 00:00:00-04:00,32.82271957397461,16.30072021484375,-1.8234432837942232,3.099280777209046,0.607,False,False,0.0,False,False,-1.0,-1.0,-0.01359239191568425,0.01359239191568425,2.7268432239385536
2011-03-18 00:00:00-04:00,32.79906463623047,16.239206314086914,-1.8302187678034965,3.077764465955557,0.531,False,False,0.0,False,False,-1.0,-1.0,-0.0003441488436620579,0.0003441488436620579,2.7271873727822156
2011-03-21 00:00:00-04:00,33.041587829589844,16.32379150390625,-1.8367803841390573,3.0583678004390435,0.465,False,False,0.0,False,False,-1.0,-1.0,-0.0003077623903271191,0.0003077623903271191,2.7274951351725427
2011-03-22 00:00:00-04:00,32.858219146728516,16.26996612548828,-1.8428784811351226,2.874648685268774,0.108,False,False,0.0,False,False,-1.0,-1.0,-0.002923518192523454,0.002923518192523454,2.7304186533650663
2011-03-23 00:00:00-04:00,32.485565185546875,16.30072021484375,-1.847776590123508,2.365475970405555,-0.796,False,False,0.0,False,True,0.0,0.0,-0.008133014816911198,0.008133014816911198,2.7385516681819775
2011-03-24 00:00:00-04:00,32.79315185546875,16.51601219177246,-1.8516388342125647,2.211462294854684,-1.054,False,False,0.0,False,False,0.0,0.0,-0.0024302021450390045,-0.0,2.7385516681819775
2011-03-25 00:00:00-04:00,33.14213562011719,16.50063133239746,-1.8553979205216835,2.526898558692004,-0.51,False,False,0.0,False,False,0.0,0.0,0.0049474476530404175,0.0,2.7385516681819775
2011-03-28 00:00:00-04:00,33.16580581665039,16.400686264038086,-1.8593467066656169,2.6712438245551553,-0.288,False,False,0.0,False,False,0.0,0.0,0.0022674274565426147,0.0,2.7385516681819775
2011-03-29 00:00:00-04:00,33.31958770751953,16.623661041259766,-1.8628532254857018,2.3521471174277764,-0.828,False,False,0.0,False,False,0.0,0.0,-0.0049636250978991915,-0.0,2.7385516681819775
2011-03-30 00:00:00-04:00,34.03532791137695,17.315677642822266,-1.864984577577506,1.7418561572098028,-1.893,True,False,1.0,False,False,0.0,1.0,-0.009200995092558598,-0.0,2.7385516681819775
2011-03-31 00:00:00-04:00,34.390228271484375,17.446382522583008,-1.8663751144715581,1.8287340937839218,-1.599,False,False,1.0,False,False,0.0,1.0,0.0012976206346305404,0.0012976206346305404,2.7398492888166075
2011-04-01 00:00:00-04:00,34.39613342285156,17.64630126953125,-1.8666019570483008,1.457512938480619,-2.144,False,False,1.0,False,False,0.0,1.0,-0.0055130691620970595,-0.0055130691620970595,2.7343362196545105
2011-04-04 00:00:00-04:00,34.65049362182617,17.584789276123047,-1.8667527426930373,1.8240400109443655,-1.375,False,False,1.0,False,False,0.0,1.0,0.005431885814272295,0.005431885814272295,2.739768105468783
2011-04-05 00:00:00-04:00,34.84567642211914,17.577096939086914,-1.867224997197901,2.025281639285346,-0.981,False,False,1.0,False,False,0.0,1.0,0.002974040383273358,0.002974040383273358,2.7427421458520564
2011-04-06 00:00:00-04:00,34.37839889526367,17.730886459350586,-1.866535756487962,1.2830653246575636,-2.135,True,False,1.0,False,False,0.0,1.0,-0.011000077919258692,-0.011000077919258692,2.7317420679327977
2011-04-07 00:00:00-04:00,34.141788482666016,17.661680221557617,-1.8649607036605704,1.203448908841942,-2.13,False,False,1.0,False,False,0.0,1.0,-0.001186885268742695,-0.001186885268742695,2.7305551826640553
2011-04-08 00:00:00-04:00,33.51479721069336,17.546335220336914,-1.8621610578508718,0.8406950553847636,-2.382,False,False,1.0,False,False,0.0,1.0,-0.005480584462528585,-0.005480584462528585,2.7250745982015268
2011-04-11 00:00:00-04:00,33.56211471557617,17.59247589111328,-1.8586283610973802,0.8642400824311238,-2.109,False,False,1.0,False,False,0.0,1.0,0.00035534305510440887,0.00035534305510440887,2.725429941256631
2011-04-12 00:00:00-04:00,33.72181701660156,17.55402374267578,-1.8551688077006274,1.1561397195532308,-1.592,False,False,1.0,False,False,0.0,1.0,0.00440354006656123,0.00440354006656123,2.729833481323192
2011-04-13 00:00:00-04:00,33.58577346801758,17.55402374267578,-1.8516228997636595,1.0823411230841202,-1.577,False,False,1.0,False,False,0.0,1.0,-0.0011166512830851538,-0.0011166512830851538,2.7287168300401072
2011-04-14 00:00:00-04:00,34.307395935058594,17.584789276123047,-1.849309925418834,1.7876705903255683,-0.658,False,False,1.0,False,False,0.0,1.0,0.010554539141202515,0.010554539141202515,2.7392713691813095
2011-04-15 00:00:00-04:00,34.40205383300781,17.623239517211914,-1.8478684265631553,1.8366259553918098,-0.552,False,False,1.0,False,False,0.0,1.0,0.0007310318951186601,0.0007310318951186601,2.740002401076428
2011-04-18 00:00:00-04:00,34.183189392089844,17.415630340576172,-1.8472995160347794,2.011303892502859,-0.286,False,False,1.0,False,False,0.0,1.0,0.0026324729102665772,0.0026324729102665772,2.7426348739866944
2011-04-19 00:00:00-04:00,34.6268310546875,17.469449996948242,-1.8478878572758193,2.345246532039745,0.165,False,False,1.0,False,False,0.0,1.0,0.00499104091249781,0.00499104091249781,2.747625914899192
2011-04-20 00:00:00-04:00,34.768798828125,17.55402374267578,-1.8491434690111854,2.3088904694887944,0.112,False,False,1.0,False,False,0.0,1.0,-0.0005407818188434538,-0.0005407818188434538,2.7470851330803487
2011-04-21 00:00:00-04:00,34.72146224975586,17.55402374267578,-1.8506862001474749,2.2344727521246597,0.012,False,False,1.0,False,False,0.0,1.0,-0.001107267247337355,-0.001107267247337355,2.7459778658330114
2011-04-25 00:00:00-04:00,34.680049896240234,17.615543365478516,-1.85208456657294,2.054573897241127,-0.207,False,False,1.0,False,True,0.0,1.0,-0.002672869017672398,-0.002672869017672398,2.743304996815339
2011-04-26 00:00:00-04:00,34.98172378540039,17.861597061157227,-1.8530812167368815,1.8827337704472527,-0.41,False,False,1.0,False,False,0.0,1.0,-0.002524064704988187,-0.002524064704988187,2.7407809321103507
2011-04-27 00:00:00-04:00,34.620914459228516,18.015371322631836,-1.8526595253800393,1.2445651750962483,-1.191,False,False,1.0,False,False,0.0,1.0,-0.00938520993667653,-0.00938520993667653,2.7313957221736747
2011-04-28 00:00:00-04:00,35.703365325927734,18.023059844970703,-1.8532664228328,2.301833678537399,0.21,False,True,0.0,False,False,0.0,0.0,0.015299472971493904,0.015299472971493904,2.7466951951451684
2011-04-29 00:00:00-04:00,35.691532135009766,17.869285583496094,-1.8549628798280386,2.5446706885782007,0.567,False,False,0.0,False,False,0.0,0.0,0.003527639118328729,0.0,2.7466951951451684
2011-05-02 00:00:00-04:00,35.99320602416992,17.876972198486328,-1.8577755510438985,2.7818041471305293,0.898,False,False,0.0,False,False,0.0,0.0,0.00342655591504601,0.0,2.7466951951451684
2011-05-03 00:00:00-04:00,35.69746017456055,17.892343521118164,-1.8606088950403903,2.406806666049796,0.439,False,False,0.0,False,False,0.0,0.0,-0.0054356824829775285,-0.0,2.7466951951451684
2011-05-04 00:00:00-04:00,35.667884826660156,17.807771682739258,-1.863586883418976,2.4815550957874066,0.677,False,False,0.0,False,False,0.0,0.0,0.0010856042759031467,0.0,2.7466951951451684
2011-05-05 00:00:00-04:00,35.79210662841797,17.653987884521484,-1.8672756321527972,2.8272452413302886,1.259,False,False,0.0,False,False,0.0,0.0,0.0050277107254776575,0.0,2.7466951951451684
2011-05-06 00:00:00-04:00,35.4726676940918,17.738569259643555,-1.8704501662202717,2.29355787388171,0.457,False,False,0.0,False,False,0.0,0.0,-0.007773831745833504,-0.0,2.7466951951451684
2011-05-09 00:00:00-04:00,35.81575012207031,18.007686614990234,-1.8729364301878653,2.088497837448699,0.169,False,False,0.0,False,False,0.0,0.0,-0.0029486796562766537,-0.0,2.7466951951451684
2011-05-10 00:00:00-04:00,36.25937271118164,17.753942489624023,-1.8765255929424096,2.943645253774477,1.661,False,True,0.0,True,False,-1.0,-1.0,0.012290997989994312,0.0,2.7466951951451684
2011-05-11 00:00:00-04:00,35.626487731933594,17.361806869506836,-1.8808416865204336,2.971677618448304,1.619,False,False,0.0,False,False,-1.0,-1.0,0.0004105423528604984,-0.0004105423528604984,2.746284652792308
2011-05-12 00:00:00-04:00,35.80983352661133,17.607858657836914,-1.8849943533965725,2.6191193811837934,0.99,False,False,0.0,False,False,-1.0,-1.0,-0.005109499114995834,0.005109499114995834,2.751394151907304
2011-05-13 00:00:00-04:00,35.40761947631836,17.484830856323242,-1.8886190516990624,2.3854348053306538,0.611,False,False,0.0,False,False,-1.0,-1.0,-0.003414953159154106,0.003414953159154106,2.7548091050664576
2011-05-16 00:00:00-04:00,35.667884826660156,17.223403930664062,-1.893116687026071,3.0619714381295964,1.678,False,False,0.0,True,False,-1.0,-1.0,0.009909169410299708,-0.009909169410299708,2.744899935656158
2011-05-17 00:00:00-04:00,35.904483795166016,17.246471405029297,-1.8983519986156026,3.164610334361811,1.727,False,False,0.0,False,False,-1.0,-1.0,0.0014952269980397785,-0.0014952269980397785,2.7434047086581184
2011-05-18 00:00:00-04:00,36.42499923706055,17.284910202026367,-1.904663758389195,3.503057208249267,2.036,False,False,0.0,False,False,-1.0,-1.0,0.004880487411692346,-0.004880487411692346,2.738524221246426
2011-05-19 00:00:00-04:00,36.59062957763672,17.461759567260742,-1.9111593101033968,3.2184252098792925,1.508,False,False,0.0,False,False,-1.0,-1.0,-0.004068331459988157,0.004068331459988157,2.742592552706414
2011-05-20 00:00:00-04:00,36.0819206237793,17.431007385253906,-1.9167836559308626,2.6704505613144462,0.691,False,False,0.0,False,False,-1.0,-1.0,-0.007885277191882869,0.007885277191882869,2.750477829898297
2011-05-23 00:00:00-04:00,35.851234436035156,17.223403930664062,-1.921985563986919,2.7481007185832738,0.759,False,False,0.0,False,False,-1.0,-1.0,0.0011261093292303734,-0.0011261093292303734,2.7493517205690665
2011-05-24 00:00:00-04:00,36.28303909301758,17.261856079101562,-1.927400700019877,3.012525602514856,1.073,False,False,0.0,False,False,-1.0,-1.0,0.003801745189277848,-0.003801745189277848,2.745549975379789
2011-05-25 00:00:00-04:00,36.26530838012695,17.400249481201172,-1.9322960742783444,2.64287461613813,0.516,False,False,0.0,False,False,-1.0,-1.0,-0.005289210597395856,0.005289210597395856,2.750839185977185
2011-05-26 00:00:00-04:00,36.324462890625,17.523284912109375,-1.9364150044689947,2.3921110592312544,0.114,False,False,0.0,False,False,-1.0,-1.0,-0.0035692417582416404,0.0035692417582416404,2.7544084277354264
2011-05-27 00:00:00-04:00,36.59062957763672,17.546335220336914,-1.9403159074380485,2.5451962323765116,0.288,False,True,0.0,False,False,-1.0,-1.0,0.002167238189823205,-0.002167238189823205,2.752241189545603
2011-05-31 00:00:00-04:00,36.89228820800781,17.59247589111328,-1.9443340901594706,2.6866376026076466,0.471,False,False,0.0,False,False,-1.0,-1.0,0.0019893877739879198,-0.0019893877739879198,2.7502518017716153
2011-06-01 00:00:00-04:00,36.247554779052734,17.623239517211914,-1.9470661575890087,1.933941528004155,-0.957,False,False,0.0,False,True,0.0,0.0,-0.010667284791578172,0.010667284791578172,2.7609190865631934
2011-06-02 00:00:00-04:00,36.377689361572266,17.807771682739258,-1.9485243318745935,1.6788129412874468,-1.584,True,False,1.0,False,False,0.0,1.0,-0.003589489502063589,-0.0,2.7609190865631934
2011-06-03 00:00:00-04:00,36.54922103881836,17.569408416748047,-1.9502663204545203,2.284195533324464,-0.395,False,False,1.0,False,False,0.0,1.0,0.008548881356214065,0.008548881356214065,2.7694679679194074
2011-06-06 00:00:00-04:00,36.65568923950195,17.431007385253906,-1.9527845529381143,2.6166872754279353,0.257,False,True,0.0,False,False,0.0,0.0,0.004703206654457424,0.004703206654457424,2.7741711745738646
2011-06-07 00:00:00-04:00,37.40690612792969,17.384868621826172,-1.9571695355263028,3.3817708821643606,1.752,False,False,0.0,True,False,-1.0,-1.0,0.01071065017915292,0.0,2.7741711745738646
2011-06-08 00:00:00-04:00,37.57844924926758,17.177270889282227,-1.9635624110053818,3.8498058074160113,2.391,False,False,0.0,False,False,-1.0,-1.0,0.0065636517713467445,-0.0065636517713467445,2.767607522802518
2011-06-09 00:00:00-04:00,37.83870315551758,17.092687606811523,-1.9717326971607916,4.1364921188122565,2.539,False,False,0.0,False,False,-1.0,-1.0,0.004007305674427773,-0.004007305674427773,2.76360021712809
2011-06-10 00:00:00-04:00,37.0106086730957,16.800508499145508,-1.9802965084017414,3.7406203528640702,1.722,False,False,0.0,False,False,-1.0,-1.0,-0.005632731975594511,0.005632731975594511,2.7692329491036847
2011-06-13 00:00:00-04:00,36.94480895996094,16.870195388793945,-1.9885159106811354,3.398157013044653,1.099,False,False,0.0,False,False,-1.0,-1.0,-0.004858224463127936,0.004858224463127936,2.774091173566813
2011-06-14 00:00:00-04:00,37.13618850708008,17.31148910522461,-1.9951240050477275,2.597621030124259,-0.237,False,False,0.0,False,True,0.0,0.0,-0.011169008836230948,0.011169008836230948,2.7852601824030434
2011-06-15 00:00:00-04:00,36.19133758544922,17.0792236328125,-1.9996813647396272,2.038332362693424,-1.307,False,False,0.0,False,False,0.0,0.0,-0.007950727025138955,-0.0,2.7852601824030434
2011-06-16 00:00:00-04:00,36.14349365234375,17.094709396362305,-2.0027046317825117,1.9078399652729416,-1.485,False,False,0.0,False,False,0.0,0.0,-0.0018541343899942744,-0.0,2.7852601824030434
2011-06-17 00:00:00-04:00,36.173397064208984,17.636661529541016,-2.002853481323971,0.8497481208352085,-2.829,True,False,1.0,False,False,0.0,1.0,-0.014799098753331925,-0.0,2.7852601824030434
2011-06-20 00:00:00-04:00,36.9747200012207,17.714086532592773,-2.0023470595070374,1.5049709208303526,-1.69,False,False,1.0,False,False,0.0,1.0,0.009044483427120078,0.009044483427120078,2.794304665830164
2011-06-21 00:00:00-04:00,37.411258697509766,17.977323532104492,-2.001290511686375,1.4334116871928515,-1.678,False,False,1.0,False,False,0.0,1.0,-0.0009750661620321328,-0.0009750661620321328,2.7933295996681315
2011-06-22 00:00:00-04:00,37.51292037963867,18.07022476196289,-1.999779783985974,1.3764502085825256,-1.639,False,False,1.0,False,False,0.0,1.0,-0.0007734141203940821,-0.0007734141203940821,2.7925561855477374
2011-06-23 00:00:00-04:00,36.41259765625,18.14764976501465,-1.995818813328766,0.19317683753240544,-2.734,False,False,1.0,False,False,0.0,1.0,-0.016291346377189445,-0.016291346377189445,2.776264839170548
2011-06-24 00:00:00-04:00,36.26308822631836,18.209583282470703,-1.9900030895721057,0.02596123438109288,-2.549,False,False,1.0,False,False,0.0,1.0,-0.002306415265774377,-0.002306415265774377,2.773958423904774
2011-06-27 00:00:00-04:00,36.3587760925293,18.155391693115234,-1.9836120640182537,0.3455221030891309,-2.022,False,False,1.0,False,False,0.0,1.0,0.004415529982316365,0.004415529982316365,2.77837395388709
2011-06-28 00:00:00-04:00,36.65776443481445,18.294742584228516,-1.9771150065916652,0.486954329804675,-1.733,False,False,1.0,False,False,0.0,1.0,0.001941988122233615,0.001941988122233615,2.7803159420093237
2011-06-29 00:00:00-04:00,37.08835220336914,18.550241470336914,-1.9706279990221336,0.5327269733017062,-1.568,False,False,1.0,False,False,0.0,1.0,0.000621539535101875,0.000621539535101875,2.7809374815444254
2011-06-30 00:00:00-04:00,36.94480895996094,18.635404586791992,-1.9638175331308687,0.34827469543141376,-1.608,False,False,1.0,False,False,0.0,1.0,-0.0025081439878958697,-0.0025081439878958697,2.7784293375565294
2011-07-01 00:00:00-04:00,37.26176834106445,18.86766815185547,-1.956789410656192,0.3417150977385859,-1.506,False,False,1.0,False,False,0.0,1.0,-8.842594523465004e-05,-8.842594523465004e-05,2.778340911611295
2011-07-05 00:00:00-04:00,37.548789978027344,18.86766815185547,-1.9503885377741599,0.7495062801218708,-1.096,False,False,1.0,False,False,0.0,1.0,0.0054848923747608915,0.0054848923747608915,2.7838258039860557
2011-07-06 00:00:00-04:00,38.08702087402344,19.038000106811523,-1.9449493657004764,1.059074642074762,-0.79,False,False,1.0,False,False,0.0,1.0,0.004121260700495982,0.004121260700495982,2.7879470646865516
2011-07-07 00:00:00-04:00,38.0331916809082,19.16187286376953,-1.9397587018099351,0.8637820504355957,-0.899,False,False,1.0,False,False,0.0,1.0,-0.0025968861214061708,-0.0025968861214061708,2.7853501785651456
2011-07-08 00:00:00-04:00,37.674381256103516,18.960575103759766,-1.9349671365608982,0.9862915400336263,-0.748,False,False,1.0,False,False,0.0,1.0,0.0016474639424485214,0.0016474639424485214,2.786997642507594
2011-07-11 00:00:00-04:00,37.4292106628418,18.619918823242188,-1.9313173195621525,1.468238950672827,-0.309,False,False,1.0,False,False,0.0,1.0,0.0065669193758987445,0.0065669193758987445,2.7935645618834926
2011-07-12 00:00:00-04:00,37.47705078125,18.6121768951416,-1.9285768244957815,1.5820377678640583,-0.183,False,False,1.0,False,False,0.0,1.0,0.0015509829123758509,0.0015509829123758509,2.795115544795869
2011-07-13 00:00:00-04:00,36.69964599609375,18.674114227294922,-1.924900987720292,0.7538250751721947,-0.848,False,False,1.0,False,True,0.0,1.0,-0.011400748427124175,-0.011400748427124175,2.7837147963687445
2011-07-14 00:00:00-04:00,36.855125427246094,18.387651443481445,-1.9220263870458385,1.5135741570732577,-0.159,False,False,1.0,False,False,0.0,1.0,0.010523324848943146,0.010523324848943146,2.7942381212176874
2011-07-15 00:00:00-04:00,37.01060104370117,18.33346176147461,-1.9201728206913364,1.8071860601337164,0.115,False,False,1.0,False,False,0.0,1.0,0.004065857560803548,0.004065857560803548,2.798303978778491
2011-07-18 00:00:00-04:00,37.27970504760742,18.124412536621094,-1.920151670238961,2.4780840433144675,0.711,False,True,0.0,False,False,0.0,0.0,0.009307514441364295,0.009307514441364295,2.8076114932198557
2011-07-19 00:00:00-04:00,37.80595016479492,18.364423751831055,-1.921342565562809,2.5216011183692615,0.757,False,False,0.0,False,False,0.0,0.0,0.0005953878356556703,0.0,2.8076114932198557
2011-07-20 00:00:00-04:00,37.74016189575195,18.379913330078125,-1.923059195881221,2.3945005468453786,0.628,False,False,0.0,False,False,0.0,0.0,-0.0017390591756544524,-0.0,2.8076114932198557
2011-07-21 00:00:00-04:00,37.53684616088867,18.395395278930664,-1.9246333504055226,2.132454913166413,0.384,False,False,0.0,False,False,0.0,0.0,-0.003592558105520027,-0.0,2.8076114932198557
2011-07-22 00:00:00-04:00,37.96742630004883,18.457332611083984,-1.9266117807290406,2.4073118507001183,0.622,False,False,0.0,False,False,0.0,0.0,0.0037381494706928255,0.0,2.8076114932198557
2011-07-25 00:00:00-04:00,37.60859680175781,18.287006378173828,-1.9287136648943406,2.338197710163989,0.571,False,False,0.0,False,False,0.0,0.0,-0.0009483410094901461,-0.0,2.8076114932198557
2011-07-26 00:00:00-04:00,37.77605438232422,18.209583282470703,-1.9313705248132942,2.606601961427387,0.85,False,False,0.0,False,False,0.0,0.0,0.003679517259198013,0.0,2.8076114932198557
2011-07-27 00:00:00-04:00,36.65776443481445,18.1398983001709,-1.9325761816559643,1.6010290422426579,-0.002,False,False,0.0,False,False,0.0,0.0,-0.014021891271710748,-0.0,2.8076114932198557
2011-07-28 00:00:00-04:00,36.59798049926758,18.008283615112305,-1.9332082019899923,1.784218910770484,0.268,False,True,0.0,False,False,0.0,0.0,0.0025652625628805794,0.0,2.8076114932198557
2011-07-29 00:00:00-04:00,36.60395812988281,17.853439331054688,-1.934002191050479,2.0753673458362485,0.692,False,False,0.0,False,False,0.0,0.0,0.004093040942734318,0.0,2.8076114932198557
2011-08-01 00:00:00-04:00,36.227210998535156,17.79150390625,-1.9344270813084328,1.8108440250803852,0.474,False,False,0.0,False,False,0.0,0.0,-0.0037444779603426426,-0.0,2.8076114932198557
2011-08-02 00:00:00-04:00,35.413917541503906,17.334712982177734,-1.9347369242699086,1.8758082632636999,0.601,False,False,0.0,False,False,0.0,0.0,0.0009421657517500621,0.0,2.8076114932198557
2011-08-03 00:00:00-04:00,34.86973571777344,17.566978454589844,-1.9332638665209374,0.9081310275630727,-0.627,False,False,0.0,False,True,0.0,0.0,-0.014058671964906054,-0.0,2.8076114932198557
2011-08-04 00:00:00-04:00,33.73352813720703,16.854703903198242,-1.9311783504350712,1.1840888563570928,-0.237,False,False,0.0,False,False,0.0,0.0,0.004163329427506032,0.0,2.8076114932198557
2011-08-05 00:00:00-04:00,32.54350280761719,16.606952667236328,-1.9275711722322162,0.5324195876275297,-1.076,False,False,0.0,False,False,0.0,0.0,-0.0100948562887674,-0.0,2.8076114932198557
2011-08-08 00:00:00-04:00,30.277053833007812,15.5540132522583,-1.9227729348669964,0.37021812300296375,-1.217,False,False,0.0,False,False,0.0,0.0,-0.0026950977388831383,-0.0,2.8076114932198557
2011-08-09 00:00:00-04:00,33.20130157470703,16.103717803955078,-1.9204872101749895,2.274317495944036,1.165,False,True,0.0,False,False,0.0,0.0,0.0296920361044774,0.0,2.8076114932198557
2011-08-10 00:00:00-04:00,32.40596008300781,15.492076873779297,-1.9204475752817727,2.654238614679535,1.534,False,False,0.0,True,False,-1.0,-1.0,0.0061122150835327075,0.0,2.8076114932198557
2011-08-11 00:00:00-04:00,33.95478439331055,16.227588653564453,-1.9220261454264649,2.7649347239338233,1.566,False,False,0.0,False,False,-1.0,-1.0,0.0016992360283698534,-0.0016992360283698534,2.8059122571914856
2011-08-12 00:00:00-04:00,33.69167709350586,16.707605361938477,-1.922559076247329,1.5703187625525032,0.084,False,False,0.0,False,False,-1.0,-1.0,-0.01815166180494001,0.01815166180494001,2.8240639189964254
2011-08-15 00:00:00-04:00,35.16276168823242,16.537273406982422,-1.9255061374861369,3.3201402458014933,2.091,False,True,0.0,True,False,-1.0,-1.0,0.026114640369069506,-0.026114640369069506,2.797949278627356
2011-08-16 00:00:00-04:00,34.7800407409668,16.5295352935791,-1.929243979527884,2.8905342914356424,1.476,False,False,0.0,False,False,-1.0,-1.0,-0.006443810892225172,0.006443810892225172,2.804393089519581
2011-08-17 00:00:00-04:00,34.439178466796875,16.335975646972656,-1.9334197908738018,2.8548798477074833,1.352,False,False,0.0,False,False,-1.0,-1.0,-0.0005400267496026951,0.0005400267496026951,2.8049331162691837
2011-08-18 00:00:00-04:00,33.1355094909668,15.546276092529297,-1.9381073253011682,3.0051579148813445,1.454,False,False,0.0,False,False,-1.0,-1.0,0.0023753421614634983,-0.0023753421614634983,2.8025577741077203
2011-08-19 00:00:00-04:00,32.39996337890625,15.166912078857422,-1.9429834414068865,2.930904352412181,1.304,False,False,0.0,False,False,-1.0,-1.0,-0.001200173521130052,0.001200173521130052,2.8037579476288506
2011-08-22 00:00:00-04:00,32.579368591308594,15.352723121643066,-1.9475661469280017,2.678924776437764,0.936,False,False,0.0,False,False,-1.0,-1.0,-0.004032975872851621,0.004032975872851621,2.8077909235017025
2011-08-23 00:00:00-04:00,34.056453704833984,15.73983383178711,-1.9531098052425175,3.314829915082676,1.621,False,False,0.0,True,False,-1.0,-1.0,0.00981364205902636,-0.00981364205902636,2.7979772814426758
2011-08-24 00:00:00-04:00,34.421226501464844,15.87144660949707,-1.9593088998968617,3.3241599052393624,1.534,False,False,0.0,False,False,-1.0,-1.0,0.00014240282699024505,-0.00014240282699024505,2.7978348786156855
2011-08-25 00:00:00-04:00,33.85312271118164,15.507568359375,-1.9659829831568076,3.365507206509456,1.489,False,False,0.0,False,False,-1.0,-1.0,0.0006426301969271653,-0.0006426301969271653,2.7971922484187584
2011-08-26 00:00:00-04:00,34.32555389404297,15.732090950012207,-1.9728572676432425,3.288383928086901,1.307,False,False,0.0,False,False,-1.0,-1.0,-0.0011799275468957753,0.0011799275468957753,2.798372175965654
2011-08-29 00:00:00-04:00,35.2883415222168,16.072738647460938,-1.9802040803144056,3.461038870687606,1.415,False,False,0.0,False,False,-1.0,-1.0,0.002572499224677681,-0.002572499224677681,2.7957996767409767
2011-08-30 00:00:00-04:00,35.82655715942383,15.972094535827637,-1.9889232712127305,4.059286647106546,1.978,False,False,0.0,True,False,-1.0,-1.0,0.008850627298756294,-0.008850627298756294,2.78694904944222
2011-08-31 00:00:00-04:00,35.730865478515625,16.119192123413086,-1.9976031204999083,3.531116992848105,1.281,False,False,0.0,False,False,-1.0,-1.0,-0.007775134411959269,0.007775134411959269,2.7947241838541794
2011-09-01 00:00:00-04:00,35.413917541503906,16.072738647460938,-2.005611816080656,3.1782429933800316,0.827,False,False,0.0,False,False,-1.0,-1.0,-0.005216202915171412,0.005216202915171412,2.799940386769351
2011-09-02 00:00:00-04:00,34.59465026855469,15.8637056350708,-2.012251283911767,2.672888236785134,0.242,False,False,0.0,False,False,-1.0,-1.0,-0.007597444587257663,0.007597444587257663,2.8075378313566084
2011-09-06 00:00:00-04:00,34.27771759033203,15.81724739074707,-2.0174517267616414,2.3671845292532865,-0.102,False,False,0.0,False,False,-1.0,-1.0,-0.0046187005174358935,0.0046187005174358935,2.8121565318740442
2011-09-07 00:00:00-04:00,35.68900680541992,16.289527893066406,-2.022431098068586,2.7445590216267703,0.317,False,True,0.0,False,False,-1.0,-1.0,0.005498404453515513,-0.005498404453515513,2.806658127420529
2011-09-08 00:00:00-04:00,35.53352737426758,15.972094535827637,-2.02796484535976,3.142681148846421,0.733,False,False,0.0,False,False,-1.0,-1.0,0.005861255777874042,-0.005861255777874042,2.800796871642655
2011-09-09 00:00:00-04:00,34.20594787597656,15.468856811523438,-2.0331267789348377,2.755800852959691,0.282,False,False,0.0,False,False,-1.0,-1.0,-0.005892526755999025,0.005892526755999025,2.806689398398654
2011-09-12 00:00:00-04:00,34.06241989135742,15.577244758605957,-2.0372917056204796,2.3270283482294154,-0.204,False,False,0.0,False,True,0.0,0.0,-0.006516516209011032,0.006516516209011032,2.813205914607665
2011-09-13 00:00:00-04:00,34.32268142700195,15.772347450256348,-2.0404818103079694,2.1394933488965933,-0.4,False,False,0.0,False,False,0.0,0.0,-0.0028198262909474537,-0.0,2.813205914607665
2011-09-14 00:00:00-04:00,34.32268142700195,16.014284133911133,-2.042098576360895,1.6199345957031568,-0.988,False,False,0.0,False,False,0.0,0.0,-0.007751666295829924,-0.0,2.813205914607665
2011-09-15 00:00:00-04:00,34.407405853271484,16.427902221679688,-2.0413170910550305,0.8728482779758338,-1.734,True,False,1.0,False,False,0.0,1.0,-0.01099594830686333,-0.0,2.813205914607665
2011-09-16 00:00:00-04:00,34.619232177734375,16.342060089111328,-2.0397161220572557,1.2860687463455633,-1.233,False,False,1.0,False,False,0.0,1.0,0.006081028706429464,0.006081028706429464,2.8192869433140944
2011-09-19 00:00:00-04:00,33.80218505859375,16.31083869934082,-2.0362999550841243,0.5884249477416432,-1.845,True,False,1.0,False,False,0.0,1.0,-0.01041011653032676,-0.01041011653032676,2.8088768267837674
2011-09-20 00:00:00-04:00,33.66902542114258,16.342060089111328,-2.0314837943852417,0.4703951832430775,-1.828,False,False,1.0,False,False,0.0,1.0,-0.00176512490733037,-0.00176512490733037,2.8071117018764373
2011-09-21 00:00:00-04:00,32.428321838378906,15.951851844787598,-2.025150664197754,0.12341847972313502,-2.058,False,False,1.0,False,False,0.0,1.0,-0.005360102211249579,-0.005360102211249579,2.801751599665188
2011-09-22 00:00:00-04:00,31.895700454711914,15.6084623336792,-2.018351966368139,0.39232981154747293,-1.733,False,False,1.0,False,False,0.0,1.0,0.004241565801637518,0.004241565801637518,2.805993165466825
2011-09-23 00:00:00-04:00,32.36777114868164,15.733328819274902,-2.0118181380701894,0.715174857841955,-1.458,False,False,1.0,False,False,0.0,1.0,0.0050428490058178265,0.0050428490058178265,2.811036014472643
2011-09-26 00:00:00-04:00,33.41484069824219,16.02988624572754,-2.006407586800208,1.2523553192701513,-1.03,False,False,1.0,False,False,0.0,1.0,0.008191557868579325,0.008191557868579325,2.8192275723412226
2011-09-27 00:00:00-04:00,33.590354919433594,16.146955490112305,-2.0017571993822116,1.2680705189971633,-0.973,False,False,1.0,False,False,0.0,1.0,0.00023842467680207821,0.00023842467680207821,2.8194659970180247
2011-09-28 00:00:00-04:00,32.74906921386719,15.811366081237793,-1.9974402823886996,1.166809683608463,-1.011,False,False,1.0,False,False,0.0,1.0,-0.001574051669155776,-0.001574051669155776,2.817891945348869
2011-09-29 00:00:00-04:00,33.40878677368164,15.89721965789795,-1.994312985435042,1.7047551776225447,-0.493,False,False,1.0,False,False,0.0,1.0,0.008261744883463316,0.008261744883463316,2.8261536902323323
2011-09-30 00:00:00-04:00,33.38458251953125,15.71772575378418,-1.992621107202535,2.065110425320018,-0.179,False,False,1.0,False,False,0.0,1.0,0.005569283870209543,0.005569283870209543,2.831722974102542
2011-10-03 00:00:00-04:00,32.4222526550293,14.968513488769531,-1.992818002569921,2.592729502898681,0.327,False,True,0.0,False,False,0.0,0.0,0.008475566692476245,0.008475566692476245,2.8401985407950177
2011-10-04 00:00:00-04:00,33.67508316040039,15.51480484008789,-1.9944889609587702,2.730976175415396,0.461,False,False,0.0,False,False,0.0,0.0,0.002139405836032245,0.0,2.8401985407950177
2011-10-05 00:00:00-04:00,33.372459411621094,15.522610664367676,-1.99649589959747,2.381630869163068,0.15,False,False,0.0,False,False,0.0,0.0,-0.0054277106928032216,-0.0,2.8401985407950177
2011-10-06 00:00:00-04:00,34.328739166259766,15.990867614746094,-1.9987114346172963,2.3676092152153387,0.156,False,False,0.0,False,False,0.0,0.0,-0.00021152031425672514,-0.0,2.8401985407950177
2011-10-07 00:00:00-04:00,33.299842834472656,15.850390434265137,-1.9996655835801618,1.6043625967644495,-0.528,False,False,0.0,False,True,0.0,0.0,-0.011743100616689943,-0.0,2.8401985407950177
2011-10-10 00:00:00-04:00,35.29710388183594,16.357666015625,-2.0015424173081438,2.556541503402606,0.375,False,True,0.0,False,False,0.0,0.0,0.013994878998284855,0.0,2.8401985407950177
2011-10-11 00:00:00-04:00,33.6085090637207,16.482540130615234,-2.000479435839421,0.6355264820269255,-1.352,False,False,0.0,False,True,0.0,0.0,-0.028852087478096963,-0.0,2.8401985407950177
2011-10-12 00:00:00-04:00,34.30451202392578,16.794702529907227,-1.9976909417879083,0.7538869099076493,-1.171,False,False,0.0,False,False,0.0,0.0,0.0017443104954619243,0.0,2.8401985407950177
2011-10-13 00:00:00-04:00,33.94744873046875,16.76348876953125,-1.9933612221023025,0.5317602701377169,-1.299,False,False,0.0,False,False,0.0,0.0,-0.0032974509358253234,-0.0,2.8401985407950177
2011-10-14 00:00:00-04:00,34.582923889160156,16.84933090209961,-1.9890298601657346,1.069101601070777,-0.749,False,False,0.0,False,False,0.0,0.0,0.007890851782174881,0.0,2.8401985407950177
2011-10-17 00:00:00-04:00,34.159263610839844,16.381080627441406,-1.985770124106664,1.6302031002842483,-0.17,False,False,0.0,False,False,0.0,0.0,0.008413789169331587,0.0,2.8401985407950177
2011-10-18 00:00:00-04:00,35.660240173339844,16.708852767944336,-1.984797392763233,2.4965527634591993,0.786,False,True,0.0,False,False,0.0,0.0,0.012587913732871152,0.0,2.8401985407950177
2011-10-19 00:00:00-04:00,35.59367370605469,16.568387985229492,-1.9856751218106385,2.6942378752781977,1.065,False,False,0.0,False,False,0.0,0.0,0.002886204366480048,0.0,2.8401985407950177
2011-10-20 00:00:00-04:00,35.962860107421875,16.412290573120117,-1.988898967860081,3.3204723263235394,1.74,False,False,0.0,True,False,-1.0,-1.0,0.009128083788326784,0.0,2.8401985407950177
2011-10-21 00:00:00-04:00,36.78596496582031,16.521556854248047,-1.9945836553051053,3.8323377041431286,2.133,False,False,0.0,False,False,-1.0,-1.0,0.007339666916173432,-0.007339666916173432,2.8328588738788447
2011-10-24 00:00:00-04:00,38.39588928222656,17.294178009033203,-2.0018183337346307,3.776086676873625,1.923,False,False,0.0,False,False,-1.0,-1.0,-0.000770396415007776,0.000770396415007776,2.8336292702938524
2011-10-25 00:00:00-04:00,37.403316497802734,17.09126853942871,-2.0087161347543727,3.071809619232482,1.211,False,False,0.0,False,False,-1.0,-1.0,-0.009817784786978478,0.009817784786978478,2.843447055080831
2011-10-26 00:00:00-04:00,36.79807662963867,17.262956619262695,-2.013477628004183,2.0394996835465093,0.249,False,False,0.0,False,False,-1.0,-1.0,-0.01442647027356365,0.01442647027356365,2.8578735253543943
2011-10-27 00:00:00-04:00,38.14772033691406,17.78584098815918,-2.017297546155212,2.268386955193762,0.496,False,False,0.0,False,False,-1.0,-1.0,0.0030919408533698835,-0.0030919408533698835,2.8547815845010245
2011-10-28 00:00:00-04:00,37.808815002441406,17.770235061645508,-2.0198325501391268,1.915915801306241,0.154,False,False,0.0,False,False,-1.0,-1.0,-0.004782401029559993,0.004782401029559993,2.8595639855305848
2011-10-31 00:00:00-04:00,37.724090576171875,17.36441421508789,-2.022799653337724,2.5993595214794425,0.823,False,True,0.0,False,False,-1.0,-1.0,0.00938167158881871,-0.00938167158881871,2.850182313941766
2011-11-01 00:00:00-04:00,37.23384094238281,16.435714721679688,-2.02838645571936,3.8958598108604434,1.931,False,False,0.0,True,False,-1.0,-1.0,0.018371359152712003,-0.018371359152712003,2.831810954789054
2011-11-02 00:00:00-04:00,37.80276107788086,17.223939895629883,-2.0336330696118234,2.775587317121513,0.826,False,False,0.0,False,False,-1.0,-1.0,-0.015382033448484777,0.015382033448484777,2.847192988237539
2011-11-03 00:00:00-04:00,37.91775131225586,17.770235061645508,-2.0367410316544277,1.724384420058307,-0.178,False,False,0.0,False,False,-1.0,-1.0,-0.014184145679238152,0.014184145679238152,2.8613771339167773
2011-11-04 00:00:00-04:00,38.498775482177734,17.528308868408203,-2.0403218912845795,2.7353831807668385,0.732,False,True,0.0,False,False,-1.0,-1.0,0.013613913933333286,-0.013613913933333286,2.847763219983444
2011-11-07 00:00:00-05:00,38.64402389526367,17.55171012878418,-2.044253578476955,2.763877656106395,0.713,False,False,0.0,False,False,-1.0,-1.0,0.00038235213204199743,-0.00038235213204199743,2.8473808678514017
2011-11-08 00:00:00-05:00,39.06769561767578,17.543909072875977,-2.049058361285668,3.1192020422637654,1.02,False,False,0.0,False,False,-1.0,-1.0,0.004736636051223341,-0.004736636051223341,2.8426442318001786
2011-11-09 00:00:00-05:00,37.724090576171875,16.755680084228516,-2.054690746034793,3.2963497635880614,1.151,False,False,0.0,False,False,-1.0,-1.0,0.002455207552110772,-0.002455207552110772,2.840189024248068
2011-11-10 00:00:00-05:00,38.00248336791992,17.013229370117188,-2.060241734015066,2.9511181892336396,0.737,False,False,0.0,False,False,-1.0,-1.0,-0.004725713719711485,0.004725713719711485,2.8449147379677795
2011-11-11 00:00:00-05:00,38.86191177368164,17.239532470703125,-2.066281777969127,3.2401799687606925,0.996,False,False,0.0,False,False,-1.0,-1.0,0.003880875929787269,-0.003880875929787269,2.841033862037992
2011-11-14 00:00:00-05:00,37.99644470214844,17.067855834960938,-2.071527017949946,2.639920201552222,0.293,False,False,0.0,False,False,-1.0,-1.0,-0.008183169321331446,0.008183169321331446,2.8492170313593235
2011-11-15 00:00:00-05:00,38.73482131958008,17.208328247070312,-2.0769189134865345,2.994518913755165,0.648,False,False,0.0,False,False,-1.0,-1.0,0.004761304103506741,-0.004761304103506741,2.8444557272558164
2011-11-16 00:00:00-05:00,38.8437614440918,17.11467933654785,-2.0827652978803464,3.197901237580105,0.833,False,False,0.0,False,False,-1.0,-1.0,0.0027303444334690345,-0.0027303444334690345,2.8417253828223474
2011-11-17 00:00:00-05:00,38.8861198425293,16.982006072998047,-2.089268879893504,3.4061430360519864,1.016,False,False,0.0,False,False,-1.0,-1.0,0.002800224939258841,-0.002800224939258841,2.8389251578830885
2011-11-18 00:00:00-05:00,39.2492561340332,17.1614990234375,-2.095975661232729,3.2791718706389545,0.838,False,False,0.0,False,False,-1.0,-1.0,-0.001688012215238388,0.001688012215238388,2.840613170098327
2011-11-21 00:00:00-05:00,38.14772033691406,16.91176986694336,-2.101573263379354,2.6063969481212865,0.081,False,False,0.0,False,False,-1.0,-1.0,-0.009129917943051916,0.009129917943051916,2.8497430880413788
2011-11-22 00:00:00-05:00,38.17194747924805,16.599594116210938,-2.1074999028327333,3.1883044922706887,0.708,False,True,0.0,False,False,-1.0,-1.0,0.007954382439412586,-0.007954382439412586,2.8417887056019664
2011-11-23 00:00:00-05:00,37.185428619384766,16.521556854248047,-2.1120266728332626,2.2914598664816808,-0.297,False,False,0.0,False,True,0.0,0.0,-0.012442454549901873,0.012442454549901873,2.854231160151868
2011-11-25 00:00:00-05:00,37.65750503540039,16.466928482055664,-2.1165848134101664,2.803854286770047,0.243,False,True,0.0,False,False,0.0,0.0,0.007066421914642987,0.0,2.854231160151868
2011-11-28 00:00:00-05:00,38.33537292480469,16.982006072998047,-2.1203361695782914,2.3278112162287243,-0.293,False,False,0.0,False,True,0.0,0.0,-0.006403339777867407,-0.0,2.854231160151868
2011-11-29 00:00:00-05:00,38.21430969238281,16.927377700805664,-2.123456856066172,2.269753458385388,-0.449,False,False,0.0,False,False,0.0,0.0,-0.0007828835718843387,-0.0,2.854231160151868
2011-11-30 00:00:00-05:00,38.432212829589844,17.614151000976562,-2.1239169796587314,1.0212184363428847,-2.047,True,False,1.0,False,False,0.0,1.0,-0.016462054648798692,-0.0,2.854231160151868
2011-12-01 00:00:00-05:00,38.008544921875,17.543909072875977,-2.122205854845329,0.7767583705435186,-2.423,False,False,1.0,False,False,0.0,1.0,-0.0032490562044695365,-0.0032490562044695365,2.8509821039473984
2011-12-02 00:00:00-05:00,38.27483367919922,17.497087478637695,-2.119849772826721,1.1836367624798356,-1.917,False,False,1.0,False,False,0.0,1.0,0.00539869738022731,0.00539869738022731,2.856380801327626
2011-12-05 00:00:00-05:00,39.1766357421875,17.489286422729492,-2.118798429652351,2.1203631339680697,-0.727,False,False,1.0,False,False,0.0,1.0,0.012287690339486226,0.012287690339486226,2.868668491667112
2011-12-06 00:00:00-05:00,39.2916259765625,17.333200454711914,-2.1193750930415125,2.5560726501502486,-0.148,False,False,1.0,False,False,0.0,1.0,0.00573097042632398,0.00573097042632398,2.874399462093436
2011-12-07 00:00:00-05:00,39.630558013916016,17.442455291748047,-2.121126990048479,2.632895321875317,-0.043,False,False,1.0,False,False,0.0,1.0,0.0010025375901635226,0.0010025375901635226,2.8754019996835996
2011-12-08 00:00:00-05:00,38.946651458740234,17.466033935546875,-2.122250884827788,1.8793454845937063,-0.988,False,False,1.0,False,True,0.0,1.0,-0.009913308854455117,-0.009913308854455117,2.865488690829144
2011-12-09 00:00:00-05:00,39.26136779785156,17.819759368896484,-2.1221817455717176,1.4445997546988565,-1.483,False,False,1.0,False,False,0.0,1.0,-0.005640324913820404,-0.005640324913820404,2.859848365915324
2011-12-12 00:00:00-05:00,38.95875549316406,17.59966468811035,-2.1216699679433413,1.618075478527416,-1.19,False,False,1.0,False,False,0.0,1.0,0.00227361739538458,0.00227361739538458,2.8621219833107086
2011-12-13 00:00:00-05:00,38.88534927368164,17.638973236083984,-2.120625001971669,1.479701620132822,-1.294,False,False,1.0,False,False,0.0,1.0,-0.0018137639297934583,-0.0018137639297934583,2.860308219380915
2011-12-14 00:00:00-05:00,38.915924072265625,17.371707916259766,-2.120342556473869,2.0819524987860447,-0.486,False,False,1.0,False,False,0.0,1.0,0.007950517601631187,0.007950517601631187,2.868258736982546
2011-12-15 00:00:00-05:00,39.28294372558594,17.426738739013672,-2.120975718897289,2.32125400057118,-0.167,False,False,1.0,False,False,0.0,1.0,0.003138601249098799,0.003138601249098799,2.8713973382316453
2011-12-16 00:00:00-05:00,40.108741760253906,17.458179473876953,-2.1234866634795013,3.036530478844618,0.751,False,True,0.0,False,False,0.0,0.0,0.0092675258607823,0.0092675258607823,2.8806648640924273
2011-12-19 00:00:00-05:00,40.04145431518555,17.017990112304688,-2.1285778882008595,3.817336860512931,1.674,False,False,0.0,True,False,-1.0,-1.0,0.01023799289179269,0.0,2.8806648640924273
2011-12-20 00:00:00-05:00,41.050743103027344,17.426738739013672,-2.135366005360529,3.8382776154381375,1.71,False,False,0.0,False,False,-1.0,-1.0,0.00026756831597263465,-0.00026756831597263465,2.8803972957764548
2011-12-21 00:00:00-05:00,40.347286224365234,17.4896183013916,-2.141522357189111,2.8928776132312777,0.485,False,False,0.0,False,False,-1.0,-1.0,-0.01215140626699426,0.01215140626699426,2.892548702043449
2011-12-22 00:00:00-05:00,40.45127868652344,17.780452728271484,-2.146197317977127,2.2909187286880837,-0.316,False,False,0.0,False,True,0.0,0.0,-0.0076573761204301125,0.0076573761204301125,2.900206078163879
2011-12-23 00:00:00-05:00,40.61032485961914,17.749008178710938,-2.150202791784681,2.4463579223457472,-0.101,False,False,0.0,False,False,0.0,0.0,0.0019732223560757585,0.0,2.900206078163879
2011-12-27 00:00:00-05:00,41.05686950683594,17.615386962890625,-2.154955886487068,3.096487678407229,0.731,False,True,0.0,False,False,0.0,0.0,0.008227693890578739,0.0,2.900206078163879
2011-12-28 00:00:00-05:00,40.98345184326172,17.442455291748047,-2.1605361446274225,3.298396734392213,0.98,False,False,0.0,False,False,0.0,0.0,0.0025665805009855262,0.0,2.900206078163879
2011-12-29 00:00:00-05:00,41.06908416748047,17.686126708984375,-2.1656898756369127,2.7664186146014202,0.318,False,False,0.0,False,False,0.0,0.0,-0.006702360999537548,-0.0,2.900206078163879
2011-12-30 00:00:00-05:00,40.781585693359375,17.725439071655273,-2.1697639497289933,2.3215670025640094,-0.241,False,False,0.0,False,True,0.0,0.0,-0.005613864276154964,-0.0,2.900206078163879
2012-01-03 00:00:00-05:00,40.585853576660156,17.819759368896484,-2.1723440469311974,1.8752053938914486,-0.779,False,False,0.0,False,False,0.0,0.0,-0.005629020180823873,-0.0,2.900206078163879
2012-01-04 00:00:00-05:00,40.08428192138672,17.772598266601562,-2.1732221337151993,1.460477994779815,-1.25,False,False,0.0,False,False,0.0,0.0,-0.00526918415869728,-0.0,2.900206078163879
2012-01-05 00:00:00-05:00,40.42680740356445,17.835477828979492,-2.173393478558506,1.6632962030856007,-0.933,False,False,0.0,False,False,0.0,0.0,0.002561149037925832,0.0,2.900206078163879
2012-01-06 00:00:00-05:00,40.81219482421875,17.741159439086914,-2.174164809867734,2.239990285503197,-0.16,False,False,0.0,False,False,0.0,0.0,0.007264577008147809,0.0,2.900206078163879
2012-01-09 00:00:00-05:00,40.77548599243164,17.874784469604492,-2.1747040623545066,1.9031195926715085,-0.555,False,False,0.0,False,True,0.0,0.0,-0.004229501269825992,-0.0,2.900206078163879
2012-01-10 00:00:00-05:00,40.92228698730469,18.157760620117188,-2.1742595299322005,1.4426029167872727,-1.106,False,False,0.0,False,False,0.0,0.0,-0.005727678934053114,-0.0,2.900206078163879
2012-01-11 00:00:00-05:00,41.081336975097656,18.338552474975586,-2.172812486115643,1.2351011801837757,-1.3,False,False,0.0,False,False,0.0,0.0,-0.0025640425074059396,-0.0,2.900206078163879
2012-01-12 00:00:00-05:00,40.86722183227539,18.275671005249023,-2.1706659953467597,1.1968442390366008,-1.273,False,False,0.0,False,False,0.0,0.0,-0.0004750196357982728,-0.0,2.900206078163879
2012-01-13 00:00:00-05:00,40.69596481323242,18.03199577331543,-2.168800311752134,1.5881667585527595,-0.726,False,False,0.0,False,False,0.0,0.0,0.004903559750232074,0.0,2.900206078163879
2012-01-17 00:00:00-05:00,40.98345184326172,18.244226455688477,-2.1668570122547632,1.4508218145892755,-0.853,False,False,0.0,False,False,0.0,0.0,-0.0017058075948347764,-0.0,2.900206078163879
2012-01-18 00:00:00-05:00,41.179195404052734,18.590091705322266,-2.1639485635886913,0.9511931613385727,-1.408,False,False,0.0,False,False,0.0,0.0,-0.006137401454581894,-0.0,2.900206078163879
2012-01-19 00:00:00-05:00,41.31376647949219,18.652978897094727,-2.1605489549650265,1.0130924163894832,-1.252,False,False,0.0,False,False,0.0,0.0,0.0007584350837840404,0.0,2.900206078163879
2012-01-20 00:00:00-05:00,41.64408493041992,18.85734748840332,-2.15676654013838,0.9731888316691197,-1.297,False,False,0.0,False,False,0.0,0.0,-0.0004847669794909201,-0.0,2.900206078163879
2012-01-23 00:00:00-05:00,41.839820861816406,18.928089141845703,-2.1529600818527914,1.0884005136713455,-1.185,False,False,0.0,False,False,0.0,0.0,0.0013949624719809864,0.0,2.900206078163879
2012-01-24 00:00:00-05:00,41.381065368652344,18.794462203979492,-2.1489753261319384,0.992229824381127,-1.287,False,False,0.0,False,False,0.0,0.0,-0.001176113560326193,-0.0,2.900206078163879
2012-01-25 00:00:00-05:00,42.10896301269531,18.873065948486328,-2.146002558248828,1.6073152052448094,-0.504,False,False,0.0,False,False,0.0,0.0,0.007445597784076484,0.0,2.900206078163879
2012-01-26 00:00:00-05:00,42.56774139404297,18.849483489990234,-2.1446366289543293,2.1424486645400265,0.174,False,False,0.0,False,False,0.0,0.0,0.006447932226439647,0.0,2.900206078163879
2012-01-27 00:00:00-05:00,42.830780029296875,18.873065948486328,-2.1446535154557864,2.354592795446777,0.451,False,True,0.0,False,False,0.0,0.0,0.002546535276414968,0.0,2.900206078163879
2012-01-30 00:00:00-05:00,42.573856353759766,18.88092613220215,-2.1450178433810576,2.0739329006264597,0.093,False,False,0.0,False,False,0.0,0.0,-0.0033784413743147097,-0.0,2.900206078163879
2012-01-31 00:00:00-05:00,43.3446044921875,18.841625213623047,-2.147074563881629,2.8902302538266937,1.051,False,True,0.0,False,False,0.0,0.0,0.009741137249715178,0.0,2.900206078163879
2012-02-01 00:00:00-05:00,44.0174560546875,19.30539894104004,-2.149517672486862,2.520159856512784,0.559,False,False,0.0,False,False,0.0,0.0,-0.004327562058761896,-0.0,2.900206078163879
2012-02-02 00:00:00-05:00,43.65655517578125,19.093164443969727,-2.1522675951030483,2.562956055051494,0.574,False,False,0.0,False,False,0.0,0.0,0.0005049689749116104,0.0,2.900206078163879
2012-02-03 00:00:00-05:00,43.73606491088867,19.250370025634766,-2.154656140150777,2.258136934980257,0.189,False,False,0.0,False,False,0.0,0.0,-0.0035771017146934425,-0.0,2.900206078163879
2012-02-06 00:00:00-05:00,43.570919036865234,19.226787567138672,-2.156545088213335,2.107484746831119,0.009,False,False,0.0,False,False,0.0,0.0,-0.0017716626546212763,-0.0,2.900206078163879
2012-02-07 00:00:00-05:00,43.301780700683594,18.967395782470703,-2.1585743646043043,2.359246401338538,0.354,False,True,0.0,False,False,0.0,0.0,0.0029884705514827137,0.0,2.900206078163879
2012-02-08 00:00:00-05:00,42.94087219238281,18.959529876708984,-2.1600213300306272,1.9878832513384594,-0.053,False,False,0.0,False,False,0.0,0.0,-0.004426583125187816,-0.0,2.900206078163879
2012-02-09 00:00:00-05:00,42.28025817871094,19.06171226501465,-2.159544029504544,1.1156512646650114,-1.244,False,False,0.0,False,True,0.0,0.0,-0.010452794017988761,-0.0,2.900206078163879
2012-02-10 00:00:00-05:00,42.06003189086914,18.93594741821289,-2.1580291317323117,1.19570572541447,-1.064,False,False,0.0,False,False,0.0,0.0,0.0009653913834953553,0.0,2.900206078163879
2012-02-13 00:00:00-05:00,42.54328155517578,18.983118057250977,-2.1566086341712545,1.6041252494160716,-0.414,False,False,0.0,False,False,0.0,0.0,0.004892280753491461,0.0,2.900206078163879
2012-02-14 00:00:00-05:00,42.59221267700195,19.030271530151367,-2.1551996156611195,1.5781787892929842,-0.419,False,False,0.0,False,False,0.0,0.0,-0.0003103411669486319,-0.0,2.900206078163879
2012-02-15 00:00:00-05:00,42.323062896728516,18.975255966186523,-2.1535845091947414,1.45824558994412,-0.56,False,False,0.0,False,False,0.0,0.0,-0.001441714815372823,-0.0,2.900206078163879
2012-02-16 00:00:00-05:00,42.63502502441406,19.211069107055664,-2.1515581597242552,1.3012925301018896,-0.789,False,False,0.0,False,False,0.0,0.0,-0.001869184021297774,-0.0,2.900206078163879
2012-02-17 00:00:00-05:00,42.775718688964844,19.124603271484375,-2.149923514700131,1.6592844062895296,-0.097,False,False,0.0,False,False,0.0,0.0,0.004267286790323042,0.0,2.900206078163879
2012-02-21 00:00:00-05:00,42.56162643432617,19.124603271484375,-2.1482057410664757,1.4780438909047362,-0.4,False,False,0.0,False,True,0.0,0.0,-0.002166777004920979,-0.0,2.900206078163879
2012-02-22 00:00:00-05:00,42.133426666259766,19.179628372192383,-2.1455500914109797,0.9825732590737815,-1.27,False,False,0.0,False,False,0.0,0.0,-0.005949149484080488,-0.0,2.900206078163879
2012-02-23 00:00:00-05:00,43.36906433105469,19.446884155273438,-2.143569140430059,1.6833235782922742,0.032,False,False,0.0,False,False,0.0,0.0,0.008238809300990574,0.0,2.900206078163879
2012-02-24 00:00:00-05:00,43.301780700683594,19.517629623413086,-2.141678135492191,1.5013000795851,-0.301,False,False,0.0,False,True,0.0,0.0,-0.002138879694617292,-0.0,2.900206078163879
2012-02-27 00:00:00-05:00,43.3446044921875,19.533349990844727,-2.1399224359009996,1.5447505984722838,-0.184,False,False,0.0,False,False,0.0,0.0,0.0005103152889909972,0.0,2.900206078163879
2012-02-28 00:00:00-05:00,43.38129425048828,19.407583236694336,-2.1388391514857172,1.87159538812854,0.442,False,True,0.0,False,False,0.0,0.0,0.0038501704087943955,0.0,2.900206078163879
2012-02-29 00:00:00-05:00,44.3477668762207,19.132455825805664,-2.1408753378850074,3.387564045579026,2.811,False,False,0.0,True,False,-1.0,-1.0,0.017770539641954904,0.0,2.900206078163879
2012-03-01 00:00:00-05:00,44.818790435791016,19.124603271484375,-2.145519727428466,3.786576837578309,2.903,False,False,0.0,False,False,-1.0,-1.0,0.004647735882520869,-0.004647735882520869,2.895558342281358
2012-03-02 00:00:00-05:00,44.32942581176758,18.912372589111328,-2.15148129084378,3.6398100208278166,2.375,False,False,0.0,False,False,-1.0,-1.0,-0.0017262817127053909,0.0017262817127053909,2.897284623994064
2012-03-05 00:00:00-05:00,44.60468292236328,18.888790130615234,-2.158587165857362,3.831582967844035,2.322,False,False,0.0,False,False,-1.0,-1.0,0.002246169208829905,-0.002246169208829905,2.895038454785234
2012-03-06 00:00:00-05:00,44.06639099121094,18.684412002563477,-2.165964109850291,3.596625180002448,1.861,False,False,0.0,False,False,-1.0,-1.0,-0.0027793762660720182,0.0027793762660720182,2.897817831051306
2012-03-07 00:00:00-05:00,44.21319580078125,18.715852737426758,-2.1734082906068135,3.5360062954817124,1.665,False,False,0.0,False,False,-1.0,-1.0,-0.0007140842193396595,0.0007140842193396595,2.8985319152706457
2012-03-08 00:00:00-05:00,44.01133346557617,18.85734748840332,-2.1797929716901168,2.9062199456363373,0.905,False,False,0.0,False,False,-1.0,-1.0,-0.007399114649987021,0.007399114649987021,2.905931029920633
2012-03-09 00:00:00-05:00,43.66878890991211,19.148181915283203,-2.1836761559489553,1.8553606317351807,-0.319,False,False,0.0,False,True,0.0,0.0,-0.012293309046826897,0.012293309046826897,2.91822433896746
2012-03-12 00:00:00-04:00,43.99298858642578,19.15609359741211,-2.1864656243368206,2.108848439105543,-0.062,False,False,0.0,False,False,0.0,0.0,0.0029517499141858542,0.0,2.91822433896746
2012-03-13 00:00:00-04:00,44.709842681884766,19.440948486328125,-2.1886781319978703,2.159863864561302,-0.044,False,False,0.0,False,False,0.0,0.0,0.0005846382055253459,0.0,2.91822433896746
2012-03-14 00:00:00-04:00,44.697486877441406,19.314346313476562,-2.190925478466907,2.381193439312227,0.201,False,True,0.0,False,False,0.0,0.0,0.00254361520609994,0.0,2.91822433896746
2012-03-15 00:00:00-04:00,44.17219924926758,19.456777572631836,-2.1916730930044115,1.5293033667586968,-0.818,False,False,0.0,False,True,0.0,0.0,-0.00981269526066231,-0.0,2.91822433896746
2012-03-16 00:00:00-04:00,44.36994934082031,19.3222599029541,-2.1923571814113307,2.008654081482689,-0.221,False,False,0.0,False,False,0.0,0.0,0.005526851562362098,0.0,2.91822433896746
2012-03-19 00:00:00-04:00,44.901390075683594,19.282695770263672,-2.1940466989379233,2.594255074312329,0.472,False,True,0.0,False,False,0.0,0.0,0.006714951231112103,0.0,2.91822433896746
2012-03-20 00:00:00-04:00,44.91994094848633,19.187747955322266,-2.1966619925579973,2.770944292247478,0.694,False,False,0.0,False,False,0.0,0.0,0.0020293025595107283,0.0,2.91822433896746
2012-03-21 00:00:00-04:00,44.79017639160156,19.179832458496094,-2.1995432132865913,2.603306075542605,0.486,False,False,0.0,False,False,0.0,0.0,-0.0019273845577710115,-0.0,2.91822433896746
2012-03-22 00:00:00-04:00,44.28961181640625,19.14027214050293,-2.2017743943090724,2.147050717339596,-0.055,False,False,0.0,False,False,0.0,0.0,-0.005278767648815309,-0.0,2.91822433896746
2012-03-23 00:00:00-04:00,44.913753509521484,19.330171585083008,-2.2039056585200223,2.3118789729940943,0.144,False,False,0.0,False,False,0.0,0.0,0.00188341510350322,0.0,2.91822433896746
2012-03-26 00:00:00-04:00,45.32160949707031,19.504243850708008,-2.205949881991159,2.2962250762741903,0.118,False,False,0.0,False,False,0.0,0.0,-0.00017718652356702694,-0.0,2.91822433896746
2012-03-27 00:00:00-04:00,45.303077697753906,19.36182975769043,-2.2083791322680244,2.544816898344301,0.414,False,True,0.0,False,False,0.0,0.0,0.0028229394001105046,0.0,2.91822433896746
2012-03-28 00:00:00-04:00,45.1547737121582,19.05323600769043,-2.21186398500319,3.0116071889817846,0.934,False,False,0.0,False,False,0.0,0.0,0.005347093979298104,0.0,2.91822433896746
2012-03-29 00:00:00-04:00,45.06825637817383,18.9741153717041,-2.216006801490489,3.0214876622123086,0.893,False,False,0.0,False,False,0.0,0.0,0.0001134187038326314,0.0,2.91822433896746
2012-03-30 00:00:00-04:00,45.7109375,18.918724060058594,-2.221713682957137,3.6789493916774205,1.588,False,False,0.0,True,False,-1.0,-1.0,0.007493045449612299,0.0,2.91822433896746
2012-04-02 00:00:00-04:00,45.95195388793945,19.14027214050293,-2.227741130349744,3.312382394453742,1.079,False,False,0.0,False,False,-1.0,-1.0,-0.004137720799426894,0.004137720799426894,2.9223620597668862
2012-04-03 00:00:00-04:00,45.68003845214844,19.021587371826172,-2.2337406739460035,3.190745056682651,0.879,False,False,0.0,False,False,-1.0,-1.0,-0.0013795878365203045,0.0013795878365203045,2.923741647603407
2012-04-04 00:00:00-04:00,45.48227310180664,18.7050838470459,-2.240386528531305,3.575655235836493,1.266,False,False,0.0,False,False,-1.0,-1.0,0.004404566471678545,-0.004404566471678545,2.9193370811317285
2012-04-05 00:00:00-04:00,45.389591217041016,18.633872985839844,-2.247318586898864,3.513342110050502,1.129,False,False,0.0,False,False,-1.0,-1.0,-0.0007140609149538097,0.0007140609149538097,2.920051142046682
2012-04-09 00:00:00-04:00,45.27217102050781,18.341108322143555,-2.255111207274487,3.910932089406515,1.509,False,False,0.0,True,False,-1.0,-1.0,0.0045893377575475245,-0.0045893377575475245,2.9154618042891345
2012-04-10 00:00:00-04:00,44.29578399658203,18.24616813659668,-2.2618788692416176,3.0251618437843035,0.402,False,False,0.0,False,False,-1.0,-1.0,-0.010351845840946682,0.010351845840946682,2.925813650130081
2012-04-11 00:00:00-04:00,44.40702819824219,18.55474281311035,-2.2668523375755703,2.3461660792294765,-0.524,False,False,0.0,False,True,0.0,0.0,-0.007852576974684574,0.007852576974684574,2.9336662271047658
2012-04-12 00:00:00-04:00,44.84577941894531,18.523096084594727,-2.271467736910321,2.7711642750984993,-0.002,False,False,0.0,False,False,0.0,0.0,0.004889510660953109,0.0,2.9336662271047658
2012-04-13 00:00:00-04:00,44.98173141479492,18.277814865112305,-2.276899208122404,3.364989222212813,0.768,False,True,0.0,False,False,0.0,0.0,0.006857221869828983,0.0,2.9336662271047658
2012-04-16 00:00:00-04:00,45.61206817626953,18.20659828186035,-2.284001161744847,4.028176549078758,1.631,False,False,0.0,True,False,-1.0,-1.0,0.007605711644906128,0.0,2.9336662271047658
2012-04-17 00:00:00-04:00,46.31654739379883,18.20659828186035,-2.293088102192202,4.5672134922718755,2.194,False,False,0.0,False,False,-1.0,-1.0,0.006120837437434783,-0.006120837437434783,2.927545389667331
2012-04-18 00:00:00-04:00,46.09406661987305,18.072084426879883,-2.303223026766268,4.470025626219233,1.907,False,False,0.0,False,False,-1.0,-1.0,-0.0011079567115245847,0.0011079567115245847,2.928653346378856
2012-04-19 00:00:00-04:00,46.1064338684082,18.024614334106445,-2.3138867519427015,4.399517551842777,1.733,False,False,0.0,False,False,-1.0,-1.0,-0.0008029311514471816,0.0008029311514471816,2.929456277530303
2012-04-20 00:00:00-04:00,45.50083541870117,18.11956024169922,-2.323148258672319,3.406410595289451,0.488,False,False,0.0,False,False,-1.0,-1.0,-0.011337450837047387,0.011337450837047387,2.9407937283673506
2012-04-23 00:00:00-04:00,45.037353515625,18.008790969848633,-2.330925012044301,3.0602122073272824,0.078,False,False,0.0,False,False,-1.0,-1.0,-0.003978628947541609,0.003978628947541609,2.944772357314892
2012-04-24 00:00:00-04:00,45.16094970703125,17.96922492980957,-2.337943645879754,3.1499144609989003,0.213,False,True,0.0,False,False,-1.0,-1.0,0.0010290261684406598,-0.0010290261684406598,2.943743331146451
2012-04-25 00:00:00-04:00,45.95195388793945,18.16704559326172,-2.34486952591359,3.352602300417267,0.486,False,False,0.0,False,False,-1.0,-1.0,0.0022889311267639467,-0.0022889311267639467,2.9414544000196874
2012-04-26 00:00:00-04:00,45.57497787475586,18.33319664001465,-2.350214447641427,2.488034259942168,-0.627,False,False,0.0,False,True,0.0,0.0,-0.009751289233865854,0.009751289233865854,2.951205689253553
2012-04-27 00:00:00-04:00,46.328914642333984,18.45188331604004,-2.355256439865362,2.869997634586447,-0.174,False,False,0.0,False,False,0.0,0.0,0.00425406614264676,0.0,2.951205689253553
2012-04-30 00:00:00-04:00,46.403045654296875,18.364850997924805,-2.3604307039431234,3.0540874854546587,0.037,False,False,0.0,False,False,0.0,0.0,0.0020510946054304265,0.0,2.951205689253553
2012-05-01 00:00:00-04:00,46.64405822753906,18.45188331604004,-2.365585264700949,2.994554949133459,-0.08,False,False,0.0,False,False,0.0,0.0,-0.0006593220527388364,-0.0,2.951205689253553
2012-05-02 00:00:00-04:00,46.74912643432617,18.222423553466797,-2.3716715752146573,3.5315224610468974,0.634,False,True,0.0,False,False,0.0,0.0,0.00596851202083971,0.0,2.951205689253553
2012-05-03 00:00:00-04:00,46.23002624511719,17.9217529296875,-2.37844652404216,3.604095284759552,0.702,False,False,0.0,False,False,0.0,0.0,0.0008167468563175083,0.0,2.951205689253553
2012-05-04 00:00:00-04:00,45.68003845214844,17.668556213378906,-2.38550796644324,3.5315568495828487,0.546,False,False,0.0,False,False,0.0,0.0,-0.0008259097970854396,-0.0,2.951205689253553
2012-05-07 00:00:00-04:00,45.62443161010742,17.52613067626953,-2.393016346421679,3.6841144122719953,0.744,False,False,0.0,False,False,0.0,0.0,0.0017422257788205799,0.0,2.951205689253553
2012-05-08 00:00:00-04:00,45.69239044189453,17.288747787475586,-2.4016507475456614,4.1708563939753915,1.427,False,False,0.0,False,False,0.0,0.0,0.005581012258658836,0.0,2.951205689253553
2012-05-09 00:00:00-04:00,45.41431427001953,16.893129348754883,-2.4118364980222013,4.670848340882486,2.014,False,False,0.0,True,False,-1.0,-1.0,0.005803212962907663,0.0,2.951205689253553
2012-05-10 00:00:00-04:00,45.14858627319336,16.845659255981445,-2.4224288753886802,4.341174866545316,1.449,False,False,0.0,False,False,-1.0,-1.0,-0.0038353748805883023,0.0038353748805883023,2.9550410641341416
2012-05-11 00:00:00-04:00,45.32160949707031,16.703231811523438,-2.4338517496972814,4.668419526994704,1.822,False,False,0.0,True,False,-1.0,-1.0,0.0038062858241901453,-0.0038062858241901453,2.9512347783099515
2012-05-14 00:00:00-04:00,44.81488800048828,16.65575408935547,-2.4448112520743006,4.094712991049484,0.911,False,False,0.0,False,False,-1.0,-1.0,-0.006707267356296173,0.006707267356296173,2.9579420456662477
2012-05-15 00:00:00-04:00,45.02499771118164,16.790266036987305,-2.455008119628712,3.8047582596516065,0.414,False,False,0.0,False,False,-1.0,-1.0,-0.0033619796401144317,0.0033619796401144317,2.9613040253063625
2012-05-16 00:00:00-04:00,44.604766845703125,16.592449188232422,-2.4645493162068255,3.71185754464841,0.233,False,False,0.0,False,False,-1.0,-1.0,-0.0010865876031967367,0.0010865876031967367,2.9623906129095587
2012-05-17 00:00:00-04:00,42.86211395263672,16.3076114654541,-2.4716406494029117,2.555558559951372,-1.591,True,False,1.0,False,True,0.0,1.0,-0.013903059815662132,0.013903059815662132,2.9762936727252214
2012-05-18 00:00:00-04:00,42.31829833984375,16.022756576538086,-2.477303388123561,2.6250691857068844,-1.388,False,False,1.0,False,False,0.0,1.0,0.0008475714070880381,0.0008475714070880381,2.9771412441323095
2012-05-21 00:00:00-04:00,43.10930633544922,16.188920974731445,-2.482600430101595,2.9186841607002023,-0.907,False,False,1.0,False,False,0.0,1.0,0.003524792640816867,0.003524792640816867,2.980666036773126
2012-05-22 00:00:00-04:00,43.25142288208008,16.331348419189453,-2.4871789495112466,2.6324368767382964,-1.289,False,False,1.0,False,False,0.0,1.0,-0.0034129711272319163,-0.0034129711272319163,2.977253065645894
2012-05-23 00:00:00-04:00,43.83232498168945,16.299694061279297,-2.4923126844886143,3.2083907194793255,-0.413,False,False,1.0,False,False,0.0,1.0,0.006819551894641027,0.006819551894641027,2.9840726175405354
2012-05-24 00:00:00-04:00,44.0177116394043,16.299694061279297,-2.4979723883159295,3.3015259363314797,-0.265,False,False,1.0,False,False,0.0,1.0,0.0010991494522637224,0.0010991494522637224,2.985171766992799
2012-05-25 00:00:00-04:00,43.9188346862793,16.252216339111328,-2.503838242837314,3.225913885546909,-0.349,False,False,1.0,False,False,0.0,1.0,-0.0008936352915662835,-0.0008936352915662835,2.984278131701233
2012-05-29 00:00:00-04:00,44.45646667480469,16.355072021484375,-2.510163593322956,3.4025603202997274,-0.102,False,False,1.0,False,False,0.0,1.0,0.0020657895468690207,0.0020657895468690207,2.9863439212481016
2012-05-30 00:00:00-04:00,43.269981384277344,16.078144073486328,-2.51573589894678,2.8216171501693736,-1.026,False,False,1.0,False,True,0.0,1.0,-0.0069392576482396875,-0.0069392576482396875,2.979404663599862
2012-05-31 00:00:00-04:00,43.73344421386719,16.006933212280273,-2.5217962591918632,3.3672199180047997,-0.213,False,False,1.0,False,False,0.0,1.0,0.00648757334605076,0.00648757334605076,2.9858922369459124
2012-06-01 00:00:00-04:00,42.99806213378906,16.0385799407959,-2.526596634202581,2.47504003798511,-1.521,True,False,1.0,False,False,0.0,1.0,-0.010682091692765338,-0.010682091692765338,2.9752101452531474
2012-06-04 00:00:00-04:00,42.72615051269531,16.070236206054688,-2.5298709094027334,2.0705274277670114,-1.945,False,False,1.0,False,False,0.0,1.0,-0.004851331325358464,-0.004851331325358464,2.970358813927789
2012-06-05 00:00:00-04:00,43.38737487792969,16.14936065673828,-2.532899079575268,2.482674134748244,-1.285,False,False,1.0,False,False,0.0,1.0,0.00488950715644745,0.00488950715644745,2.975248321084236
2012-06-06 00:00:00-04:00,44.41938400268555,16.402549743652344,-2.536377202201976,2.8163307749018784,-0.749,False,False,1.0,False,False,0.0,1.0,0.00387871642441041,0.00387871642441041,2.979127037508647
2012-06-07 00:00:00-04:00,43.7890625,16.584545135498047,-2.5381315990883575,1.6953044350853048,-2.242,True,False,1.0,False,False,0.0,1.0,-0.01305297534993327,-0.01305297534993327,2.9660740621587136
2012-06-08 00:00:00-04:00,44.6418571472168,16.61618995666504,-2.5401029706216662,2.4350236778780356,-1.099,False,False,1.0,False,False,0.0,1.0,0.008517333278617348,0.008517333278617348,2.974591395437331
2012-06-11 00:00:00-04:00,43.671653747558594,16.418384552001953,-2.541324855050671,1.9472050057760555,-1.675,True,False,1.0,False,False,0.0,1.0,-0.005712423142061643,-0.005712423142061643,2.9688789722952693
2012-06-12 00:00:00-04:00,44.277252197265625,16.52124786376953,-2.5426495525118815,2.269508709514149,-1.171,False,False,1.0,False,False,0.0,1.0,0.003735338933256267,0.003735338933256267,2.9726143112285257
2012-06-13 00:00:00-04:00,44.87660598754883,16.426294326782227,-2.5454799810527975,3.063802615843528,-0.093,False,False,1.0,False,False,0.0,1.0,0.009162525298075389,0.009162525298075389,2.981776836526601
2012-06-14 00:00:00-04:00,45.6507568359375,16.35452651977539,-2.550853897591267,3.932749119708703,1.013,False,True,0.0,False,False,0.0,0.0,0.009945734134152059,0.009945734134152059,2.9917225706607526
2012-06-15 00:00:00-04:00,46.225154876708984,16.466163635253906,-2.5581853044458347,4.101657044402039,1.168,False,False,0.0,False,False,0.0,0.0,0.0019118336218397031,0.0,2.9917225706607526
2012-06-18 00:00:00-04:00,46.506099700927734,16.51399803161621,-2.5668154731385813,4.11771402999517,1.125,False,False,0.0,False,False,0.0,0.0,0.00018062971539755678,0.0,2.9917225706607526
2012-06-19 00:00:00-04:00,47.024288177490234,16.737279891967773,-2.5759315099977895,3.91020151211805,0.816,False,False,0.0,False,False,0.0,0.0,-0.002302155083657491,-0.0,2.9917225706607526
2012-06-20 00:00:00-04:00,46.649696350097656,16.713354110717773,-2.5845171950496257,3.4537452639942217,0.237,False,False,0.0,False,False,0.0,0.0,-0.005080449205376983,-0.0,2.9917225706607526
2012-06-21 00:00:00-04:00,46.200164794921875,16.50603485107422,-2.5926459235735657,3.4058608239210955,0.184,False,False,0.0,False,False,0.0,0.0,-0.0005380608563333758,-0.0,2.9917225706607526
2012-06-22 00:00:00-04:00,46.03785705566406,16.681459426879883,-2.599174711214517,2.6798295671668555,-0.709,False,False,0.0,False,True,0.0,0.0,-0.00812152886518599,-0.0,2.9917225706607526
2012-06-25 00:00:00-04:00,45.731929779052734,16.25884437561035,-2.605879022797412,3.36334828572204,0.173,False,False,0.0,False,False,0.0,0.0,0.007758396729866026,0.0,2.9917225706607526
2012-06-26 00:00:00-04:00,45.4759521484375,16.35452651977539,-2.6116232211106576,2.764090919122019,-0.55,False,False,0.0,False,True,0.0,0.0,-0.006795240109119148,-0.0,2.9917225706607526
2012-06-27 00:00:00-04:00,45.394798278808594,16.681459426879883,-2.614968033992957,1.773315117167229,-1.749,True,False,1.0,False,False,0.0,1.0,-0.011130276236236606,-0.0,2.9917225706607526
2012-06-28 00:00:00-04:00,45.956703186035156,16.63361167907715,-2.617915564726189,2.41131227376777,-0.861,False,False,1.0,False,False,0.0,1.0,0.007128293064292011,0.007128293064292011,2.998850863725045
2012-06-29 00:00:00-04:00,46.86820602416992,16.96055030822754,-2.620633628390198,2.420817530425097,-0.815,False,False,1.0,False,False,0.0,1.0,0.0001040923700656899,0.0001040923700656899,2.9989549560951105
2012-07-02 00:00:00-04:00,47.34269332885742,17.040287017822266,-2.623596271578126,2.635859842277789,-0.456,False,False,1.0,False,False,0.0,1.0,0.0023361587972511796,0.0023361587972511796,3.0012911148923616
2012-07-03 00:00:00-04:00,47.75475311279297,17.151920318603516,-2.6268346802388303,2.6994939871922057,-0.318,False,False,1.0,False,False,0.0,1.0,0.0006856387945620014,0.0006856387945620014,3.0019767536869235
2012-07-05 00:00:00-04:00,47.89210510253906,16.976503372192383,-2.631202742683997,3.223482868442339,0.535,False,True,0.0,False,False,0.0,0.0,0.005661028130693364,0.005661028130693364,3.0076377818176168
2012-07-06 00:00:00-04:00,48.09188461303711,16.737279891967773,-2.6376006458511583,3.945624360191303,1.565,False,False,0.0,True,False,-1.0,-1.0,0.007829098176236953,0.0,3.0076377818176168
2012-07-09 00:00:00-04:00,48.64128875732422,16.609695434570312,-2.646626820372218,4.681623341976447,2.374,False,False,0.0,False,False,-1.0,-1.0,0.007948071252189636,-0.007948071252189636,2.999689710565427
2012-07-10 00:00:00-04:00,47.929569244384766,16.70538330078125,-2.6553247713489854,3.571351150940636,0.782,False,False,0.0,False,False,-1.0,-1.0,-0.012030542968502932,0.012030542968502932,3.0117202535339302
2012-07-11 00:00:00-04:00,47.97324752807617,16.817018508911133,-2.6631232199870976,3.187455046042139,0.226,False,False,0.0,False,False,-1.0,-1.0,-0.004138638184015861,0.004138638184015861,3.0158588917179463
2012-07-12 00:00:00-04:00,48.44152069091797,16.856884002685547,-2.6707685480212775,3.4206850789023875,0.541,False,False,0.0,False,False,-1.0,-1.0,0.0024954435356229943,-0.0024954435356229943,3.0133634481823233
2012-07-13 00:00:00-04:00,49.184452056884766,17.032320022583008,-2.678586278532721,3.561913352815793,0.722,False,False,0.0,False,False,-1.0,-1.0,0.0014896398754971401,-0.0014896398754971401,3.011873808306826
2012-07-16 00:00:00-04:00,49.20317459106445,17.19976234436035,-2.68551684480257,3.0129230886837917,-0.028,False,False,0.0,False,False,-1.0,-1.0,-0.005755011499369189,0.005755011499369189,3.017628819806195
2012-07-17 00:00:00-04:00,50.13968276977539,17.31937599182129,-2.6927756520910204,3.5024887895892576,0.644,False,True,0.0,False,False,-1.0,-1.0,0.005058705316253766,-0.005058705316253766,3.0125701144899413
2012-07-18 00:00:00-04:00,47.64238357543945,17.303422927856445,-2.6956291282986076,0.9987727118396421,-2.466,True,False,1.0,False,True,0.0,1.0,-0.02655448555902326,0.02655448555902326,3.0391246000489645
2012-07-19 00:00:00-04:00,45.71945571899414,17.367219924926758,-2.6919204953418974,-1.031719544026366,-3.681,False,False,1.0,False,False,0.0,1.0,-0.02195823943562075,-0.02195823943562075,3.0171663606133436
2012-07-20 00:00:00-04:00,45.894264221191406,17.080156326293945,-2.6859659966210065,0.01754511179469631,-2.38,False,False,1.0,False,False,0.0,1.0,0.011433512181527784,0.011433512181527784,3.0285998727948713
2012-07-23 00:00:00-04:00,46.03785705566406,16.729307174682617,-2.680751394856083,1.1907435121577592,-1.318,False,False,1.0,False,False,0.0,1.0,0.012908607359705436,0.012908607359705436,3.041508480154577
2012-07-24 00:00:00-04:00,46.437400817871094,16.50603485107422,-2.677903777959832,2.2358277310427965,-0.43,False,False,1.0,False,False,0.0,1.0,0.01153018589976395,0.01153018589976395,3.053038666054341
2012-07-25 00:00:00-04:00,47.06172561645508,16.625640869140625,-2.6771227167944693,2.552844764412164,-0.157,False,False,1.0,False,False,0.0,1.0,0.0034619955638103958,0.0034619955638103958,3.056500661618151
2012-07-26 00:00:00-04:00,47.68608093261719,16.809045791625977,-2.677880071864783,2.6734721801593864,-0.081,False,False,1.0,False,False,0.0,1.0,0.0013012850144595296,0.0013012850144595296,3.0578019466326105
2012-07-27 00:00:00-04:00,48.73493957519531,17.040287017822266,-2.680333629281472,3.061285228717807,0.234,False,True,0.0,False,False,0.0,0.0,0.00410781510929158,0.00410781510929158,3.061909761741902
2012-07-30 00:00:00-04:00,49.21569061279297,17.104082107543945,-2.6843196581553697,3.302866776809232,0.407,False,False,0.0,False,False,0.0,0.0,0.0025395282317953963,0.0,3.061909761741902
2012-07-31 00:00:00-04:00,48.74119186401367,16.880809783935547,-2.6893463580397525,3.3428475508247857,0.415,False,False,0.0,False,False,0.0,0.0,0.00042469695134567467,0.0,3.061909761741902
2012-08-01 00:00:00-04:00,48.19802474975586,16.577796936035156,-2.695329131569143,3.5154057308226214,0.549,False,False,0.0,False,False,0.0,0.0,0.0018578486646537076,0.0,3.061909761741902
2012-08-02 00:00:00-04:00,47.854652404785156,16.27478790283203,-2.702541000140963,3.8713708287834336,0.856,False,False,0.0,False,False,0.0,0.0,0.0038760137835339645,0.0,3.061909761741902
2012-08-03 00:00:00-04:00,48.04194259643555,16.67348861694336,-2.7087924658740192,2.876922251023153,0.037,False,False,0.0,False,False,0.0,0.0,-0.010669252021232789,-0.0,3.061909761741902
2012-08-06 00:00:00-04:00,48.01698303222656,16.70538330078125,-2.7140669175903582,2.6774548699097522,-0.101,False,False,0.0,False,False,0.0,0.0,-0.002136619916073507,-0.0,3.061909761741902
2012-08-07 00:00:00-04:00,47.511260986328125,16.880809783935547,-2.7168584638335616,1.6484900484784362,-0.956,False,False,0.0,False,True,0.0,0.0,-0.011019817825440618,-0.0,3.061909761741902
2012-08-08 00:00:00-04:00,47.2865104675293,16.96055030822754,-2.7172351024432686,1.2007078132584255,-1.27,False,False,0.0,False,False,0.0,0.0,-0.00479566394200707,-0.0,3.061909761741902
2012-08-09 00:00:00-04:00,47.57369613647461,17.542640686035156,-2.713786683103651,-0.033288543759887546,-2.108,True,False,1.0,False,False,0.0,1.0,-0.012964777583327427,-0.0,3.061909761741902
2012-08-10 00:00:00-04:00,47.60491943359375,17.62238121032715,-2.707714418197507,-0.1114562525819025,-1.973,False,False,1.0,False,False,0.0,1.0,-0.000820044552728734,-0.000820044552728734,3.0610897171891733
2012-08-13 00:00:00-04:00,47.63612747192383,17.69414520263672,-2.6999105678467012,-0.13648214968905847,-1.824,False,False,1.0,False,False,0.0,1.0,-0.0002623019428778426,-0.0002623019428778426,3.0608274152462953
2012-08-14 00:00:00-04:00,47.61115646362305,18.00513458251953,-2.689714730606497,-0.8175192495321966,-2.087,False,False,1.0,False,False,0.0,1.0,-0.007091194188985763,-0.007091194188985763,3.0537362210573096
2012-08-15 00:00:00-04:00,47.51750183105469,18.24435043334961,-2.6770361385072454,-1.3232836026125412,-2.188,False,False,1.0,False,False,0.0,1.0,-0.005248789361426433,-0.005248789361426433,3.048487431695883
2012-08-16 00:00:00-04:00,47.72354507446289,18.371931076049805,-2.6630118480183906,-1.2011250520350032,-1.924,False,False,1.0,False,False,0.0,1.0,0.0012639504032592173,0.0012639504032592173,3.049751382099142
2012-08-17 00:00:00-04:00,47.823421478271484,18.483570098876953,-2.6482890689781877,-1.126415170276431,-1.732,False,False,1.0,False,False,0.0,1.0,0.00077200957376744,0.00077200957376744,3.0505233916729098
2012-08-20 00:00:00-04:00,47.230323791503906,18.738731384277344,-2.6313402395204584,-2.077654137509967,-2.044,False,False,1.0,False,False,0.0,1.0,-0.009853487686031712,-0.009853487686031712,3.040669903986878
2012-08-21 00:00:00-04:00,46.78078842163086,18.969980239868164,-2.61170368399657,-2.76317885617496,-2.152,False,False,1.0,False,False,0.0,1.0,-0.007116807239086539,-0.007116807239086539,3.0335530967477915
2012-08-22 00:00:00-04:00,47.20534133911133,18.746706008911133,-2.593018301748137,-1.4052104394870142,-1.395,False,False,1.0,False,False,0.0,1.0,0.014172684431586773,0.014172684431586773,3.0477257811793783
2012-08-23 00:00:00-04:00,46.5435676574707,18.70683479309082,-2.5745735124323144,-1.6185537022681586,-1.403,False,False,1.0,False,False,0.0,1.0,-0.002252697435550852,-0.002252697435550852,3.0454730837438273
2012-08-24 00:00:00-04:00,46.34376907348633,18.81846809387207,-2.5560289663032982,-1.7567804759050958,-1.391,False,False,1.0,False,False,0.0,1.0,-0.0014635795530368065,-0.0014635795530368065,3.0440095041907904
2012-08-27 00:00:00-04:00,46.375,18.826452255249023,-2.5380976160736632,-1.4083735881721893,-1.155,False,False,1.0,False,False,0.0,1.0,0.0037002220244028517,0.0037002220244028517,3.047709726215193
2012-08-28 00:00:00-04:00,46.356266021728516,18.842395782470703,-2.5210559145322944,-1.1464673096276101,-0.972,False,False,1.0,False,False,0.0,1.0,0.002790422658985781,0.002790422658985781,3.0505001488741788
2012-08-29 00:00:00-04:00,46.649696350097656,19.105541229248047,-2.504448906232887,-1.1991554844799381,-0.941,False,False,1.0,False,False,0.0,1.0,-0.0005575553896273764,-0.0005575553896273764,3.0499425934845514
2012-08-30 00:00:00-04:00,46.70588684082031,18.68291473388672,-2.490730381878579,0.17178349108171176,-0.244,False,False,1.0,False,False,0.0,1.0,0.014703336763118465,0.014703336763118465,3.06464593024767
2012-08-31 00:00:00-04:00,46.518592834472656,18.882265090942383,-2.477964493895429,-0.27098962520371117,-0.422,False,False,1.0,False,False,0.0,1.0,-0.004745276765831122,-0.004745276765831122,3.059900653481839
2012-09-04 00:00:00-04:00,46.718379974365234,19.177303314208984,-2.4652416234125867,-0.5583063806309028,-0.522,False,False,1.0,False,False,0.0,1.0,-0.003056721662607541,-0.003056721662607541,3.0568439318192318
2012-09-05 00:00:00-04:00,46.25637435913086,19.15337562561035,-2.452291974712211,-0.7132949762018796,-0.574,False,False,1.0,False,False,0.0,1.0,-0.0016625031957693294,-0.0016625031957693294,3.055181428623462
2012-09-06 00:00:00-04:00,46.531070709228516,19.177303314208984,-2.440040719739214,-0.2623302722311962,-0.356,False,False,1.0,False,False,0.0,1.0,0.0048322234865185954,0.0048322234865185954,3.0600136521099808
2012-09-07 00:00:00-04:00,45.831825256347656,19.097562789916992,-2.4277565243694603,-0.532407406428753,-0.486,False,False,1.0,False,False,0.0,1.0,-0.0029293783301936075,-0.0029293783301936075,3.057084273779787
2012-09-10 00:00:00-04:00,45.71320343017578,19.1932430267334,-2.415250139961576,-0.6432794764586021,-0.514,False,False,1.0,False,False,0.0,1.0,-0.0012042190479964914,-0.0012042190479964914,3.0558800547317904
2012-09-11 00:00:00-04:00,45.806854248046875,19.177303314208984,-2.4032794884037796,-0.28156544988939913,-0.293,False,False,1.0,False,False,0.0,1.0,0.003936154831877661,0.003936154831877661,3.059816209563668
2012-09-12 00:00:00-04:00,45.630279541015625,19.17730140686035,-2.3917314472021047,-0.23667530624544497,-0.232,False,False,1.0,False,False,0.0,1.0,0.0004906174918190295,0.0004906174918190295,3.060306827055487
2012-09-13 00:00:00-04:00,46.56357192993164,19.27370834350586,-2.382050095404415,0.6526331314866383,0.282,False,True,0.0,False,False,0.0,0.0,0.009616795273934777,0.009616795273934777,3.069923622329422
2012-09-14 00:00:00-04:00,47.0806770324707,19.458492279052734,-2.3739365030145123,0.8874519176013678,0.464,False,False,0.0,False,False,0.0,0.0,0.0025175186274913022,0.0,3.069923622329422
2012-09-17 00:00:00-04:00,46.31764221191406,19.233539581298828,-2.366656246909604,0.7984656116500588,0.48,False,False,0.0,False,False,0.0,0.0,-0.0009689611106118681,-0.0,3.069923622329422
2012-09-18 00:00:00-04:00,46.197845458984375,19.193368911743164,-2.360075099219823,0.900053420239459,0.621,False,False,0.0,False,False,0.0,0.0,0.0011103022107684791,0.0,3.069923622329422
2012-09-19 00:00:00-04:00,45.3969612121582,19.17730140686035,-2.352805582792265,0.27649939920721067,0.309,False,False,0.0,False,False,0.0,0.0,-0.00688877345590447,-0.0,3.069923622329422
2012-09-20 00:00:00-04:00,43.52407455444336,19.169269561767578,-2.3421598649453816,-1.373419253447807,-0.838,False,False,0.0,False,True,0.0,0.0,-0.01865968545020565,-0.0,3.069923622329422
2012-09-21 00:00:00-04:00,43.656497955322266,19.056793212890625,-2.330569757043894,-0.7566879728799663,-0.293,False,False,0.0,False,False,0.0,0.0,0.007002764780937458,0.0,3.069923622329422
2012-09-24 00:00:00-04:00,43.38533401489258,18.936277389526367,-2.3188315922608673,-0.5247042357563103,-0.003,False,False,0.0,False,False,0.0,0.0,0.0026574574470911334,0.0,3.069923622329422
2012-09-25 00:00:00-04:00,42.48358154296875,18.630983352661133,-2.307081162908607,-0.49960919641959833,0.095,False,False,0.0,False,False,0.0,0.0,0.00029362334234180905,0.0,3.069923622329422
2012-09-26 00:00:00-04:00,43.051116943359375,18.639009475708008,-2.2966291848292233,0.24422380513992437,0.998,False,True,0.0,False,False,0.0,0.0,0.008663524822585133,0.0,3.069923622329422
2012-09-27 00:00:00-04:00,43.290748596191406,18.83183479309082,-2.2869106467173963,0.22402511064891684,0.959,False,False,0.0,False,False,0.0,0.0,-0.00023389631498117814,-0.0,3.069923622329422
2012-09-28 00:00:00-04:00,44.047481536865234,18.74345588684082,-2.2795976925491455,1.3199427468262002,2.04,False,False,0.0,True,False,-1.0,-1.0,0.012629413765029084,0.0,3.069923622329422
2012-10-01 00:00:00-04:00,43.51777267456055,18.518508911132812,-2.2739298587083834,1.4079823227783734,1.963,False,False,0.0,False,False,-1.0,-1.0,0.0010281686508477241,-0.0010281686508477241,3.068895453678574
2012-10-02 00:00:00-04:00,43.423187255859375,18.590808868408203,-2.2689665218189745,1.2412643199058664,1.658,False,False,0.0,False,False,-1.0,-1.0,-0.00194752395620947,0.00194752395620947,3.0708429776347836
2012-10-03 00:00:00-04:00,43.959171295166016,18.590808868408203,-2.2654979927566337,1.8417311200650062,2.033,False,False,0.0,False,False,-1.0,-1.0,0.00697595769515806,-0.00697595769515806,3.0638670199396256
2012-10-04 00:00:00-04:00,43.3790397644043,18.928245544433594,-2.260710575895338,0.5877548789594584,0.828,False,False,0.0,False,False,-1.0,-1.0,-0.014552297977303062,0.014552297977303062,3.0784193179169286
2012-10-05 00:00:00-04:00,42.97545623779297,18.807723999023438,-2.2550728672830975,0.5626681522460615,0.759,False,False,0.0,False,False,-1.0,-1.0,-0.0002937960244082427,0.0002937960244082427,3.078713113941337
2012-10-08 00:00:00-04:00,42.912384033203125,18.791662216186523,-2.2490659673276023,0.6486960732620233,0.792,False,False,0.0,False,False,-1.0,-1.0,0.001010001036710006,-0.001010001036710006,3.077703112904627
2012-10-09 00:00:00-04:00,42.5844841003418,18.550642013549805,-2.2434138674175688,0.9677165576451969,1.08,False,False,0.0,False,False,-1.0,-1.0,0.003788785536533644,-0.003788785536533644,3.0739143273680933
2012-10-10 00:00:00-04:00,42.48358154296875,18.37389373779297,-2.238663577490134,1.3506148554975752,1.393,False,False,0.0,False,False,-1.0,-1.0,0.004579216745435891,-0.004579216745435891,3.0693351106226574
2012-10-11 00:00:00-04:00,42.2691764831543,18.341758728027344,-2.2343512434165755,1.2872450627395722,1.265,False,False,0.0,False,False,-1.0,-1.0,-0.000761188581795274,0.000761188581795274,3.0700962992044527
2012-10-12 00:00:00-04:00,41.6638069152832,18.132875442504883,-2.2302019890275595,1.2238320366198252,1.153,False,False,0.0,False,False,-1.0,-1.0,-0.0007723520736096269,0.0007723520736096269,3.0708686512780625
2012-10-15 00:00:00-04:00,41.4556999206543,18.309619903564453,-2.2252368838429946,0.7124583820968624,0.543,False,False,0.0,False,False,-1.0,-1.0,-0.006221170801532931,0.006221170801532931,3.0770898220795955
2012-10-16 00:00:00-04:00,42.21873092651367,18.663118362426758,-2.219880275410016,0.788842596120034,0.587,False,False,0.0,False,False,-1.0,-1.0,0.0009131557065942148,-0.0009131557065942148,3.0761766663730015
2012-10-17 00:00:00-04:00,41.93497085571289,18.807723999023438,-2.2134145628747537,0.30568066174541286,-0.051,False,False,0.0,False,False,-1.0,-1.0,-0.0057819207434548275,0.0057819207434548275,3.081958587116456
2012-10-18 00:00:00-04:00,41.865596771240234,18.799699783325195,-2.2064087319349355,0.3857750115562055,0.043,False,False,0.0,False,False,-1.0,-1.0,0.0009609928322703745,-0.0009609928322703745,3.080997594284186
2012-10-19 00:00:00-04:00,41.14039611816406,18.42209243774414,-2.1995192855158088,0.6206485217908835,0.311,False,True,0.0,False,False,-1.0,-1.0,0.002876231899073495,-0.002876231899073495,3.0781213623851125
2012-10-22 00:00:00-04:00,40.85032653808594,18.22927474975586,-2.1931537550417897,0.8707241689703906,0.588,False,False,0.0,False,False,-1.0,-1.0,0.0030938496490156733,-0.0030938496490156733,3.0750275127360966
2012-10-23 00:00:00-04:00,40.30801773071289,18.245351791381836,-2.186300386305785,0.41819806092983924,-0.047,False,False,0.0,False,False,-1.0,-1.0,-0.005642622328837921,0.005642622328837921,3.0806701350649344
2012-10-24 00:00:00-04:00,40.169288635253906,18.15696907043457,-2.179464428377737,0.5968204190869741,0.162,False,False,0.0,False,False,-1.0,-1.0,0.0022400103184327096,-0.0022400103184327096,3.0784301247465016
2012-10-25 00:00:00-04:00,40.43413543701172,18.27748680114746,-2.17284357129097,0.7200157417829018,0.289,False,True,0.0,False,False,-1.0,-1.0,0.001537093009606531,-0.001537093009606531,3.076893031736895
2012-10-26 00:00:00-04:00,38.561248779296875,18.349788665771484,-2.1630635442127053,-1.1305101276409175,-2.214,True,False,1.0,False,True,0.0,1.0,-0.023647983945150542,0.023647983945150542,3.1005410156820457
2012-10-31 00:00:00-04:00,38.73781967163086,18.43817138671875,-2.151658438750594,-0.9348273877322768,-1.85,False,False,1.0,False,False,0.0,1.0,0.002495620139336468,0.002495620139336468,3.103036635821382
2012-11-01 00:00:00-04:00,38.02524948120117,18.960378646850586,-2.1364047118677485,-2.4817927987270636,-3.175,False,False,1.0,False,False,0.0,1.0,-0.019698462585304017,-0.019698462585304017,3.0833381732360783
2012-11-02 00:00:00-04:00,37.82345199584961,18.470298767089844,-2.120885575337865,-1.3499382314519863,-1.778,False,False,1.0,False,False,0.0,1.0,0.014700012813444371,0.014700012813444371,3.0980381860495227
2012-11-05 00:00:00-05:00,37.38203048706055,18.74345588684082,-2.1038931493346413,-2.052197948119911,-2.233,False,False,1.0,False,False,0.0,1.0,-0.009142071307830846,-0.009142071307830846,3.088896114741692
2012-11-06 00:00:00-05:00,38.264869689941406,18.51047134399414,-2.088991326722012,-0.4033444011987015,-0.613,False,False,1.0,False,False,0.0,1.0,0.02143230799915857,0.02143230799915857,3.1103284227408503
2012-11-07 00:00:00-05:00,38.75043487548828,17.75527000427246,-2.079444639322228,1.8293338453851575,1.462,False,True,0.0,False,False,0.0,0.0,0.029504862295505294,0.029504862295505294,3.1398332850363557
2012-11-08 00:00:00-05:00,38.649532318115234,17.92398452758789,-2.0725562126892667,1.5010668293166631,1.101,False,False,0.0,False,False,0.0,0.0,-0.004330813815223916,-0.0,3.1398332850363557
2012-11-09 00:00:00-05:00,38.69367980957031,18.237316131591797,-2.066410555734438,1.0078972469830774,0.604,False,False,0.0,False,False,0.0,0.0,-0.006456834952969765,-0.0,3.1398332850363557
2012-11-12 00:00:00-05:00,38.95221710205078,18.22124481201172,-2.0614100618944975,1.3907597063269108,0.911,False,False,0.0,False,False,0.0,0.0,0.00500384358556677,0.0,3.1398332850363557
2012-11-13 00:00:00-05:00,39.06573486328125,18.285526275634766,-2.0572214395850725,1.4483581749492274,0.91,False,False,0.0,False,False,0.0,0.0,0.0007511232585228184,0.0,3.1398332850363557
2012-11-14 00:00:00-05:00,38.05046844482422,18.18911361694336,-2.0522496376407995,0.7218666154448812,0.189,False,False,0.0,False,False,0.0,0.0,-0.009637841868593174,-0.0,3.1398332850363557
2012-11-15 00:00:00-05:00,38.4666633605957,18.213211059570312,-2.047592644299416,1.17342636594676,0.595,False,True,0.0,False,False,0.0,0.0,0.005960405813424737,0.0,3.1398332850363557
2012-11-16 00:00:00-05:00,39.02789306640625,18.076629638671875,-2.0447259553757573,2.0661392584991702,1.359,False,False,0.0,False,False,0.0,0.0,0.011747822621533625,0.0,3.1398332850363557
2012-11-19 00:00:00-05:00,39.52606964111328,18.349788665771484,-2.042915393646543,2.039003905647853,1.289,False,False,0.0,False,False,0.0,0.0,-0.00035234707324446673,-0.0,3.1398332850363557
2012-11-20 00:00:00-05:00,40.17558288574219,18.470298767089844,-2.0424990995546444,2.4500142854559215,1.584,False,False,0.0,True,False,-1.0,-1.0,0.005276050122080458,0.0,3.1398332850363557
2012-11-21 00:00:00-05:00,39.9801025390625,18.735422134399414,-2.041658801339873,1.7287630415480635,0.924,False,False,0.0,False,False,-1.0,-1.0,-0.009219454801442093,0.009219454801442093,3.149052739837798
2012-11-23 00:00:00-05:00,40.59808349609375,18.807723999023438,-2.041409485628011,2.203817321413716,1.316,False,False,0.0,False,False,-1.0,-1.0,0.006013927701171001,-0.006013927701171001,3.143038812136627
2012-11-26 00:00:00-05:00,40.4404411315918,18.952342987060547,-2.0407341950883837,1.763746720853817,0.894,False,False,0.0,False,False,-1.0,-1.0,-0.0055622666005703605,0.0055622666005703605,3.1486010787371974
2012-11-27 00:00:00-05:00,40.522422790527344,18.791662216186523,-2.040542332685922,2.177240536864197,1.181,False,False,0.0,False,False,-1.0,-1.0,0.005242885412568244,-0.005242885412568244,3.1433581933246293
2012-11-28 00:00:00-05:00,40.54133987426758,18.799699783325195,-2.0406505579265555,2.1777220225732776,1.121,False,False,0.0,False,False,-1.0,-1.0,6.102097041264429e-06,-6.102097041264429e-06,3.143352091227588
2012-11-29 00:00:00-05:00,40.566558837890625,18.83987045288086,-2.040835847649546,2.1174758525778756,1.027,False,False,0.0,False,False,-1.0,-1.0,-0.0007624587816448058,0.0007624587816448058,3.1441145500092325
2012-11-30 00:00:00-05:00,40.69898223876953,18.968414306640625,-2.0408347376439266,1.987583403755309,0.898,False,False,0.0,False,False,-1.0,-1.0,-0.0016357111887157127,0.0016357111887157127,3.145750261197948
2012-12-03 00:00:00-05:00,41.43677520751953,18.83987045288086,-2.0424638568073155,2.957020740578308,1.572,False,False,0.0,True,False,-1.0,-1.0,0.012130623548995346,-0.012130623548995346,3.1336196376489527
2012-12-04 00:00:00-05:00,41.51246643066406,18.952342987060547,-2.0447453522035217,2.759751194505,1.347,False,False,0.0,False,False,-1.0,-1.0,-0.002457722538923093,0.002457722538923093,3.1360773601878758
2012-12-05 00:00:00-05:00,41.36111831665039,18.920215606689453,-2.047189751673121,2.6278468271898987,1.18,False,False,0.0,False,False,-1.0,-1.0,-0.0016468615047122526,0.0016468615047122526,3.137724221692588
2012-12-06 00:00:00-05:00,41.39894485473633,19.056793212890625,-2.0492316707919125,2.347160659148493,0.929,False,False,0.0,False,False,-1.0,-1.0,-0.003488920129808009,0.003488920129808009,3.1412131418223956
2012-12-07 00:00:00-05:00,41.57553482055664,18.984477996826172,-2.051527463910173,2.628356822069364,1.068,False,False,0.0,False,False,-1.0,-1.0,0.0034921347415702952,-0.0034921347415702952,3.1377210070808252
2012-12-10 00:00:00-05:00,41.871891021728516,19.186878204345703,-2.0536946741398503,2.467901440093769,0.902,False,False,0.0,False,False,-1.0,-1.0,-0.001974206625439567,0.001974206625439567,3.139695213706265
2012-12-11 00:00:00-05:00,42.46467208862305,19.267826080322266,-2.0564545222023747,2.841264012735465,1.101,False,False,0.0,False,False,-1.0,-1.0,0.004548316538691728,-0.004548316538691728,3.135146897167573
2012-12-12 00:00:00-05:00,42.49017333984375,19.154491424560547,-2.059918514414321,3.033481820201139,1.166,False,False,0.0,False,False,-1.0,-1.0,0.0023456395530844104,-0.0023456395530844104,3.1328012576144886
2012-12-13 00:00:00-05:00,42.43915939331055,18.95209312438965,-2.064311391199748,3.3161376695545712,1.275,False,False,0.0,False,False,-1.0,-1.0,0.0034655258783201867,-0.0034655258783201867,3.1293357317361683
2012-12-14 00:00:00-05:00,42.1076545715332,18.668750762939453,-2.0695363871649084,3.4719955647173606,1.293,False,False,0.0,False,False,-1.0,-1.0,0.0019302885682484791,-0.0019302885682484791,3.1274054431679197
2012-12-17 00:00:00-05:00,41.89728927612305,18.919719696044922,-2.0738403061806574,2.6608119888250314,0.724,False,False,0.0,False,False,-1.0,-1.0,-0.009998100793930712,0.009998100793930712,3.1374035439618506
2012-12-18 00:00:00-05:00,42.44553756713867,19.024961471557617,-2.078027757140837,2.911139550706956,0.841,False,False,0.0,False,False,-1.0,-1.0,0.0030535223051833273,-0.0030535223051833273,3.134350021656667
2012-12-19 00:00:00-05:00,43.17231750488281,18.822568893432617,-2.0839786710697346,3.9464853962285815,1.465,False,False,0.0,False,False,-1.0,-1.0,0.01256515893108758,-0.01256515893108758,3.1217848627255793
2012-12-20 00:00:00-05:00,43.24881362915039,18.968286514282227,-2.090399839998061,3.597510534657445,1.259,False,False,0.0,False,False,-1.0,-1.0,-0.004209582270366186,0.004209582270366186,3.1259944449959454
2012-12-21 00:00:00-05:00,42.955543518066406,18.895427703857422,-2.0966410146756695,3.3386148043200237,1.051,False,False,0.0,False,False,-1.0,-1.0,-0.003135375789774119,0.003135375789774119,3.1291298207857197
2012-12-24 00:00:00-05:00,43.10855484008789,18.96019744873047,-2.102604404255978,3.2427601788242484,1.063,False,False,0.0,False,False,-1.0,-1.0,-0.0011552320213635897,0.0011552320213635897,3.1302850528070834
2012-12-26 00:00:00-05:00,43.03205108642578,18.684934616088867,-2.109057404412531,3.6244513833995455,1.53,False,False,0.0,True,False,-1.0,-1.0,0.004629946887452534,-0.004629946887452534,3.125655105919631
2012-12-27 00:00:00-05:00,43.15319061279297,18.401586532592773,-2.116814077722929,4.2004531881639195,2.033,False,False,0.0,False,False,-1.0,-1.0,0.007015349786946509,-0.007015349786946509,3.1186397561326844
2012-12-28 00:00:00-05:00,43.15319061279297,18.36920928955078,-2.1252221049833104,4.114540979574876,1.785,False,False,0.0,False,False,-1.0,-1.0,-0.0010452644487810073,0.0010452644487810073,3.1196850205814655
2012-12-31 00:00:00-05:00,43.28069305419922,18.52303123474121,-2.133430138973165,3.7630999528609976,1.322,False,False,0.0,False,False,-1.0,-1.0,-0.0042445447005230634,0.0042445447005230634,3.1239295652819887
2013-01-02 00:00:00-05:00,43.8353271484375,19.09781837463379,-2.14014128692007,2.963297554782976,0.349,False,False,0.0,False,False,-1.0,-1.0,-0.009441947297602206,0.009441947297602206,3.133371512579591
2013-01-03 00:00:00-05:00,43.65682601928711,19.008769989013672,-2.1457363462060703,2.869017357189307,0.192,False,False,0.0,False,False,-1.0,-1.0,-0.0011164735089374737,0.0011164735089374737,3.1344879860885286
2013-01-04 00:00:00-05:00,43.809818267822266,19.008769989013672,-2.1507410850983577,2.9268756752659044,0.204,False,True,0.0,False,False,-1.0,-1.0,0.000683155413624791,-0.000683155413624791,3.133804830674904
2013-01-07 00:00:00-05:00,43.73967742919922,19.033056259155273,-2.155016063379772,2.7231354555086966,-0.152,False,False,0.0,False,False,-1.0,-1.0,-0.0024038379860801262,0.0024038379860801262,3.1362086686609842
2013-01-08 00:00:00-05:00,43.66957092285156,19.12211036682129,-2.158262807815125,2.3990313112051354,-0.662,False,False,0.0,False,True,0.0,0.0,-0.003815678391093311,0.003815678391093311,3.1400243470520777
2013-01-09 00:00:00-05:00,43.98832702636719,18.984477996826172,-2.161849599575265,2.9467408707830955,0.133,False,False,0.0,False,False,0.0,0.0,0.006441375030054938,0.0,3.1400243470520777
2013-01-10 00:00:00-05:00,44.12858581542969,18.871143341064453,-2.1661817175640032,3.250260120486189,0.569,False,True,0.0,False,False,0.0,0.0,0.003570524376315633,0.0,3.1400243470520777
2013-01-11 00:00:00-05:00,44.52381896972656,18.87923240661621,-2.1714672060248295,3.5281849238382392,0.956,False,False,0.0,False,False,0.0,0.0,0.003249843088932109,0.0,3.1400243470520777
2013-01-14 00:00:00-05:00,44.963722229003906,18.725419998168945,-2.178471799095674,4.170922836770686,1.84,False,False,0.0,True,False,-1.0,-1.0,0.0074949158475811585,0.0,3.1400243470520777
2013-01-15 00:00:00-05:00,45.36534881591797,18.773990631103516,-2.186785252212439,4.310662978646299,1.94,False,False,0.0,False,False,-1.0,-1.0,0.0016169878019188645,-0.0016169878019188645,3.138407359250159
2013-01-16 00:00:00-05:00,45.12308883666992,18.595888137817383,-2.1958485086671673,4.2893356019021525,1.773,False,False,0.0,False,False,-1.0,-1.0,-0.00024811726710971413,0.00024811726710971413,3.1386554765172687
2013-01-17 00:00:00-05:00,44.98920822143555,18.684934616088867,-2.2045139016546256,3.798010108759904,0.966,False,False,0.0,False,False,-1.0,-1.0,-0.0057011276001349784,0.0057011276001349784,3.144356604117404
2013-01-18 00:00:00-05:00,45.575721740722656,18.765897750854492,-2.213372505210401,4.039799623391616,1.28,False,False,0.0,False,False,-1.0,-1.0,0.0027756279634178673,-0.0027756279634178673,3.141580976153986
2013-01-22 00:00:00-05:00,45.352596282958984,18.984477996826172,-2.2208568744506385,3.1907878158506904,-0.139,False,False,0.0,False,False,-1.0,-1.0,-0.009701394987095229,0.009701394987095229,3.151282371141081
2013-01-23 00:00:00-05:00,44.995601654052734,18.935909271240234,-2.2268364854961322,2.8284280028105044,-0.746,False,False,0.0,False,True,0.0,0.0,-0.004157277137757377,0.004157277137757377,3.1554396482788385
2013-01-24 00:00:00-05:00,44.73420715332031,19.049245834350586,-2.2308390749778395,2.2384051971921863,-1.663,True,False,1.0,False,False,0.0,1.0,-0.0067639888112130085,-0.0,3.1554396482788385
2013-01-25 00:00:00-05:00,46.117618560791016,19.000667572021484,-2.236105082186589,3.630129238055858,0.576,False,True,0.0,False,False,0.0,0.0,0.015707040757662986,0.015707040757662986,3.1711466890365014
2013-01-28 00:00:00-05:00,46.366249084472656,18.887331008911133,-2.242808796567332,4.005576954007829,1.139,False,False,0.0,False,False,0.0,0.0,0.004231497169190212,0.0,3.1711466890365014
2013-01-29 00:00:00-05:00,45.10396194458008,19.000667572021484,-2.2475364251398444,2.3992694744883423,-1.538,True,False,1.0,False,True,0.0,1.0,-0.01829327063746795,-0.0,3.1711466890365014
2013-01-30 00:00:00-05:00,44.689571380615234,18.782089233398438,-2.251057871665618,2.4100015654476223,-1.511,False,False,1.0,False,False,0.0,1.0,0.00012340113759569326,0.00012340113759569326,3.1712700901740973
2013-01-31 00:00:00-05:00,43.2934455871582,19.081634521484375,-2.2501844441754852,0.35624841747213054,-3.677,False,False,1.0,False,False,0.0,1.0,-0.023816975988068718,-0.023816975988068718,3.1474531141860287
2013-02-01 00:00:00-05:00,43.48469543457031,19.0897274017334,-2.247019620669252,0.5897034096479103,-2.846,False,False,1.0,False,False,0.0,1.0,0.002702660764838461,0.002702660764838461,3.1501557749508673
2013-02-04 00:00:00-05:00,43.53569030761719,18.976383209228516,-2.24312989549604,0.9691978226076188,-2.173,False,False,1.0,False,False,0.0,1.0,0.0044074888771833305,0.0044074888771833305,3.1545632638280505
2013-02-05 00:00:00-05:00,42.955543518066406,19.033056259155273,-2.237714883252766,0.3649902531674343,-2.437,False,False,1.0,False,False,0.0,1.0,-0.0070629472548945,-0.0070629472548945,3.147500316573156
2013-02-06 00:00:00-05:00,42.27341842651367,19.07353401184082,-2.230237386783053,-0.2650902247718818,-2.61,False,False,1.0,False,False,0.0,1.0,-0.0074291494091548475,-0.0074291494091548475,3.140071167164001
2013-02-07 00:00:00-05:00,41.533897399902344,18.102048873901367,-2.224297606796543,1.2695534115694755,-1.283,False,False,1.0,False,False,0.0,1.0,0.018761327997964518,0.018761327997964518,3.1588324951619655
2013-02-08 00:00:00-05:00,41.69327926635742,17.79441261291504,-2.2208759214958254,2.174096757172798,-0.526,False,False,1.0,False,False,0.0,1.0,0.011137987025973085,0.011137987025973085,3.1699704821879386
2013-02-11 00:00:00-05:00,41.5721549987793,18.029186248779297,-2.2179382229612936,1.5845336887235533,-0.943,False,False,1.0,False,False,0.0,1.0,-0.00722860085119409,-0.00722860085119409,3.1627418813367445
2013-02-12 00:00:00-05:00,41.878170013427734,18.06966781616211,-2.2157429308765804,1.8404312864784842,-0.702,False,False,1.0,False,False,0.0,1.0,0.003123905987126003,0.003123905987126003,3.1658657873238707
2013-02-13 00:00:00-05:00,41.75703811645508,18.150625228881836,-2.2135449929660354,1.5798125218606884,-0.861,False,False,1.0,False,False,0.0,1.0,-0.0031808275660704976,-0.0031808275660704976,3.1626849597578004
2013-02-14 00:00:00-05:00,41.67414474487305,18.215389251708984,-2.2110249316888795,1.3994649689268428,-0.946,False,False,1.0,False,False,0.0,1.0,-0.0022007338602889662,-0.0022007338602889662,3.160484225897511
2013-02-15 00:00:00-05:00,40.577632904052734,18.255857467651367,-2.2063590208139616,0.29865709760621684,-1.678,True,False,1.0,False,False,0.0,1.0,-0.013614321561048675,-0.013614321561048675,3.1468699043364627
2013-02-19 00:00:00-05:00,41.196014404296875,18.442066192626953,-2.2008929970209405,0.6070000703475742,-1.357,False,False,1.0,False,False,0.0,1.0,0.003770164020217101,0.003770164020217101,3.15064006835668
2013-02-20 00:00:00-05:00,42.05666732788086,18.52303123474121,-2.1962899582741406,1.374719830220478,-0.727,False,False,1.0,False,False,0.0,1.0,0.009278856813009035,0.009278856813009035,3.159918925169689
2013-02-21 00:00:00-05:00,42.18414306640625,18.41777992248535,-2.1929770926950383,1.7943735980972733,-0.381,False,False,1.0,False,False,0.0,1.0,0.005082159183148395,0.005082159183148395,3.1650010843528373
2013-02-22 00:00:00-05:00,42.783424377441406,18.45825958251953,-2.1914230692643044,2.3335685098391963,0.045,False,False,1.0,False,False,0.0,1.0,0.006478116808018401,0.006478116808018401,3.1714792011608557
2013-02-25 00:00:00-05:00,42.40092468261719,18.15871810913086,-2.1914477193381283,2.6070432962583965,0.263,False,True,0.0,False,False,0.0,0.0,0.0033271541049650567,0.0033271541049650567,3.1748063552658206
2013-02-26 00:00:00-05:00,42.02479553222656,18.280160903930664,-2.1913110248685035,1.9672774070731123,-0.213,False,False,0.0,False,True,0.0,0.0,-0.007794199026305869,-0.0,3.1748063552658206
2013-02-27 00:00:00-05:00,42.158660888671875,18.52303123474121,-2.190393589208118,1.5859320193929918,-0.487,False,False,0.0,False,False,0.0,0.0,-0.004609440126605295,-0.0,3.1748063552658206
2013-02-28 00:00:00-05:00,42.700557708740234,18.579696655273438,-2.189757157111634,2.015533980892137,-0.137,False,False,0.0,False,False,0.0,0.0,0.0051519933554201045,0.0,3.1748063552658206
2013-03-01 00:00:00-05:00,43.13406753540039,18.547313690185547,-2.190183984801124,2.512038130073371,0.266,False,True,0.0,False,False,0.0,0.0,0.00592797619894586,0.0,3.1748063552658206
2013-03-04 00:00:00-05:00,43.22330856323242,18.490642547607422,-2.1916043482928673,2.699135953166895,0.438,False,False,0.0,False,False,0.0,0.0,0.0022340710487323634,0.0,3.1748063552658206
2013-03-05 00:00:00-05:00,43.35718536376953,18.69304084777832,-2.193041620616759,2.362568768702488,0.222,False,False,0.0,False,False,0.0,0.0,-0.003990041429448664,-0.0,3.1748063552658206
2013-03-06 00:00:00-05:00,43.51020431518555,18.725419998168945,-2.1945841697803288,2.4156940147159887,0.329,False,False,0.0,False,False,0.0,0.0,0.0006279229976111825,0.0,3.1748063552658206
2013-03-07 00:00:00-05:00,43.36992645263672,18.81447410583496,-2.195556610655575,2.0616834535626367,0.083,False,False,0.0,False,False,0.0,0.0,-0.004180659117285626,-0.0,3.1748063552658206
2013-03-08 00:00:00-05:00,43.682308197021484,19.19497299194336,-2.1952441163691825,1.5446566725924598,-0.35,False,False,0.0,False,True,0.0,0.0,-0.006024551661971326,-0.0,3.1748063552658206
2013-03-11 00:00:00-04:00,43.771575927734375,19.219261169433594,-2.1942321377767335,1.600055405438738,-0.243,False,False,0.0,False,False,0.0,0.0,0.0006445978226824619,0.0,3.1748063552658206
2013-03-12 00:00:00-04:00,43.58668899536133,19.19497299194336,-2.192607267241858,1.4996517187151284,-0.305,False,False,0.0,False,False,0.0,0.0,-0.001171930895182912,-0.0,3.1748063552658206
2013-03-13 00:00:00-04:00,43.851078033447266,19.398914337158203,-2.190349998201896,1.3606660499340606,-0.415,False,False,0.0,False,False,0.0,0.0,-0.001609720526640971,-0.0,3.1748063552658206
2013-03-14 00:00:00-04:00,44.044551849365234,19.545751571655273,-2.187567950466422,1.2868921434334624,-0.466,False,False,0.0,False,False,0.0,0.0,-0.0008499081437988576,-0.0,3.1748063552658206
2013-03-15 00:00:00-04:00,43.49639129638672,19.611007690429688,-2.1833615464033644,0.6784712188818816,-1.095,False,False,0.0,False,False,0.0,0.0,-0.007048899711613949,-0.0,3.1748063552658206
2013-03-18 00:00:00-04:00,43.225555419921875,19.504961013793945,-2.1783964007641163,0.7360185504287315,-1.032,False,False,0.0,False,False,0.0,0.0,0.0006713792170058309,0.0,3.1748063552658206
2013-03-19 00:00:00-04:00,42.696773529052734,19.480491638183594,-2.1723280704490913,0.37875471727770815,-1.403,False,False,0.0,False,False,0.0,0.0,-0.004202372590863224,-0.0,3.1748063552658206
2013-03-20 00:00:00-04:00,42.49686813354492,19.85573959350586,-2.1640253506782523,-0.47145570326765096,-2.243,True,False,1.0,False,False,0.0,1.0,-0.009948031484446248,-0.0,3.1748063552658206
2013-03-21 00:00:00-04:00,42.6580810546875,19.82311248779297,-2.155110549928881,-0.0629178001820776,-1.696,False,False,1.0,False,False,0.0,1.0,0.004784988354504894,0.004784988354504894,3.1795913436203254
2013-03-22 00:00:00-04:00,42.49686813354492,20.002588272094727,-2.1451852847997896,-0.4123898856615398,-1.971,False,False,1.0,False,False,0.0,1.0,-0.004091885456254286,-0.004091885456254286,3.175499458164071
2013-03-25 00:00:00-04:00,42.94181442260742,20.124950408935547,-2.135337237264396,-0.0317415836919821,-1.463,False,False,1.0,False,False,0.0,1.0,0.004430502948067205,0.004430502948067205,3.1799299611121383
2013-03-26 00:00:00-04:00,43.257808685302734,20.051525115966797,-2.1267286029139,0.6136566891296908,-0.776,False,False,1.0,False,False,0.0,1.0,0.007513196063298345,0.007513196063298345,3.1874431571754367
2013-03-27 00:00:00-04:00,43.21267318725586,20.108627319335938,-2.118863325305959,0.6052402380694701,-0.844,False,False,1.0,False,False,0.0,1.0,-9.807085354613406e-05,-9.807085354613406e-05,3.1873450863218906
2013-03-28 00:00:00-04:00,43.1481819152832,20.26362419128418,-2.111025308583944,0.37115840384844745,-1.062,False,False,1.0,False,False,0.0,1.0,-0.0027242510862620093,-0.0027242510862620093,3.1846208352356284
2013-04-01 00:00:00-04:00,42.88378143310547,19.929161071777344,-2.1042777897009386,0.9472904223918519,-0.382,False,False,1.0,False,False,0.0,1.0,0.006792385852391679,0.006792385852391679,3.19141322108802
2013-04-02 00:00:00-04:00,42.806396484375,19.725215911865234,-2.099015317826611,1.4028661379326763,0.14,False,False,1.0,False,False,0.0,1.0,0.005410000135210933,0.005410000135210933,3.196823221223231
2013-04-03 00:00:00-04:00,42.54845428466797,19.529434204101562,-2.095062645692954,1.633066192136475,0.409,False,True,0.0,False,False,0.0,0.0,0.0027580811959680936,0.0027580811959680936,3.1995813024191992
2013-04-04 00:00:00-04:00,43.56734848022461,19.480491638183594,-2.093924664371895,2.7766665649415145,1.605,False,False,0.0,True,False,-1.0,-1.0,0.01355650869802597,0.0,3.1995813024191992
2013-04-05 00:00:00-04:00,44.0767936706543,19.105236053466797,-2.0966722013590666,4.0193763369474595,2.566,False,False,0.0,False,False,-1.0,-1.0,0.014770564282602336,-0.014770564282602336,3.184810738136597
2013-04-08 00:00:00-04:00,45.04410171508789,19.170495986938477,-2.1030104938761265,4.7283474817461055,2.776,False,False,0.0,False,False,-1.0,-1.0,0.008305674100797128,-0.008305674100797128,3.1765050640358
2013-04-09 00:00:00-04:00,45.4245719909668,19.178653717041016,-2.111866043816681,4.921824439829301,2.554,False,False,0.0,False,False,-1.0,-1.0,0.0022516349760961867,-0.0022516349760961867,3.1742534290597035
2013-04-10 00:00:00-04:00,45.75344467163086,19.708900451660156,-2.120605172159548,3.958648436262685,1.668,False,False,0.0,False,False,-1.0,-1.0,-0.011001660268534478,0.011001660268534478,3.185255089328238
2013-04-11 00:00:00-04:00,45.89530944824219,20.312564849853516,-2.127051227588036,2.6894434488996737,0.698,False,False,0.0,False,False,-1.0,-1.0,-0.014244536965841072,0.014244536965841072,3.199499626294079
2013-04-12 00:00:00-04:00,45.985591888427734,20.08415985107422,-2.132879331979266,3.1485024419037657,1.006,False,False,0.0,False,False,-1.0,-1.0,0.0051682631745035195,-0.0051682631745035195,3.1943313631195758
2013-04-15 00:00:00-04:00,45.256893157958984,19.341814041137695,-2.139570968471219,3.8737093579717765,1.465,False,False,0.0,False,False,-1.0,-1.0,0.008370340165094907,-0.008370340165094907,3.185961022954481
2013-04-16 00:00:00-04:00,46.13392639160156,19.766006469726562,-2.146521961520533,3.7057594127765583,1.276,False,False,0.0,False,False,-1.0,-1.0,-0.001896408935284964,0.001896408935284964,3.187857431889766
2013-04-17 00:00:00-04:00,46.308040618896484,19.847578048706055,-2.153388256177686,3.5684991352428383,1.119,False,False,0.0,False,False,-1.0,-1.0,-0.0015414262161059743,0.0015414262161059743,3.189398858105872
2013-04-18 00:00:00-04:00,46.411216735839844,19.782318115234375,-2.1603811491108087,3.6738695939742385,1.134,False,False,0.0,False,False,-1.0,-1.0,0.0011819647355839407,-0.0011819647355839407,3.188216893370288
2013-04-19 00:00:00-04:00,47.57197570800781,19.994422912597656,-2.168426627308308,4.215536666667717,1.417,False,False,0.0,False,False,-1.0,-1.0,0.00595707155113867,-0.00595707155113867,3.1822598218191493
2013-04-22 00:00:00-04:00,47.236656188964844,20.051525115966797,-2.1760192317749807,3.6041519102020416,0.994,False,False,0.0,False,False,-1.0,-1.0,-0.0067281875756165874,0.0067281875756165874,3.188988009394766
2013-04-23 00:00:00-04:00,47.49458694458008,19.994422912597656,-2.183732203730986,3.832121735323881,1.091,False,False,0.0,False,False,-1.0,-1.0,0.0025008468323121967,-0.0025008468323121967,3.186487162562454
2013-04-24 00:00:00-04:00,46.817474365234375,19.97810173034668,-2.190144401434922,3.0625467092182674,0.596,False,False,0.0,False,False,-1.0,-1.0,-0.008496793823852131,0.008496793823852131,3.194983956386306
2013-04-25 00:00:00-04:00,46.32738494873047,19.98626136779785,-2.1947055404355926,2.46342639223068,0.216,False,False,0.0,False,False,-1.0,-1.0,-0.006642769624036524,0.006642769624036524,3.201626726010342
2013-04-26 00:00:00-04:00,45.0505485534668,19.97810173034668,-2.195872352790779,1.1811873025569,-0.571,False,False,0.0,False,True,0.0,0.0,-0.0144201573359071,0.0144201573359071,3.2160468833462494
2013-04-29 00:00:00-04:00,45.089229583740234,20.002588272094727,-2.194997679491746,1.1835947426635016,-0.56,False,False,0.0,False,False,0.0,0.0,2.705144979051533e-05,0.0,3.2160468833462494
2013-04-30 00:00:00-04:00,45.47615432739258,20.54098892211914,-2.191589754520245,0.45873345796241694,-0.976,False,False,0.0,False,False,0.0,0.0,-0.008010085612426271,-0.0,3.2160468833462494
2013-05-01 00:00:00-04:00,45.0505485534668,20.475725173950195,-2.1863430725662516,0.2835886636303826,-1.048,False,False,0.0,False,False,0.0,0.0,-0.0019500072688232437,-0.0,3.2160468833462494
2013-05-02 00:00:00-04:00,44.6055793762207,20.687824249267578,-2.178642875509055,-0.4658015342295698,-1.424,False,False,0.0,False,False,0.0,0.0,-0.00835655217866854,-0.0,3.2160468833462494
2013-05-03 00:00:00-04:00,44.109031677246094,20.65519142150879,-2.169073812766763,-0.6936031328333101,-1.492,False,False,0.0,False,False,0.0,0.0,-0.0025621114484027105,-0.0,3.2160468833462494
2013-05-06 00:00:00-04:00,44.17353057861328,20.65519142150879,-2.15888659706729,-0.4186853411413125,-1.292,False,False,0.0,False,False,0.0,0.0,0.0030971157517055577,0.0,3.2160468833462494
2013-05-07 00:00:00-04:00,44.4121208190918,21.209911346435547,-2.1470171944035665,-1.1259235334806235,-1.61,True,False,1.0,False,False,0.0,1.0,-0.007862555793973157,-0.0,3.2160468833462494
2013-05-08 00:00:00-04:00,44.508853912353516,21.356752395629883,-2.1342476066617366,-1.071743774086869,-1.55,False,False,1.0,False,False,0.0,1.0,0.0006013995915419677,0.0006013995915419677,3.2166482829377916
2013-05-09 00:00:00-04:00,42.60649490356445,21.209911346435547,-2.1187320448434317,-2.3316239344168395,-2.067,False,False,1.0,False,False,0.0,1.0,-0.01439129269619558,-0.01439129269619558,3.202256990241596
2013-05-10 00:00:00-04:00,42.245357513427734,21.169126510620117,-2.101765666177076,-2.2471857695525586,-1.916,False,False,1.0,False,False,0.0,1.0,0.0009734863778001144,0.0009734863778001144,3.203230476619396
2013-05-13 00:00:00-04:00,43.02565383911133,21.275178909301758,-2.0855539062952535,-1.344878642313347,-1.43,False,False,1.0,False,False,0.0,1.0,0.010324330674222922,0.010324330674222922,3.213554807293619
2013-05-14 00:00:00-04:00,42.20667266845703,21.503589630126953,-2.068136383086446,-2.265683412568933,-1.743,True,False,1.0,False,False,0.0,1.0,-0.010623155145368171,-0.010623155145368171,3.2029316521482505
2013-05-15 00:00:00-04:00,41.11683654785156,21.585161209106445,-2.0485339627490324,-3.1010992804159585,-1.95,False,False,1.0,False,False,0.0,1.0,-0.009789864607183467,-0.009789864607183467,3.193141787541067
2013-05-16 00:00:00-04:00,40.96208190917969,21.707530975341797,-2.0277349966202407,-3.055038339738779,-1.797,False,False,1.0,False,False,0.0,1.0,0.0005420260429309063,0.0005420260429309063,3.1936838135839976
2013-05-17 00:00:00-04:00,40.646095275878906,22.12357521057129,-2.005015604454146,-3.7120182476314483,-1.892,False,False,1.0,False,False,0.0,1.0,-0.007728792693584715,-0.007728792693584715,3.185955020890413
2013-05-20 00:00:00-04:00,40.8202018737793,22.180673599243164,-1.9822253795416758,-3.1468922699705146,-1.563,False,False,1.0,False,False,0.0,1.0,0.00666521995870818,0.00666521995870818,3.192620240849121
2013-05-21 00:00:00-04:00,41.31674575805664,21.984888076782227,-1.9618617360576165,-1.8145649312917342,-1.021,False,False,1.0,False,False,0.0,1.0,0.01577688575353496,0.01577688575353496,3.2083971266026556
2013-05-22 00:00:00-04:00,40.36234664916992,21.870681762695312,-1.9424216311538576,-2.119738694771634,-1.066,False,False,1.0,False,False,0.0,1.0,-0.0036836967329955854,-0.0036836967329955854,3.2047134298696602
2013-05-23 00:00:00-04:00,40.62029266357422,22.1888370513916,-1.9235899778464567,-2.0619319085507897,-0.987,False,False,1.0,False,False,0.0,1.0,0.0006939380482018757,0.0006939380482018757,3.205407367917862
2013-05-24 00:00:00-04:00,40.646095275878906,22.368303298950195,-1.9052833463098968,-1.9718604848196293,-0.902,False,False,1.0,False,False,0.0,1.0,0.001081756443625263,0.001081756443625263,3.2064891243614873
2013-05-28 00:00:00-04:00,40.007659912109375,22.81697654724121,-1.8854059583614116,-3.0116036218517905,-1.22,False,False,1.0,False,False,0.0,1.0,-0.012522963562626983,-0.012522963562626983,3.19396616079886
2013-05-29 00:00:00-04:00,39.2918701171875,22.368303298950195,-1.8657594157941193,-2.442002378167487,-0.953,False,False,1.0,False,False,0.0,1.0,0.007029879953190719,0.007029879953190719,3.200996040752051
2013-05-30 00:00:00-04:00,39.485321044921875,21.984888076782227,-1.8485923989603923,-1.1557759458127066,-0.428,False,False,1.0,False,False,0.0,1.0,0.016052463892525515,0.016052463892525515,3.2170485046445765
2013-05-31 00:00:00-04:00,39.27896499633789,22.1398868560791,-1.8325884091214906,-1.294335035373912,-0.441,False,False,1.0,False,False,0.0,1.0,-0.0017351929780893983,-0.0017351929780893983,3.215313311666487
2013-06-03 00:00:00-04:00,38.1633415222168,21.846210479736328,-1.8168969689008954,-1.5289720803871134,-0.488,False,False,1.0,False,False,0.0,1.0,-0.0030137444047837456,-0.0030137444047837456,3.212299567261703
2013-06-04 00:00:00-04:00,37.91828918457031,21.658580780029297,-1.8021317287195455,-1.1133264381558092,-0.273,False,False,1.0,False,False,0.0,1.0,0.0054015095050759885,0.0054015095050759885,3.217701076766779
2013-06-05 00:00:00-04:00,39.84644317626953,21.454639434814453,-1.7922667536408947,1.3940062058987124,0.848,False,True,0.0,False,False,0.0,0.0,0.032022586266351676,0.032022586266351676,3.2497236630331305
2013-06-06 00:00:00-04:00,40.23336410522461,21.577009201049805,-1.7857482623060468,1.7022574186883404,1.049,False,False,0.0,False,False,0.0,0.0,0.003913581970284404,0.0,3.2497236630331305
2013-06-07 00:00:00-04:00,38.95009231567383,21.903316497802734,-1.7782019201275687,0.0015728621191541947,0.355,False,False,0.0,False,False,0.0,0.0,-0.021832026501414373,-0.0,3.2497236630331305
2013-06-10 00:00:00-04:00,39.67877960205078,21.862525939941406,-1.7717056406266278,0.9448190759106225,0.918,False,False,0.0,False,False,0.0,0.0,0.012029246934228136,0.0,3.2497236630331305
2013-06-11 00:00:00-04:00,39.395050048828125,21.75647735595703,-1.7658807370815206,0.9757057791933121,1.065,False,False,0.0,False,False,0.0,0.0,0.0003969278891548366,0.0,3.2497236630331305
2013-06-12 00:00:00-04:00,38.278045654296875,21.67490005493164,-1.75901913947579,0.15148161144726657,0.694,False,False,0.0,False,False,0.0,0.0,-0.010787623561106003,-0.0,3.2497236630331305
2013-06-13 00:00:00-04:00,38.9443244934082,21.94593620300293,-1.7521312632448063,0.49216357095075125,1.001,False,False,0.0,False,False,0.0,0.0,0.004401775580285557,0.0,3.2497236630331305
2013-06-14 00:00:00-04:00,39.98293685913086,21.830951690673828,-1.747566727718098,1.831892050088122,1.835,False,False,0.0,True,False,-1.0,-1.0,0.017146553273415015,0.0,3.2497236630331305
2013-06-17 00:00:00-04:00,40.205020904541016,21.98700523376465,-1.7443788533672426,1.851353925887075,1.797,False,False,0.0,False,False,-1.0,-1.0,0.00024773677263920183,-0.00024773677263920183,3.2494759262604913
2013-06-18 00:00:00-04:00,40.191959381103516,22.15947914123535,-1.7415510297675856,1.6000956635717571,1.573,False,False,0.0,False,False,-1.0,-1.0,-0.003189211343561598,0.003189211343561598,3.252665137604053
2013-06-19 00:00:00-04:00,38.53280258178711,21.798097610473633,-1.7373148822181592,0.6626431990671691,0.982,False,False,0.0,False,False,-1.0,-1.0,-0.012269844524353401,0.012269844524353401,3.2649349821284064
2013-06-20 00:00:00-04:00,36.762603759765625,21.666685104370117,-1.7298780701659875,-0.7181196554763005,0.139,False,False,0.0,False,False,-1.0,-1.0,-0.01859780410014106,0.01859780410014106,3.2835327862285473
2013-06-21 00:00:00-04:00,38.10822677612305,21.494211196899414,-1.7236767929628587,1.0591537529850967,1.173,False,True,0.0,False,False,-1.0,-1.0,0.023647382399425595,-0.023647382399425595,3.259885403829122
2013-06-24 00:00:00-04:00,37.70975875854492,21.198522567749023,-1.718575734205261,1.278492272608851,1.245,False,False,0.0,False,False,-1.0,-1.0,0.002958396095825255,-0.002958396095825255,3.256927007733297
2013-06-25 00:00:00-04:00,38.029850006103516,21.288875579833984,-1.714531469740743,1.5294028690829435,1.311,False,False,0.0,False,False,-1.0,-1.0,0.0033665583808455365,-0.0033665583808455365,3.2535604493524515
2013-06-26 00:00:00-04:00,38.767974853515625,21.288875579833984,-1.7124455478764289,2.3119346475336897,1.63,False,False,0.0,True,False,-1.0,-1.0,0.010402685602886416,-0.010402685602886416,3.243157763749565
2013-06-27 00:00:00-04:00,39.3689079284668,21.576339721679688,-1.711709046866711,2.436492028598103,1.577,False,False,0.0,False,False,-1.0,-1.0,0.001632440629007241,-0.001632440629007241,3.2415253231205576
2013-06-28 00:00:00-04:00,39.845760345458984,21.830951690673828,-1.71182700237357,2.4749477538505857,1.49,False,False,0.0,False,False,-1.0,-1.0,0.0004980242425913519,-0.0004980242425913519,3.2410272988779663
2013-07-01 00:00:00-04:00,39.19255447387695,22.249834060668945,-1.7101241200200032,1.142576580284377,0.754,False,False,0.0,False,False,-1.0,-1.0,-0.017249190733774195,0.017249190733774195,3.2582764896117404
2013-07-02 00:00:00-04:00,39.32971954345703,22.11841583251953,-1.7080725907086731,1.5498597100336653,0.91,False,False,0.0,False,False,-1.0,-1.0,0.005281874613252049,-0.005281874613252049,3.2529946149984883
2013-07-03 00:00:00-04:00,39.3036003112793,22.30731964111328,-1.7053149516877433,1.262594595211155,0.714,False,False,0.0,False,False,-1.0,-1.0,-0.0037140937109556072,0.0037140937109556072,3.2567087087094437
2013-07-05 00:00:00-04:00,38.813682556152344,22.430519104003906,-1.7010890589204624,0.6573719224248862,0.346,False,False,0.0,False,False,-1.0,-1.0,-0.007863098951993216,0.007863098951993216,3.264571807661437
2013-07-08 00:00:00-04:00,38.735313415527344,22.783693313598633,-1.6950530966108923,0.11574351207909928,-0.02,False,False,0.0,False,False,-1.0,-1.0,-0.0070018644862065525,0.0070018644862065525,3.2715736721476434
2013-07-09 00:00:00-04:00,39.440757751464844,22.504436492919922,-1.6902483724739337,1.4026705958639454,0.709,False,True,0.0,False,False,-1.0,-1.0,0.016610044784850477,-0.016610044784850477,3.254963627362793
2013-07-10 00:00:00-04:00,40.00905990600586,22.62763786315918,-1.6869135526517829,1.8381909301460126,0.931,False,False,0.0,False,False,-1.0,-1.0,0.005570743546469109,-0.005570743546469109,3.249392883816324
2013-07-11 00:00:00-04:00,42.18425750732422,22.898677825927734,-1.6874116289226708,3.544762256900057,1.888,False,False,0.0,True,False,-1.0,-1.0,0.021114725170818544,-0.021114725170818544,3.2282781586455056
2013-07-12 00:00:00-04:00,41.49836730957031,23.120437622070312,-1.6882310347519736,2.4657269789440903,1.149,False,False,0.0,False,False,-1.0,-1.0,-0.01339900380704256,0.01339900380704256,3.241677162452548
2013-07-15 00:00:00-04:00,41.576759338378906,23.12864875793457,-1.689303291693033,2.505456859188058,1.121,False,False,0.0,False,False,-1.0,-1.0,0.0004926327967290641,-0.0004926327967290641,3.241184529655819
2013-07-16 00:00:00-04:00,41.720458984375,23.013669967651367,-1.6910383860596458,2.803459664968493,1.314,False,False,0.0,False,False,-1.0,-1.0,0.0036955877832580424,-0.0036955877832580424,3.2374889418725608
2013-07-17 00:00:00-04:00,41.792320251464844,23.087587356567383,-1.692980042724839,2.705495622129945,1.232,False,False,0.0,False,False,-1.0,-1.0,-0.0012112398441270378,0.0012112398441270378,3.2387001817166876
2013-07-18 00:00:00-04:00,42.04053497314453,23.325775146484375,-1.6947001936272994,2.5103393158906115,1.03,False,False,0.0,False,False,-1.0,-1.0,-0.0023924795662747887,0.0023924795662747887,3.2410926612829623
2013-07-19 00:00:00-04:00,42.06666564941406,23.309349060058594,-1.696318862518938,2.5265771657985923,1.007,False,False,0.0,False,False,-1.0,-1.0,0.00019897678912104416,-0.00019897678912104416,3.2408936844938414
2013-07-22 00:00:00-04:00,42.131988525390625,23.44075584411621,-1.6975539187020834,2.340041584872388,0.824,False,False,0.0,False,False,-1.0,-1.0,-0.002276936280775079,0.002276936280775079,3.2431706207746167
2013-07-23 00:00:00-04:00,41.96868896484375,23.506467819213867,-1.6980695250039766,2.053072320550001,0.511,False,False,0.0,False,False,-1.0,-1.0,-0.003504569797443139,0.003504569797443139,3.2466751905720597
2013-07-24 00:00:00-04:00,41.243629455566406,23.44075584411621,-1.6971470888655535,1.461218913916369,-0.118,False,False,0.0,False,False,-1.0,-1.0,-0.007304483924599604,0.007304483924599604,3.253979674496659
2013-07-25 00:00:00-04:00,41.14564514160156,23.490039825439453,-1.695176455327398,1.3258826948137,-0.249,False,False,0.0,False,True,0.0,0.0,-0.0016715313753583384,0.0016715313753583384,3.2556512058720175
2013-07-26 00:00:00-04:00,38.06903076171875,23.506467819213867,-1.6875438901994795,-1.5991653867662947,-2.943,True,False,1.0,False,False,0.0,1.0,-0.0376273787712905,-0.0,3.2556512058720175
2013-07-29 00:00:00-04:00,37.44195556640625,23.424335479736328,-1.6763377601423715,-1.825142504518432,-2.714,False,False,1.0,False,False,0.0,1.0,-0.0029458989133215444,-0.0029458989133215444,3.252705306958696
2013-07-30 00:00:00-04:00,37.05655288696289,23.424335479736328,-1.662999585190868,-1.8981072992103591,-2.445,False,False,1.0,False,False,0.0,1.0,-0.0009599214608208165,-0.0009599214608208165,3.251745385497875
2013-07-31 00:00:00-04:00,36.115943908691406,23.7692928314209,-1.6464911629706744,-3.019986688305302,-2.826,False,False,1.0,False,False,0.0,1.0,-0.014908324828641214,-0.014908324828641214,3.236837060669234
2013-08-01 00:00:00-04:00,35.73054885864258,24.015689849853516,-1.627600306206495,-3.35739529473922,-2.641,False,False,1.0,False,False,0.0,1.0,-0.00450969530193146,-0.00450969530193146,3.2323273653673024
2013-08-02 00:00:00-04:00,35.48884963989258,24.007471084594727,-1.6078296940346972,-3.1110752485982047,-2.223,False,False,1.0,False,False,0.0,1.0,0.0033246608235725406,0.0033246608235725406,3.2356520261908748
2013-08-05 00:00:00-04:00,35.933021545410156,24.073177337646484,-1.5889564304765582,-2.3182083872457753,-1.657,False,False,1.0,False,False,0.0,1.0,0.010687805640080561,0.010687805640080561,3.2463398318309555
2013-08-06 00:00:00-04:00,36.22698974609375,23.974626541137695,-1.5721031839352575,-1.4635969728875509,-1.145,False,False,1.0,False,False,0.0,1.0,0.011561680661459666,0.011561680661459666,3.257901512492415
2013-08-07 00:00:00-04:00,36.34455108642578,23.80213737487793,-1.55767616497719,-0.7314709779343147,-0.745,False,False,1.0,False,False,0.0,1.0,0.009971673654054,0.009971673654054,3.267873186146469
2013-08-08 00:00:00-04:00,36.200843811035156,25.108055114746094,-1.541414409875615,-2.501074146785612,-1.563,True,False,1.0,False,False,0.0,1.0,-0.023625339400864212,-0.023625339400864212,3.244247846745605
2013-08-09 00:00:00-04:00,36.75607681274414,25.658349990844727,-1.524370785338985,-2.356762313302376,-1.399,False,False,1.0,False,False,0.0,1.0,0.0019021206735003813,0.0019021206735003813,3.246149967419105
2013-08-12 00:00:00-04:00,36.05714416503906,25.691204071044922,-1.5064606658033735,-2.645644225117607,-1.435,False,False,1.0,False,False,0.0,1.0,-0.0038641275070967714,-0.0038641275070967714,3.2422858399120082
2013-08-13 00:00:00-04:00,35.652164459228516,26.07722282409668,-1.4872391095356317,-3.1309011928432824,-1.541,True,False,1.0,False,False,0.0,1.0,-0.006519184087965982,-0.006519184087965982,3.235766655824042
2013-08-14 00:00:00-04:00,35.436607360839844,25.198402404785156,-1.4701236902212145,-1.6081609701620323,-0.814,False,False,1.0,False,False,0.0,1.0,0.021008710281041825,0.021008710281041825,3.256775366105084
2013-08-15 00:00:00-04:00,34.86829376220703,25.07520866394043,-1.4542042105250785,-1.5961802566900687,-0.761,False,False,1.0,False,False,0.0,1.0,0.0001679552587771208,0.0001679552587771208,3.256943321363861
2013-08-16 00:00:00-04:00,34.16282653808594,25.108055114746094,-1.4383393827179105,-1.9510779569052374,-0.867,False,False,1.0,False,False,0.0,1.0,-0.00505000296681599,-0.00505000296681599,3.251893318397045
2013-08-19 00:00:00-04:00,33.35285568237305,25.214834213256836,-1.4215850374307075,-2.492175356488758,-1.049,False,False,1.0,False,False,0.0,1.0,-0.007819565383020192,-0.007819565383020192,3.244073753014025
2013-08-20 00:00:00-04:00,34.41758346557617,25.214834213256836,-1.4068218289664274,-1.0551957194030592,-0.378,False,False,1.0,False,False,0.0,1.0,0.020560483342609747,0.020560483342609747,3.2646342363566347
2013-08-21 00:00:00-04:00,34.34573745727539,25.206619262695312,-1.3936288971870598,-0.7829355476087798,-0.231,False,False,1.0,False,False,0.0,1.0,0.003918855445956905,0.003918855445956905,3.2685530918025916
2013-08-22 00:00:00-04:00,34.8160400390625,25.502296447753906,-1.381892131744664,-0.4253827635085159,-0.056,False,False,1.0,False,False,0.0,1.0,0.0051037072939469725,0.0051037072939469725,3.2736567990965386
2013-08-23 00:00:00-04:00,35.75013732910156,25.411956787109375,-1.3731592174061469,0.8554746345556339,0.511,False,True,0.0,False,False,0.0,0.0,0.01813095086454202,0.01813095086454202,3.2917877499610806
2013-08-26 00:00:00-04:00,35.684814453125,25.420164108276367,-1.3662397023107562,0.95477700914293,0.564,False,False,0.0,False,False,0.0,0.0,0.0014102475814676224,0.0,3.2917877499610806
2013-08-27 00:00:00-04:00,36.19431686401367,24.77952766418457,-1.3628227092503558,2.4242138387655174,1.209,False,False,0.0,False,False,0.0,0.0,0.02100263007895128,0.0,3.2917877499610806
2013-08-28 00:00:00-04:00,36.102867126464844,24.615257263183594,-1.361571751735236,2.58742817521847,1.321,False,False,0.0,False,False,0.0,0.0,0.0023444169450311685,0.0,3.2917877499610806
2013-08-29 00:00:00-04:00,36.37068557739258,24.804174423217773,-1.3615134262044746,2.5994690742639506,1.322,False,False,0.0,False,False,0.0,0.0,0.0001716648492317459,0.0,3.2917877499610806
2013-08-30 00:00:00-04:00,36.318416595458984,24.442777633666992,-1.3627894147917097,3.0080579681900517,1.487,False,False,0.0,False,False,0.0,0.0,0.005868103993199802,0.0,3.2917877499610806
2013-09-03 00:00:00-04:00,35.33860778808594,24.311368942260742,-1.3634199673552112,2.1920019384683016,1.139,False,False,0.0,False,False,0.0,0.0,-0.011915798847307413,-0.0,3.2917877499610806
2013-09-04 00:00:00-04:00,34.47638702392578,24.54134178161621,-1.361792604654213,1.056169277429376,0.658,False,False,0.0,False,False,0.0,0.0,-0.016728858016973016,-0.0,3.2917877499610806
2013-09-05 00:00:00-04:00,33.69252395629883,24.705608367919922,-1.3574149569841785,0.15676163629084527,0.278,False,False,0.0,False,False,0.0,0.0,-0.013378410948064101,-0.0,3.2917877499610806
2013-09-06 00:00:00-04:00,33.888484954833984,24.6973934173584,-1.352103957169304,0.4950415834565689,0.482,False,False,0.0,False,False,0.0,0.0,0.005027798037024126,0.0,3.2917877499610806
2013-09-09 00:00:00-04:00,34.40451431274414,24.878087997436523,-1.34695099116164,0.8949490263905133,0.717,False,False,0.0,False,False,0.0,0.0,0.005888432049652002,0.0,3.2917877499610806
2013-09-10 00:00:00-04:00,34.86177062988281,25.239477157592773,-1.3420350049049992,0.9895087788931818,0.795,False,False,0.0,False,False,0.0,0.0,0.001375734102738449,0.0,3.2917877499610806
2013-09-11 00:00:00-04:00,36.167667388916016,25.31338882446289,-1.3394088300434084,2.262690879108284,1.416,False,False,0.0,False,False,0.0,0.0,0.018169459997188588,0.0,3.2917877499610806
2013-09-12 00:00:00-04:00,35.96881103515625,25.29684829711914,-1.33780511235744,2.1265580567396682,1.316,False,False,0.0,False,False,0.0,0.0,-0.0019500178702640677,-0.0,3.2917877499610806
2013-09-13 00:00:00-04:00,36.134525299072266,25.354740142822266,-1.3369451631201574,2.236628102957546,1.287,False,False,0.0,False,False,0.0,0.0,0.0015717012534507498,0.0,3.2917877499610806
2013-09-16 00:00:00-04:00,36.20744323730469,25.44570541381836,-1.3364298215043797,2.2010436930623882,1.193,False,False,0.0,False,False,0.0,0.0,-0.0005068004895540324,-0.0,3.2917877499610806
2013-09-17 00:00:00-04:00,36.492496490478516,25.644174575805664,-1.336147599530177,2.228094189082981,1.135,False,False,0.0,False,False,0.0,0.0,0.00038230188833119385,0.0,3.2917877499610806
2013-09-18 00:00:00-04:00,38.209407806396484,25.834375381469727,-1.3383746741274518,3.6333340739356785,1.684,False,False,0.0,True,False,-1.0,-1.0,0.019306595974122886,0.0,3.2917877499610806
2013-09-19 00:00:00-04:00,37.74536895751953,25.842647552490234,-1.3410376669772965,3.089405175211482,1.356,False,False,0.0,False,False,-1.0,-1.0,-0.007512691799179882,0.007512691799179882,3.2993004417602605
2013-09-20 00:00:00-04:00,36.5455322265625,25.768220901489258,-1.3420270673854735,1.9638822983958093,0.775,False,False,0.0,False,False,-1.0,-1.0,-0.015824089226074277,0.015824089226074277,3.315124530986335
2013-09-23 00:00:00-04:00,36.94989776611328,25.94188690185547,-1.3423872535279877,2.125839456597838,0.805,False,False,0.0,False,False,-1.0,-1.0,0.0022564892205659266,-0.0022564892205659266,3.312868041765769
2013-09-24 00:00:00-04:00,36.969783782958984,26.041120529174805,-1.3422231303956833,2.0167894672786844,0.705,False,False,0.0,False,False,-1.0,-1.0,-0.0015162093595661118,0.0015162093595661118,3.314384251125335
2013-09-25 00:00:00-04:00,36.80406188964844,25.966697692871094,-1.3416892684439354,1.9648222581953902,0.639,False,False,0.0,False,False,-1.0,-1.0,-0.0007253603334847422,0.0007253603334847422,3.31510961145882
2013-09-26 00:00:00-04:00,37.14213180541992,26.074195861816406,-1.3413010665598386,2.1687850862754487,0.696,False,False,0.0,False,False,-1.0,-1.0,0.0028282808663688407,-0.0028282808663688407,3.3122813305924512
2013-09-27 00:00:00-04:00,36.22734069824219,26.107271194458008,-1.3394552576475494,1.2578190339949913,0.175,False,False,0.0,False,False,-1.0,-1.0,-0.012795030877096726,0.012795030877096726,3.3250763614695478
2013-09-30 00:00:00-04:00,35.199851989746094,26.256128311157227,-1.3349577735069018,0.14902939857211095,-0.5,False,False,0.0,False,True,0.0,0.0,-0.015783330794150483,0.015783330794150483,3.3408596922636984
2013-10-01 00:00:00-04:00,36.07487106323242,26.727500915527344,-1.3296809911336605,0.5358211553482093,-0.374,False,False,0.0,False,False,0.0,0.0,0.0054010693944840605,0.0,3.3408596922636984
2013-10-02 00:00:00-04:00,36.167667388916016,26.63652992248535,-1.3245911996434996,0.8851542645511685,-0.209,False,False,0.0,False,False,0.0,0.0,0.004889184417638059,0.0,3.3408596922636984
2013-10-03 00:00:00-04:00,35.01422882080078,26.355369567871094,-1.3185705913448635,0.26281358458057014,-0.693,False,False,0.0,False,False,0.0,0.0,-0.008920446279574883,-0.0,3.3408596922636984
2013-10-04 00:00:00-04:00,34.80209732055664,26.42979621887207,-1.311834116083638,0.13058895950192095,-0.891,False,False,0.0,False,False,0.0,0.0,-0.0019032353910723694,-0.0,3.3408596922636984
2013-10-07 00:00:00-04:00,35.75667953491211,26.189970016479492,-1.3070693589367715,1.5245722148989955,0.08,False,False,0.0,False,False,0.0,0.0,0.019917237003786954,0.0,3.3408596922636984
2013-10-08 00:00:00-04:00,34.80209732055664,26.074195861816406,-1.3022223586845962,0.8476964845779449,-0.602,False,False,0.0,False,True,0.0,0.0,-0.009844534676272096,-0.0,3.3408596922636984
2013-10-09 00:00:00-04:00,35.00761795043945,25.801298141479492,-1.2984381267606016,1.5062287236250285,-0.051,False,False,0.0,False,False,0.0,0.0,0.009612345386107524,0.0,3.3408596922636984
2013-10-10 00:00:00-04:00,35.72354507446289,26.471141815185547,-1.295092905937393,1.440957097553401,-0.184,False,False,0.0,False,False,0.0,0.0,-0.0009323701113976604,-0.0,3.3408596922636984
2013-10-11 00:00:00-04:00,36.62507247924805,26.71096420288086,-1.2930634644766281,2.0861005675597255,0.479,False,True,0.0,False,False,0.0,0.0,0.009065581861287407,0.0,3.3408596922636984
2013-10-14 00:00:00-04:00,36.20744323730469,27.058290481567383,-1.290401454470535,1.291385844403905,-0.402,False,False,0.0,False,True,0.0,0.0,-0.011173729022251088,-0.0,3.3408596922636984
2013-10-15 00:00:00-04:00,36.05498123168945,26.876352310180664,-1.2876726890260972,1.4470363812263543,-0.201,False,False,0.0,False,False,0.0,0.0,0.002202718532225658,0.0,3.3408596922636984
2013-10-16 00:00:00-04:00,36.45273208618164,27.12444305419922,-1.285153557314319,1.5936576049078468,-0.006,False,False,0.0,False,False,0.0,0.0,0.00205605818642107,0.0,3.3408596922636984
2013-10-17 00:00:00-04:00,37.97074890136719,27.322917938232422,-1.2848782745964364,2.8641252439510936,1.405,False,True,0.0,False,False,0.0,0.0,0.017385239706330238,0.0,3.3408596922636984
2013-10-18 00:00:00-04:00,37.28134536743164,27.463497161865234,-1.2843539878055996,2.0084932685022565,0.499,False,False,0.0,False,False,0.0,0.0,-0.011793004475661683,-0.0,3.3408596922636984
2013-10-21 00:00:00-04:00,37.28134536743164,28.034099578857422,-1.2825505400937771,1.3261958115253236,-0.263,False,False,0.0,False,True,0.0,0.0,-0.009316358704647785,-0.0,3.3408596922636984
2013-10-22 00:00:00-04:00,37.2680778503418,28.34834861755371,-1.2795184218265214,0.9958435658214242,-0.646,False,False,0.0,False,False,0.0,0.0,-0.004492124606407459,-0.0,3.3408596922636984
2013-10-23 00:00:00-04:00,37.367523193359375,28.33180809020996,-1.276211779078617,1.2101359860385656,-0.45,False,False,0.0,False,False,0.0,0.0,0.002914555339807106,0.0,3.3408596922636984
2013-10-24 00:00:00-04:00,37.984012603759766,28.64605712890625,-1.273267626899447,1.5099154232113179,-0.126,False,False,0.0,False,False,0.0,0.0,0.004026148904950172,0.0,3.3408596922636984
2013-10-25 00:00:00-04:00,38.38838195800781,28.844532012939453,-1.2708874247042274,1.7302289512845448,0.119,False,False,0.0,False,False,0.0,0.0,0.0029356922098637277,0.0,3.3408596922636984
2013-10-28 00:00:00-04:00,38.613773345947266,28.89414405822754,-1.2691612601050317,1.9424450633508883,0.355,False,True,0.0,False,False,0.0,0.0,0.0028188327766815917,0.0,3.3408596922636984
2013-10-29 00:00:00-04:00,38.467926025390625,29.24147605895996,-1.266903910316649,1.4217856628635772,-0.278,False,False,0.0,False,True,0.0,0.0,-0.006894866418829448,-0.0,3.3408596922636984
2013-10-30 00:00:00-04:00,32.594661712646484,29.125701904296875,-1.255394374440345,-3.9695806096342565,-4.402,True,False,1.0,False,False,0.0,1.0,-0.07795621327045668,-0.0,3.3408596922636984
2013-10-31 00:00:00-04:00,31.59368324279785,29.076080322265625,-1.2384392003370666,-4.415274420445108,-3.585,False,False,1.0,False,False,0.0,1.0,-0.006592846149757819,-0.006592846149757819,3.3342668461139406
2013-11-01 00:00:00-04:00,32.1505241394043,29.13396453857422,-1.220408084128621,-3.4048017061882447,-2.552,False,False,1.0,False,False,0.0,1.0,0.014924452089158876,0.014924452089158876,3.3491912982030994
2013-11-04 00:00:00-05:00,31.752790451049805,29.026458740234375,-1.2023032817062005,-3.145816148643611,-2.155,False,False,1.0,False,False,0.0,1.0,0.0038856733542653584,0.0038856733542653584,3.3530769715573645
2013-11-05 00:00:00-05:00,31.759403228759766,28.827985763549805,-1.1854133496081054,-2.4136759376645855,-1.655,False,False,1.0,False,False,0.0,1.0,0.011104393227464815,0.011104393227464815,3.3641813647848293
2013-11-06 00:00:00-05:00,31.3218936920166,28.530282974243164,-1.1697738177426036,-2.0520843440406296,-1.378,False,False,1.0,False,False,0.0,1.0,0.0055890984071406925,0.0055890984071406925,3.36977046319197
2013-11-07 00:00:00-05:00,30.91090202331543,28.836257934570312,-1.1542214080615525,-2.3725242131504345,-1.44,False,False,1.0,False,False,0.0,1.0,-0.004991716212264898,-0.004991716212264898,3.364778746979705
2013-11-08 00:00:00-05:00,30.367328643798828,29.85342788696289,-1.1366826515432158,-3.5665449244083334,-1.868,True,False,1.0,False,False,0.0,1.0,-0.018569181759947834,-0.018569181759947834,3.346209565219757
2013-11-11 00:00:00-05:00,30.758445739746094,29.688030242919922,-1.1199775111074783,-2.4914804814029026,-1.268,False,False,1.0,False,False,0.0,1.0,0.01679568484669825,0.01679568484669825,3.3630052500664553
2013-11-12 00:00:00-05:00,30.74517059326172,30.01055335998535,-1.103881209711281,-2.382915353863858,-1.144,False,False,1.0,False,False,0.0,1.0,0.0016996961391877452,0.0016996961391877452,3.3647049462056433
2013-11-13 00:00:00-05:00,30.685516357421875,30.0849666595459,-1.0886488392890863,-2.066447676543625,-0.939,False,False,1.0,False,False,0.0,1.0,0.004988654583500742,0.004988654583500742,3.369693600789144
2013-11-14 00:00:00-05:00,31.235727310180664,30.06016731262207,-1.0754842804085445,-1.0935101009951325,-0.451,False,False,1.0,False,False,0.0,1.0,0.01530619233116016,0.01530619233116016,3.384999793120304
2013-11-15 00:00:00-05:00,31.79918670654297,30.12632179260254,-1.0647140871393408,-0.2767324997338747,-0.06,False,False,1.0,False,False,0.0,1.0,0.012787103670341304,0.012787103670341304,3.3977868967906453
2013-11-18 00:00:00-05:00,31.93174934387207,30.159404754638672,-1.0557594354537958,0.09067320649221955,0.12,False,False,1.0,False,False,0.0,1.0,0.005761163998200221,0.005761163998200221,3.4035480607888453
2013-11-19 00:00:00-05:00,31.355051040649414,30.49846076965332,-1.046639109077192,-0.5658307675262293,-0.171,False,False,1.0,False,False,0.0,1.0,-0.010375255558648619,-0.010375255558648619,3.3931728052301966
2013-11-20 00:00:00-05:00,31.176063537597656,30.672119140625,-1.037327719812211,-0.640975872355348,-0.194,False,False,1.0,False,False,0.0,1.0,-0.0011929100379717138,-0.0011929100379717138,3.391979895192225
2013-11-21 00:00:00-05:00,31.514141082763672,31.49909210205078,-1.0275596242646623,-0.8530541622976173,-0.28,False,False,1.0,False,True,0.0,1.0,-0.0033198787334994084,-0.0033198787334994084,3.3886600164587253
2013-11-22 00:00:00-05:00,31.10314178466797,31.41638946533203,-1.0175870862195315,-0.8657704308972392,-0.256,False,False,1.0,False,False,0.0,1.0,-0.00020161494343556364,-0.00020161494343556364,3.38845840151529
2013-11-25 00:00:00-05:00,30.937423706054688,31.375028610229492,-1.0078414930119686,-0.6836319717722326,-0.148,False,False,1.0,False,False,0.0,1.0,0.002911491150661427,0.002911491150661427,3.3913698926659515
2013-11-26 00:00:00-05:00,30.864503860473633,31.780258178710938,-0.997941598765158,-0.850337795558648,-0.197,False,False,1.0,False,False,0.0,1.0,-0.0026639112699324272,-0.0026639112699324272,3.388705981396019
2013-11-27 00:00:00-05:00,31.30862808227539,31.722366333007812,-0.9892618983425732,-0.07310025623445071,0.205,False,True,0.0,False,False,0.0,0.0,0.012398039885230276,0.012398039885230276,3.4011040212812493
2013-11-29 00:00:00-05:00,31.315284729003906,31.548702239990234,-0.9818705691143668,0.33854250580499823,0.444,False,False,0.0,False,False,0.0,0.0,0.006608273677710083,0.0,3.4011040212812493
2013-12-02 00:00:00-05:00,30.446874618530273,31.87948226928711,-0.9736051738953215,-0.5911542599518214,0.003,False,False,0.0,False,False,0.0,0.0,-0.015120732291659118,-0.0,3.4011040212812493
2013-12-03 00:00:00-05:00,29.518817901611328,32.152381896972656,-0.9635216765818697,-1.4606990098603205,-0.403,False,False,0.0,False,True,0.0,0.0,-0.01437303609421754,-0.0,3.4011040212812493
2013-12-04 00:00:00-05:00,29.830381393432617,31.813337326049805,-0.9541107020036481,-0.5230642158036218,0.117,False,False,0.0,False,False,0.0,0.0,0.01557951431063231,0.0,3.4011040212812493
2013-12-05 00:00:00-05:00,30.685516357421875,31.408123016357422,-0.9473820981658139,0.9300228747351902,0.961,False,True,0.0,False,False,0.0,0.0,0.024041409870265696,0.0,3.4011040212812493
2013-12-06 00:00:00-05:00,30.49990463256836,31.91257667541504,-0.9411860325817737,0.4642332019728279,0.75,False,False,0.0,False,False,0.0,0.0,-0.007694478239974939,-0.0,3.4011040212812493
2013-12-09 00:00:00-05:00,30.24800682067871,31.862951278686523,-0.9352347393942537,0.4486678852245163,0.768,False,False,0.0,False,False,0.0,0.0,-0.0002592173984096853,-0.0,3.4011040212812493
2013-12-10 00:00:00-05:00,30.983823776245117,31.729917526245117,-0.931001142874477,1.443234295998014,1.326,False,False,0.0,False,False,0.0,0.0,0.01643248331146464,0.0,3.4011040212812493
2013-12-11 00:00:00-05:00,30.660234451293945,31.488771438598633,-0.9276099404347207,1.4509370527729324,1.319,False,False,0.0,False,False,0.0,0.0,0.0001286590447081004,0.0,3.4011040212812493
2013-12-12 00:00:00-05:00,30.080461502075195,31.555294036865234,-0.9237925855641462,0.9299148355225739,1.043,False,False,0.0,False,False,0.0,0.0,-0.008796443507546476,-0.0,3.4011040212812493
2013-12-13 00:00:00-05:00,30.09393882751465,32.079132080078125,-0.9192473203743579,0.6052826229677315,0.895,False,False,0.0,False,False,0.0,0.0,-0.005448440310130113,-0.0,3.4011040212812493
2013-12-16 00:00:00-05:00,30.262470245361328,32.262081146240234,-0.9145971272691614,0.7556635092854336,1.036,False,False,0.0,False,False,0.0,0.0,0.0025160231796748428,0.0,3.4011040212812493
2013-12-17 00:00:00-05:00,31.118648529052734,32.11240005493164,-0.9116398864392029,1.8437037896846,1.673,False,False,0.0,True,False,-1.0,-1.0,0.01801582289636822,0.0,3.4011040212812493
2013-12-18 00:00:00-05:00,31.341129302978516,32.45332336425781,-0.9094608046851242,1.8261037214140607,1.583,False,False,0.0,False,False,-1.0,-1.0,-0.0002892076948326811,0.0002892076948326811,3.401393228976082
2013-12-19 00:00:00-05:00,31.206289291381836,32.39511489868164,-0.9076212198544961,1.8037955897138467,1.528,False,False,0.0,False,False,-1.0,-1.0,-0.00036806763968140054,0.00036806763968140054,3.4017612966157635
2013-12-20 00:00:00-05:00,31.961336135864258,33.060302734375,-0.9062535423482432,2.000319671731603,1.575,False,False,0.0,False,False,-1.0,-1.0,0.00317371795104836,-0.00317371795104836,3.3985875786647153
2013-12-23 00:00:00-05:00,32.69615936279297,32.96883773803711,-0.9064065794762441,2.812987919351439,1.967,False,False,0.0,False,False,-1.0,-1.0,0.012986208659471215,-0.012986208659471215,3.385601370005244
2013-12-24 00:00:00-05:00,33.10064697265625,33.20997619628906,-0.9075155023370813,2.962078742278468,1.906,False,False,0.0,False,False,-1.0,-1.0,0.0023575691514887104,-0.0023575691514887104,3.3832438008537555
2013-12-26 00:00:00-05:00,33.10064697265625,33.05199432373047,-0.9092102801584842,3.0494339537806425,1.813,False,False,0.0,False,False,-1.0,-1.0,0.001383256352447705,-0.001383256352447705,3.3818605445013077
2013-12-27 00:00:00-05:00,33.10064697265625,33.05199432373047,-0.9110798112829718,2.9876422216660394,1.663,False,False,0.0,False,False,-1.0,-1.0,-0.0009775061308709132,0.0009775061308709132,3.3828380506321785
2013-12-30 00:00:00-05:00,33.00625991821289,32.927268981933594,-0.9129602641996184,2.9449717290948954,1.596,False,False,0.0,False,False,-1.0,-1.0,-0.0006765839778411192,0.0006765839778411192,3.3835146346100196
2013-12-31 00:00:00-05:00,33.11412811279297,32.86074447631836,-0.9150034233143494,3.0464344243035733,1.582,False,False,0.0,False,False,-1.0,-1.0,0.0016058842926023156,-0.0016058842926023156,3.3819087503174172
2014-01-02 00:00:00-05:00,33.3500862121582,32.66950225830078,-0.9176309685134506,3.371539214021297,1.703,False,False,0.0,False,False,-1.0,-1.0,0.005133614500065866,-0.005133614500065866,3.3767751358173514
2014-01-03 00:00:00-05:00,33.592769622802734,32.8358039855957,-0.920524504660767,3.366607423824213,1.616,False,False,0.0,False,False,-1.0,-1.0,-7.727785558768279e-05,7.727785558768279e-05,3.376852413672939
2014-01-06 00:00:00-05:00,33.525360107421875,32.927268981933594,-0.9231658498605335,3.1280298541287657,1.374,False,False,0.0,False,False,-1.0,-1.0,-0.003732282986669634,0.003732282986669634,3.3805846966596085
2014-01-07 00:00:00-05:00,33.61299514770508,32.627925872802734,-0.9261048605944672,3.396114405786495,1.447,False,False,0.0,False,False,-1.0,-1.0,0.004199985475787362,-0.004199985475787362,3.376384711183821
2014-01-08 00:00:00-05:00,33.356807708740234,31.962726593017578,-0.9295640966980081,3.6454046352964475,1.496,False,False,0.0,False,False,-1.0,-1.0,0.003952708130105603,-0.003952708130105603,3.3724320030537154
2014-01-09 00:00:00-05:00,33.50514221191406,31.921154022216797,-0.9333710788942093,3.710860242649339,1.439,False,False,0.0,False,False,-1.0,-1.0,0.0010340632351653193,-0.0010340632351653193,3.37139793981855
2014-01-10 00:00:00-05:00,33.70737838745117,31.954418182373047,-0.9374098657972574,3.752991527483413,1.378,False,False,0.0,False,False,-1.0,-1.0,0.0006617988783429497,-0.0006617988783429497,3.370736140940207
2014-01-13 00:00:00-05:00,33.84894561767578,31.796424865722656,-0.9417916931562638,3.9033368070709145,1.388,False,False,0.0,False,False,-1.0,-1.0,0.002356710238591337,-0.002356710238591337,3.3683794307016157
2014-01-14 00:00:00-05:00,34.516353607177734,31.99599838256836,-0.9468390129846376,4.221294079168647,1.495,False,False,0.0,False,False,-1.0,-1.0,0.004905883959581652,-0.004905883959581652,3.3634735467420342
2014-01-15 00:00:00-05:00,35.399478912353516,32.070838928222656,-0.9531564872922494,4.830950735013278,1.748,False,False,0.0,True,False,-1.0,-1.0,0.00924170189067116,-0.00924170189067116,3.354231844851363
2014-01-16 00:00:00-05:00,35.61521530151367,31.99599838256836,-0.9601671645539848,4.893708257449127,1.685,False,False,0.0,False,False,-1.0,-1.0,0.0009460449690130337,-0.0009460449690130337,3.35328579988235
2014-01-17 00:00:00-05:00,34.90061569213867,31.954418182373047,-0.9661473122929783,4.027940449353075,1.096,False,False,0.0,False,False,-1.0,-1.0,-0.013162908466183306,0.013162908466183306,3.3664487083485337
2014-01-21 00:00:00-05:00,35.750038146972656,31.82969093322754,-0.9728295841938501,4.785173151382146,1.462,False,False,0.0,False,False,-1.0,-1.0,0.011350278069218504,-0.011350278069218504,3.355098430279315
2014-01-22 00:00:00-05:00,35.23094940185547,32.04588317871094,-0.9784258223029354,3.8764298013014127,0.866,False,False,0.0,False,False,-1.0,-1.0,-0.013647772760267693,0.013647772760267693,3.3687462030395827
2014-01-23 00:00:00-05:00,35.359039306640625,31.60518455505371,-0.9840971819260825,4.256466251758518,1.095,False,False,0.0,False,False,-1.0,-1.0,0.005718134678855959,-0.005718134678855959,3.3630280683607268
2014-01-24 00:00:00-05:00,35.2916145324707,30.524242401123047,-0.9910091008505036,5.041812516390934,1.59,False,False,0.0,True,False,-1.0,-1.0,0.011982442644501936,-0.011982442644501936,3.3510456257162247
2014-01-27 00:00:00-05:00,34.725337982177734,30.150062561035156,-0.9978835827539799,4.639085533515338,1.229,False,False,0.0,False,False,-1.0,-1.0,-0.006213811143939476,0.006213811143939476,3.357259436860164
2014-01-28 00:00:00-05:00,35.13656997680664,30.3413143157959,-1.0047833672706568,4.650122011163855,1.184,False,False,0.0,False,False,-1.0,-1.0,0.00016817997700434718,-0.00016817997700434718,3.3570912568831597
2014-01-29 00:00:00-05:00,33.90961837768555,30.017032623291016,-1.0100455757492086,3.5910473794107958,0.341,False,False,0.0,False,False,-1.0,-1.0,-0.01648924937855178,0.01648924937855178,3.3735805062617112
2014-01-30 00:00:00-05:00,33.67366409301758,30.607393264770508,-1.0131024558565505,2.6652388091113366,-0.438,False,False,0.0,False,True,0.0,0.0,-0.014313213738419426,0.014313213738419426,3.3878937200001307
2014-01-31 00:00:00-05:00,34.374786376953125,30.175012588500977,-1.016717397139327,3.6953261193259834,0.364,False,True,0.0,False,False,0.0,0.0,0.015834282364390537,0.0,3.3878937200001307
2014-02-03 00:00:00-05:00,33.781524658203125,29.33519744873047,-1.0208112580450601,3.8358248455643356,0.436,False,False,0.0,False,False,0.0,0.0,0.002204689242391792,0.0,3.3878937200001307
2014-02-04 00:00:00-05:00,34.95454406738281,29.709381103515625,-1.026146999513132,4.468351790618112,0.988,False,False,0.0,False,False,0.0,0.0,0.009665645290532312,0.0,3.3878937200001307
2014-02-05 00:00:00-05:00,35.008487701416016,29.5513916015625,-1.0321470529433412,4.507105949488679,1.024,False,False,0.0,False,False,0.0,0.0,0.0005915774095408378,0.0,3.3878937200001307
2014-02-06 00:00:00-05:00,34.684898376464844,30.033655166625977,-1.036969406452738,3.5409168047224995,-0.097,False,False,0.0,False,False,0.0,0.0,-0.014677283671336307,-0.0,3.3878937200001307
2014-02-07 00:00:00-05:00,34.9612922668457,30.92336082458496,-1.0400636772621097,2.7990278943248015,-1.053,False,False,0.0,False,True,0.0,0.0,-0.011052586417368046,-0.0,3.3878937200001307
2014-02-10 00:00:00-05:00,35.63542938232422,30.740434646606445,-1.0435160778288188,3.5572915891443273,-0.198,False,False,0.0,False,False,0.0,0.0,0.01119810588111851,0.0,3.3878937200001307
2014-02-11 00:00:00-05:00,35.12983703613281,30.898418426513672,-1.0459573239746227,2.8114099836883994,-1.313,False,False,0.0,False,True,0.0,0.0,-0.0110585737903705,-0.0,3.3878937200001307
2014-02-12 00:00:00-05:00,35.66914367675781,30.989879608154297,-1.0484906985121498,3.176543159596683,-0.82,False,False,0.0,False,False,0.0,0.0,0.005356863739717199,0.0,3.3878937200001307
2014-02-13 00:00:00-05:00,36.11408615112305,30.856840133666992,-1.0518320490502349,3.6578727661125683,-0.151,False,False,0.0,False,False,0.0,0.0,0.007019505671872496,0.0,3.3878937200001307
2014-02-14 00:00:00-05:00,35.992733001708984,30.998193740844727,-1.0549798781515989,3.290262346072957,-0.715,False,False,0.0,False,True,0.0,0.0,-0.005351325863640634,-0.0,3.3878937200001307
2014-02-18 00:00:00-05:00,36.08038330078125,31.305856704711914,-1.057531904433341,2.9734410399299804,-1.189,False,False,0.0,False,False,0.0,0.0,-0.004579181281703833,-0.0,3.3878937200001307
2014-02-19 00:00:00-05:00,35.487117767333984,30.97325325012207,-1.0593175235397903,2.676607838443914,-1.595,True,False,1.0,False,False,0.0,1.0,-0.004346171477673116,-0.0,3.3878937200001307
2014-02-20 00:00:00-05:00,35.11635208129883,30.856840133666992,-1.0602922729068658,2.39908292124926,-1.894,False,False,1.0,False,False,0.0,1.0,-0.004091259055848357,-0.004091259055848357,3.3838024609442825
2014-02-21 00:00:00-05:00,36.053409576416016,30.782011032104492,-1.0623897846628434,3.3509155045292545,-0.548,False,False,1.0,False,False,0.0,1.0,0.013843648803581542,0.013843648803581542,3.397646109747864
2014-02-24 00:00:00-05:00,36.498348236083984,30.773691177368164,-1.065592606036172,3.7061304570398903,-0.061,False,False,1.0,False,False,0.0,1.0,0.005126454767782997,0.005126454767782997,3.4027725645156472
2014-02-25 00:00:00-05:00,36.1005973815918,30.81525993347168,-1.0684847569286513,3.174961861883105,-0.818,False,False,1.0,False,True,0.0,1.0,-0.007695169978583285,-0.007695169978583285,3.395077394537064
2014-02-26 00:00:00-05:00,36.1275634765625,31.14786720275879,-1.0706032898705107,2.780554376839163,-1.32,False,False,1.0,False,False,0.0,1.0,-0.005677004843906985,-0.005677004843906985,3.389400389693157
2014-02-27 00:00:00-05:00,36.208457946777344,31.214378356933594,-1.072279258346766,2.7379274724492433,-1.306,False,False,1.0,False,False,0.0,1.0,-0.0006117612404517655,-0.0006117612404517655,3.3887886284527053
2014-02-28 00:00:00-05:00,36.51182556152344,31.397315979003906,-1.073834987471903,2.796289150558394,-1.166,False,False,1.0,False,False,0.0,1.0,0.0008310390205460639,0.0008310390205460639,3.3896196674732515
2014-03-03 00:00:00-05:00,36.6399040222168,31.505401611328125,-1.0752786877510885,2.762817120516864,-1.147,False,False,1.0,False,False,0.0,1.0,-0.00047466617056368774,-0.00047466617056368774,3.389145001302688
2014-03-04 00:00:00-05:00,37.037662506103516,32.28700637817383,-1.0759303403078304,2.299092746113857,-1.619,True,False,1.0,False,False,0.0,1.0,-0.006460695410757426,-0.006460695410757426,3.3826843058919303
2014-03-05 00:00:00-05:00,36.916316986083984,32.253746032714844,-1.076055349279347,2.209501033283658,-1.603,False,False,1.0,False,False,0.0,1.0,-0.0012508767650061753,-0.0012508767650061753,3.381433429126924
2014-03-06 00:00:00-05:00,36.6062126159668,32.02093505859375,-1.075843819238542,2.1566875469399704,-1.571,False,False,1.0,False,False,0.0,1.0,-0.0007432684265107743,-0.0007432684265107743,3.3806901607004134
2014-03-07 00:00:00-05:00,35.298362731933594,32.23712158203125,-1.0731544005566307,0.7029538448976282,-2.867,False,False,1.0,False,False,0.0,1.0,-0.020799188087423096,-0.020799188087423096,3.35989097261299
2014-03-10 00:00:00-04:00,35.318580627441406,32.0625114440918,-1.0697919512143557,1.0183639488338372,-2.248,False,False,1.0,False,False,0.0,1.0,0.004530530778198374,0.004530530778198374,3.3644215033911884
2014-03-11 00:00:00-04:00,35.89835739135742,31.82969093322754,-1.0675453226549487,1.918719714037735,-1.273,False,False,1.0,False,False,0.0,1.0,0.012884682285446442,0.012884682285446442,3.377306185676635
2014-03-12 00:00:00-04:00,36.062721252441406,31.771167755126953,-1.0662541586317862,2.186581508949182,-0.944,False,False,1.0,False,False,0.0,1.0,0.0038299421966139936,0.0038299421966139936,3.381136127873249
2014-03-13 00:00:00-04:00,35.11766052246094,31.160831451416016,-1.0650154533860208,1.930893486345731,-1.134,False,False,1.0,False,False,0.0,1.0,-0.0037433594240165358,-0.0037433594240165358,3.3773927684492326
2014-03-14 00:00:00-04:00,35.27517318725586,31.127395629882812,-1.0641479529184972,2.151018848031889,-0.873,False,False,1.0,False,False,0.0,1.0,0.0032182386822580886,0.0032182386822580886,3.3806110071314905
2014-03-17 00:00:00-04:00,36.13804244995117,31.336397171020508,-1.0644522122875906,2.781945156135798,-0.145,False,False,1.0,False,False,0.0,1.0,0.009078841905665892,0.009078841905665892,3.3896898490371563
2014-03-18 00:00:00-04:00,35.549110412597656,31.520339965820312,-1.0640929558216168,2.0085386898656807,-0.978,False,False,1.0,False,True,0.0,1.0,-0.0111942397528361,-0.0111942397528361,3.3784956092843204
2014-03-19 00:00:00-04:00,34.43968963623047,31.060501098632812,-1.0625171468862291,1.437374628054549,-1.541,True,False,1.0,False,False,0.0,1.0,-0.008468966259568382,-0.008468966259568382,3.370026643024752
2014-03-20 00:00:00-04:00,34.08357238769531,31.19426727294922,-1.05971171008126,1.0266420711464121,-1.852,False,False,1.0,False,False,0.0,1.0,-0.0061175079179467155,-0.0061175079179467155,3.3639091351068053
2014-03-21 00:00:00-04:00,34.22053909301758,30.374908447265625,-1.057995512358209,2.084022267519096,-0.652,False,False,1.0,False,False,0.0,1.0,0.015934706290633302,0.015934706290633302,3.3798438413974385
2014-03-24 00:00:00-04:00,34.47392272949219,30.349824905395508,-1.057268904426679,2.3859966022231447,-0.278,False,False,1.0,False,False,0.0,1.0,0.00453674800040316,0.00453674800040316,3.384380589397842
2014-03-25 00:00:00-04:00,35.43952941894531,30.533761978149414,-1.0581851846013217,3.1291548635244553,0.651,False,True,0.0,False,False,0.0,0.0,0.01096914117520361,0.01096914117520361,3.3953497305730456
2014-03-26 00:00:00-04:00,35.665523529052734,30.550491333007812,-1.0601256129493517,3.2781651787439685,0.946,False,False,0.0,False,False,0.0,0.0,0.002189625348764309,0.0,3.3953497305730456
2014-03-27 00:00:00-04:00,36.405120849609375,30.366546630859375,-1.06385364354907,4.099559574366893,1.93,False,False,0.0,True,False,-1.0,-1.0,0.011954391518489023,0.0,3.3953497305730456
2014-03-28 00:00:00-04:00,36.637969970703125,30.366546630859375,-1.0685850544116389,4.18873208687269,1.881,False,False,0.0,False,False,-1.0,-1.0,0.0012907239310286558,-0.0012907239310286558,3.394059006642017
2014-03-31 00:00:00-04:00,36.350337982177734,31.05214500427246,-1.0720320209492369,3.06144421843878,0.561,False,False,0.0,False,False,-1.0,-1.0,-0.016187540272513262,0.016187540272513262,3.4102465469145304
2014-04-01 00:00:00-04:00,36.254459381103516,31.687549591064453,-1.0735497005564887,2.236300006247383,-0.418,False,False,0.0,False,True,0.0,0.0,-0.011742044437776388,0.011742044437776388,3.421988591352307
2014-04-02 00:00:00-04:00,35.761390686035156,31.746084213256836,-1.0732609018495145,1.6895597131244884,-1.018,False,False,0.0,False,False,0.0,0.0,-0.007829229128123085,-0.0,3.421988591352307
2014-04-03 00:00:00-04:00,36.37772750854492,31.486902236938477,-1.0735159569615116,2.576035521904352,0.086,False,False,0.0,False,False,0.0,0.0,0.01263156371421223,0.0,3.421988591352307
2014-04-04 00:00:00-04:00,36.41881561279297,30.56721305847168,-1.0755592924549908,3.541965563302213,1.257,False,True,0.0,False,False,0.0,0.0,0.013939256260346427,0.0,3.421988591352307
2014-04-07 00:00:00-04:00,36.521549224853516,30.30801773071289,-1.078897864976545,3.8222936035161084,1.519,False,False,0.0,True,False,-1.0,-1.0,0.0040497656858625945,0.0,3.421988591352307
2014-04-08 00:00:00-04:00,36.706451416015625,30.717708587646484,-1.082296065345683,3.4607962751705372,1.046,False,False,0.0,False,False,-1.0,-1.0,-0.005167783304019977,0.005167783304019977,3.427156374656327
2014-04-09 00:00:00-04:00,37.103641510009766,31.202634811401367,-1.0853756562481627,3.2370612749132377,0.751,False,False,0.0,False,False,-1.0,-1.0,-0.0031525193913139633,0.0031525193913139633,3.430308894047641
2014-04-10 00:00:00-04:00,36.21337127685547,30.592287063598633,-1.0878118594872175,2.9347186002354917,0.42,False,False,0.0,False,False,-1.0,-1.0,-0.004350753618575894,0.004350753618575894,3.434659647666217
2014-04-11 00:00:00-04:00,35.3915901184082,29.772926330566406,-1.0899433393682896,2.94078737090458,0.465,False,False,0.0,False,False,-1.0,-1.0,8.945395957780007e-05,-8.945395957780007e-05,3.434570193706639
2014-04-14 00:00:00-04:00,35.68606948852539,29.915063858032227,-1.0920558273982393,3.0171496753708453,0.564,False,False,0.0,False,False,-1.0,-1.0,0.0011171430973274748,-0.0011171430973274748,3.4334530506093115
2014-04-15 00:00:00-04:00,36.51469039916992,29.92342185974121,-1.0953040087183032,3.739446481626466,1.356,False,False,0.0,False,False,-1.0,-1.0,0.010424267440550824,-0.010424267440550824,3.4230287831687605
2014-04-16 00:00:00-04:00,36.86394500732422,30.508678436279297,-1.0984979301156945,3.350224894506084,0.872,False,False,0.0,False,False,-1.0,-1.0,-0.005530470305542788,0.005530470305542788,3.4285592534743032
2014-04-17 00:00:00-04:00,36.61741638183594,30.784589767456055,-1.1006868363781077,2.733223661496865,0.164,False,False,0.0,False,False,-1.0,-1.0,-0.008751590791566548,0.008751590791566548,3.4373108442658697
2014-04-21 00:00:00-04:00,36.692745208740234,30.81802749633789,-1.1023655897907823,2.720012151551174,0.15,False,False,0.0,False,False,-1.0,-1.0,-0.0001869584734992291,0.0001869584734992291,3.437497802739369
2014-04-22 00:00:00-04:00,36.59002685546875,31.10230255126953,-1.1030981516909621,2.281134397830236,-0.355,False,False,0.0,False,True,0.0,0.0,-0.006190189610404985,0.006190189610404985,3.4436879923497736
2014-04-23 00:00:00-04:00,36.124332427978516,31.10230255126953,-1.1026505717367097,1.8293607374930403,-0.855,False,False,0.0,False,False,0.0,0.0,-0.0064154803287631516,-0.0,3.4436879923497736
2014-04-24 00:00:00-04:00,36.19967269897461,31.445104598999023,-1.1012195234902311,1.5717095963644283,-1.112,False,False,0.0,False,False,0.0,0.0,-0.0036377204775038807,-0.0,3.4436879923497736
2014-04-25 00:00:00-04:00,36.03533172607422,31.07720184326172,-1.0997737483636711,1.8574409662558864,-0.881,False,False,0.0,False,False,0.0,0.0,0.004069480929305988,0.0,3.4436879923497736
2014-04-28 00:00:00-04:00,36.11750030517578,31.420013427734375,-1.0979402183147233,1.620203902877563,-1.227,False,False,0.0,False,False,0.0,0.0,-0.003359594227270696,-0.0,3.4436879923497736
2014-04-29 00:00:00-04:00,36.473609924316406,31.394916534423828,-1.0966010812788267,2.045910506008724,-0.708,False,False,0.0,False,False,0.0,0.0,0.006004213562177995,0.0,3.4436879923497736
2014-04-30 00:00:00-04:00,36.56948471069336,32.05542755126953,-1.0945954817426968,1.4817585477433681,-1.349,False,False,0.0,False,False,0.0,0.0,-0.007872926553897729,-0.0,3.4436879923497736
2014-05-01 00:00:00-04:00,36.66535568237305,31.963470458984375,-1.092685505964063,1.7393347915303252,-1.024,False,False,0.0,False,False,0.0,0.0,0.0035978668956523907,0.0,3.4436879923497736
2014-05-02 00:00:00-04:00,36.98036575317383,32.08888626098633,-1.091184215422636,1.965479574693255,-0.742,False,False,0.0,False,False,0.0,0.0,0.003141106907683448,0.0,3.4436879923497736
2014-05-05 00:00:00-04:00,37.103641510009766,32.272823333740234,-1.0898261512401215,1.9318746665472588,-0.746,False,False,0.0,False,False,0.0,0.0,-0.0004649563234793082,-0.0,3.4436879923497736
2014-05-06 00:00:00-04:00,37.32279586791992,32.13069534301758,-1.0891693685135992,2.3270267112626257,-0.289,False,False,0.0,False,False,0.0,0.0,0.005464047089168263,0.0,3.4436879923497736
2014-05-07 00:00:00-04:00,38.206207275390625,32.281185150146484,-1.0899524697702008,3.021249793879335,0.498,False,True,0.0,False,False,0.0,0.0,0.009459218761770943,0.0,3.4436879923497736
2014-05-08 00:00:00-04:00,38.50752258300781,32.03034591674805,-1.0922160523588567,3.5234646101286344,1.07,False,False,0.0,False,False,0.0,0.0,0.006833637437793139,0.0,3.4436879923497736
2014-05-09 00:00:00-04:00,39.63064193725586,32.189205169677734,-1.0964727673533372,4.336055065954966,1.925,False,False,0.0,True,False,-1.0,-1.0,0.010845351675903465,0.0,3.4436879923497736
2014-05-12 00:00:00-04:00,40.04838180541992,32.55708694458008,-1.1014451921993944,4.188534918294522,1.616,False,False,0.0,False,False,-1.0,-1.0,-0.001943401264939955,0.001943401264939955,3.4456313936147134
2014-05-13 00:00:00-04:00,40.123714447021484,33.259395599365234,-1.1054414819791216,3.3573988859293067,0.632,False,False,0.0,False,False,-1.0,-1.0,-0.01080941225120489,0.01080941225120489,3.456440805865918
2014-05-14 00:00:00-04:00,40.267513275146484,32.77446365356445,-1.1098072694791334,3.894175259141015,1.214,False,False,0.0,False,False,-1.0,-1.0,0.007003789286897941,-0.007003789286897941,3.44943701657902
2014-05-15 00:00:00-04:00,39.88401794433594,32.180843353271484,-1.114525681570685,4.017641572511586,1.363,False,False,0.0,False,False,-1.0,-1.0,0.0016299098438386755,-0.0016299098438386755,3.447807106735181
2014-05-16 00:00:00-04:00,40.63046646118164,32.44002914428711,-1.1198647180409016,4.302022370275928,1.675,False,False,0.0,True,False,-1.0,-1.0,0.0036952289958921327,-0.0036952289958921327,3.444111877739289
2014-05-19 00:00:00-04:00,40.390777587890625,33.0587272644043,-1.1238233411096072,3.238608260776523,0.455,False,False,0.0,False,False,-1.0,-1.0,-0.01371387278671546,0.01371387278671546,3.4578257505260046
2014-05-20 00:00:00-04:00,40.28121566772461,32.456756591796875,-1.1278047854712951,3.6763302626190892,0.9,False,False,0.0,False,False,-1.0,-1.0,0.005693122628600131,-0.005693122628600131,3.4521326278974045
2014-05-21 00:00:00-04:00,39.54844665527344,33.0587272644043,-1.1294881908508478,2.209004605569831,-0.794,False,False,0.0,False,True,0.0,0.0,-0.019083963440321084,0.019083963440321084,3.4712165913377255
2014-05-22 00:00:00-04:00,39.349857330322266,33.3095588684082,-1.1293353120380278,1.7321962718194328,-1.284,False,False,0.0,False,False,0.0,0.0,-0.00619492928616529,-0.0,3.4712165913377255
2014-05-23 00:00:00-04:00,39.281375885009766,33.83628845214844,-1.1273747620169443,1.1351982437322405,-1.796,True,False,1.0,False,False,0.0,1.0,-0.007710407999453406,-0.0,3.4712165913377255
2014-05-27 00:00:00-04:00,39.43203353881836,34.1623649597168,-1.1243874029049412,1.0203007246716211,-1.773,False,False,1.0,False,False,0.0,1.0,-0.0014760015405683529,-0.0014760015405683529,3.469740589797157
2014-05-28 00:00:00-04:00,39.47312545776367,34.12892532348633,-1.1212249911695547,1.2069214633113248,-1.471,False,False,1.0,False,False,0.0,1.0,0.002400596196992073,0.002400596196992073,3.472141185994149
2014-05-29 00:00:00-04:00,39.30876541137695,34.488441467285156,-1.117301620542413,0.774773869997091,-1.756,True,False,1.0,False,False,0.0,1.0,-0.0055515453233048575,-0.0055515453233048575,3.4665896406708443
2014-05-30 00:00:00-04:00,39.377254486083984,34.296142578125,-1.113681778252322,1.1822654324825592,-1.278,False,False,1.0,False,False,0.0,1.0,0.005253058876362115,0.005253058876362115,3.4718426995472065
2014-06-02 00:00:00-04:00,39.78814697265625,34.73925018310547,-1.1102596976174417,1.218557568904913,-1.172,False,False,1.0,False,False,0.0,1.0,0.0004631595819462812,0.0004631595819462812,3.4723058591291527
2014-06-03 00:00:00-04:00,39.76759338378906,34.471702575683594,-1.107523397783834,1.5893762197742305,-0.784,False,False,1.0,False,False,0.0,1.0,0.00475739040062834,0.00475739040062834,3.477063249529781
2014-06-04 00:00:00-04:00,39.979888916015625,35.22418212890625,-1.1043015426274256,1.081770253275053,-1.182,False,False,1.0,False,False,0.0,1.0,-0.0064353294673722,-0.0064353294673722,3.470627920062409
2014-06-05 00:00:00-04:00,40.60993957519531,34.70581817626953,-1.102835056451408,2.3351466275768047,0.007,False,False,1.0,False,False,0.0,1.0,0.015888706651052784,0.015888706651052784,3.4865166267134615
2014-06-06 00:00:00-04:00,40.17163848876953,34.772705078125,-1.101444754753674,1.8714248718722999,-0.405,False,False,1.0,False,True,0.0,1.0,-0.005909402457840263,-0.005909402457840263,3.480607224255621
2014-06-09 00:00:00-04:00,39.73336410522461,34.488441467285156,-1.0999767869250914,1.7968790739861973,-0.449,False,False,1.0,False,False,0.0,1.0,-0.0009597778123030524,-0.0009597778123030524,3.4796474464433182
2014-06-10 00:00:00-04:00,39.91825866699219,34.463356018066406,-1.0988647932460722,2.047690081633867,-0.207,False,False,1.0,False,False,0.0,1.0,0.0032242549027513604,0.0032242549027513604,3.4828717013460695
2014-06-11 00:00:00-04:00,39.3902702331543,34.454994201660156,-1.097199104987693,1.5862814327366195,-0.631,False,False,1.0,False,False,0.0,1.0,-0.005977240466762947,-0.005977240466762947,3.4768944608793064
2014-06-12 00:00:00-04:00,39.37637710571289,34.24489212036133,-1.0957006120350803,1.8542278503576881,-0.39,False,False,1.0,False,False,0.0,1.0,0.003484415505740089,0.003484415505740089,3.4803788763850467
2014-06-13 00:00:00-04:00,39.36248779296875,34.25328826904297,-1.0943158536601842,1.8785714001626204,-0.367,False,False,1.0,False,False,0.0,1.0,0.00031678189842275685,0.00031678189842275685,3.4806956582834694
2014-06-16 00:00:00-04:00,40.022464752197266,34.07683563232422,-1.094303253806137,2.7320726403279636,0.404,False,True,0.0,False,False,0.0,0.0,0.011039577048174418,0.011039577048174418,3.4917352353316438
2014-06-17 00:00:00-04:00,40.203094482421875,34.38775634765625,-1.0946465288628056,2.5606563610800492,0.228,False,False,0.0,False,False,0.0,0.0,-0.0022020053497537077,-0.0,3.4917352353316438
2014-06-18 00:00:00-04:00,40.09193420410156,34.41297149658203,-1.0949215422169303,2.4124303807966996,0.064,False,False,0.0,False,False,0.0,0.0,-0.0019059179570669025,-0.0,3.4917352353316438
2014-06-19 00:00:00-04:00,40.34897994995117,34.34573745727539,-1.0956384155979941,2.718470579717284,0.328,False,True,0.0,False,False,0.0,0.0,0.003924624302987909,0.0,3.4917352353316438
2014-06-20 00:00:00-04:00,40.216983795166016,34.337345123291016,-1.096328261711917,2.5719819043462095,0.172,False,False,0.0,False,False,0.0,0.0,-0.0018813888970396562,-0.0,3.4917352353316438
2014-06-23 00:00:00-04:00,39.925193786621094,34.379364013671875,-1.0964761426328187,2.2290413467406154,-0.165,False,False,0.0,False,False,0.0,0.0,-0.0044181217445634436,-0.0,3.4917352353316438
2014-06-24 00:00:00-04:00,40.098880767822266,34.16925811767578,-1.0969763271403274,2.6160134967844684,0.198,False,False,0.0,False,False,0.0,0.0,0.004987927699824729,0.0,3.4917352353316438
2014-06-25 00:00:00-04:00,40.0155143737793,34.278507232666016,-1.097304768751701,2.4015449216852005,0.01,False,False,0.0,False,False,0.0,0.0,-0.002762720612445795,-0.0,3.4917352353316438
2014-06-26 00:00:00-04:00,40.07804870605469,34.152462005615234,-1.0978371052496931,2.584208680659927,0.216,False,True,0.0,False,False,0.0,0.0,0.0023547674545749495,0.0,3.4917352353316438
2014-06-27 00:00:00-04:00,40.5712890625,34.26171875,-1.0989770802853693,2.9184454250665084,0.619,False,False,0.0,False,False,0.0,0.0,0.004272808567769082,0.0,3.4917352353316438
2014-06-30 00:00:00-04:00,40.51570510864258,34.99282455444336,-1.0990620398692905,2.056419973047859,-0.223,False,False,0.0,False,True,0.0,0.0,-0.010915170098188777,-0.0,3.4917352353316438
2014-07-01 00:00:00-04:00,40.904754638671875,35.03485107421875,-1.09919261030638,2.3947052347060875,0.185,False,False,0.0,False,False,0.0,0.0,0.0042597254471169336,0.0,3.4917352353316438
2014-07-02 00:00:00-04:00,40.75886917114258,34.53063201904297,-1.0999336630660264,2.7774646064516304,0.688,False,True,0.0,False,False,0.0,0.0,0.004861036844114434,0.0,3.4917352353316438
2014-07-03 00:00:00-04:00,40.41150665283203,34.92559814453125,-1.099753078477283,2.0019725757233005,-0.175,False,False,0.0,False,False,0.0,0.0,-0.009838642366894726,-0.0,3.4917352353316438
2014-07-07 00:00:00-04:00,40.731075286865234,34.54743194580078,-1.1002647878301548,2.7197524069420282,0.913,False,True,0.0,False,False,0.0,0.0,0.009115544457997843,0.0,3.4917352353316438
2014-07-08 00:00:00-04:00,41.12705993652344,34.32053756713867,-1.1019881502256532,3.3062342281622534,1.754,False,False,0.0,True,False,-1.0,-1.0,0.007428721066176215,0.0,3.4917352353316438
2014-07-09 00:00:00-04:00,41.18263626098633,34.34573745727539,-1.104182126401602,3.258686842580836,1.769,False,False,0.0,False,False,-1.0,-1.0,-0.0006010547057879643,0.0006010547057879643,3.4923362900374317
2014-07-10 00:00:00-04:00,41.54389953613281,34.25328826904297,-1.1071429479239818,3.6206129858546348,2.092,False,False,0.0,False,False,-1.0,-1.0,0.004554409953313906,-0.004554409953313906,3.487781880084118
2014-07-11 00:00:00-04:00,41.43968200683594,34.39616012573242,-1.1099010290799807,3.263348486885725,1.483,False,False,0.0,False,False,-1.0,-1.0,-0.00448734462036361,0.00448734462036361,3.4922692247044815
2014-07-14 00:00:00-04:00,41.66197967529297,34.58945083618164,-1.1124459574712866,3.18308492143089,1.299,False,False,0.0,False,False,-1.0,-1.0,-0.0010015309419388577,0.0010015309419388577,3.4932707556464204
2014-07-15 00:00:00-04:00,41.953758239746094,34.62306213378906,-1.115142017682257,3.3441268735344067,1.44,False,False,0.0,False,False,-1.0,-1.0,0.0019989470762239083,-0.0019989470762239083,3.4912718085701964
2014-07-16 00:00:00-04:00,42.06492614746094,34.31212615966797,-1.1184321023220127,3.689142751565363,1.785,False,False,0.0,True,False,-1.0,-1.0,0.004289070546363061,-0.004289070546363061,3.4869827380238334
2014-07-17 00:00:00-04:00,41.96767044067383,33.8247184753418,-1.1224611294962965,4.000738735947429,2.09,False,False,0.0,False,False,-1.0,-1.0,0.0038981364267664242,-0.0038981364267664242,3.483084601597067
2014-07-18 00:00:00-04:00,42.53731918334961,34.31212615966797,-1.1266476221982322,3.879643832993928,1.81,False,False,0.0,False,False,-1.0,-1.0,-0.0014914084747334173,0.0014914084747334173,3.4845760100718004
2014-07-21 00:00:00-04:00,42.53731918334961,34.14405822753906,-1.1309658050706894,3.9215568816603934,1.763,False,False,0.0,False,False,-1.0,-1.0,0.0005164689731984188,-0.0005164689731984188,3.484059541098602
2014-07-22 00:00:00-04:00,43.27373123168945,34.41297149658203,-1.1357601251782938,4.18885041697439,1.958,False,False,0.0,False,False,-1.0,-1.0,0.0032454837286887634,-0.0032454837286887634,3.4808140573699133
2014-07-23 00:00:00-04:00,43.88507080078125,34.54743194580078,-1.141187242651658,4.459982197857052,2.176,False,False,0.0,False,False,-1.0,-1.0,0.0032544864014580526,-0.0032544864014580526,3.4775595709684555
2014-07-24 00:00:00-04:00,44.093502044677734,34.55583953857422,-1.146899059168417,4.4614421891121765,1.976,False,False,0.0,False,False,-1.0,-1.0,1.7437819728988955e-05,-1.7437819728988955e-05,3.4775421331487264
2014-07-25 00:00:00-04:00,43.71139144897461,34.799556732177734,-1.1514770540391548,3.6405003811381533,0.907,False,False,0.0,False,False,-1.0,-1.0,-0.009798513281245348,0.009798513281245348,3.487340646429972
2014-07-28 00:00:00-04:00,44.10737609863281,34.833160400390625,-1.155857518678253,3.845205750515724,1.101,False,False,0.0,False,False,-1.0,-1.0,0.00242629453397348,-0.00242629453397348,3.4849143518959984
2014-07-29 00:00:00-04:00,44.39916229248047,34.67348861694336,-1.1606227388882766,4.156322967072185,1.402,False,False,0.0,False,False,-1.0,-1.0,0.0036756835921837143,-0.0036756835921837143,3.481238668303815
2014-07-30 00:00:00-04:00,45.003562927246094,34.69870376586914,-1.1661495606397738,4.539684775908128,1.777,False,False,0.0,True,False,-1.0,-1.0,0.004485471941103939,-0.004485471941103939,3.476753196362711
2014-07-31 00:00:00-04:00,44.732627868652344,33.92556381225586,-1.1726292013230262,4.9505210710533945,2.107,False,False,0.0,False,False,-1.0,-1.0,0.004861120333249094,-0.004861120333249094,3.471892076029462
2014-08-01 00:00:00-04:00,44.524200439453125,34.05161666870117,-1.1786831473422696,4.388133732295934,1.353,False,False,0.0,False,False,-1.0,-1.0,-0.0066428722435230075,0.0066428722435230075,3.478534948272985
2014-08-04 00:00:00-04:00,44.704833984375,34.404579162597656,-1.183918548659885,3.9726145549382608,0.795,False,False,0.0,False,False,-1.0,-1.0,-0.004863453978745251,0.004863453978745251,3.48339840225173
2014-08-05 00:00:00-04:00,44.81599044799805,34.2112922668457,-1.1890342030676881,4.137593811573403,0.94,False,False,0.0,False,False,-1.0,-1.0,0.0019297086307225179,-0.0019297086307225179,3.4814686936210073
2014-08-06 00:00:00-04:00,44.48948669433594,34.152462005615234,-1.1934698209542776,3.729553979346555,0.4,False,False,0.0,False,False,-1.0,-1.0,-0.004786423591551322,0.004786423591551322,3.4862551172125587
2014-08-07 00:00:00-04:00,44.46168518066406,33.5137939453125,-1.1984608269563395,4.296715974520481,1.045,False,False,0.0,False,False,-1.0,-1.0,0.006701930961155192,-0.006701930961155192,3.4795531862514033
2014-08-08 00:00:00-04:00,44.885467529296875,33.92556381225586,-1.2033549652276498,4.060971867671313,0.706,False,False,0.0,False,False,-1.0,-1.0,-0.00275048661873811,0.00275048661873811,3.4823036728701413
2014-08-11 00:00:00-04:00,45.142513275146484,34.177677154541016,-1.2079011423869168,3.859257996045166,0.407,False,False,0.0,False,False,-1.0,-1.0,-0.0023339551964705425,0.0023339551964705425,3.484637628066612
2014-08-12 00:00:00-04:00,45.0313606262207,33.97598648071289,-1.2122620627915117,3.8435611697351817,0.347,False,False,0.0,False,False,-1.0,-1.0,-0.00018205728627983473,0.00018205728627983473,3.4848196853528917
2014-08-13 00:00:00-04:00,45.77470779418945,34.0348014831543,-1.217311755880596,4.343743839683384,0.964,False,False,0.0,False,False,-1.0,-1.0,0.005735666728072471,-0.005735666728072471,3.4790840186248193
2014-08-14 00:00:00-04:00,45.691322326660156,34.24489212036133,-1.2219123955502027,3.847064160511188,0.239,False,False,0.0,False,False,-1.0,-1.0,-0.005674031935082643,0.005674031935082643,3.484758050559902
2014-08-15 00:00:00-04:00,45.50376510620117,34.3037223815918,-1.2257096040139872,3.4573631296545386,-0.341,False,False,0.0,False,True,0.0,0.0,-0.004451174039317645,0.004451174039317645,3.4892092245992194
2014-08-18 00:00:00-04:00,46.19152069091797,34.454994201660156,-1.2297074999115745,3.8219559117266613,0.121,False,False,0.0,False,False,0.0,0.0,0.0041168508734592945,0.0,3.4892092245992194
2014-08-19 00:00:00-04:00,46.11509704589844,34.74913024902344,-1.2329483129293546,3.2712155296025855,-0.848,False,False,0.0,False,True,0.0,0.0,-0.006190947682015415,-0.0,3.4892092245992194
2014-08-20 00:00:00-04:00,46.504146575927734,35.32057571411133,-1.235237574875245,2.874844287631376,-1.537,True,False,1.0,False,False,0.0,1.0,-0.004397604296361701,-0.0,3.4892092245992194
2014-08-21 00:00:00-04:00,46.90708541870117,35.4886360168457,-1.2372842490852123,2.99755505353982,-1.566,False,False,1.0,False,False,0.0,1.0,0.0013511928940458133,0.0013511928940458133,3.490560417493265
2014-08-22 00:00:00-04:00,45.77470779418945,35.39618682861328,-1.2376260830643215,1.967463734079871,-3.153,False,False,1.0,False,False,0.0,1.0,-0.011498871124569215,-0.011498871124569215,3.479061546368696
2014-08-25 00:00:00-04:00,45.621856689453125,35.49703598022461,-1.2368200355466776,1.7184113865900272,-3.003,False,False,1.0,False,False,0.0,1.0,-0.002781921333381478,-0.002781921333381478,3.4762796250353145
2014-08-26 00:00:00-04:00,45.5732307434082,35.39618682861328,-1.2356820943772169,1.834796470060084,-2.502,False,False,1.0,False,False,0.0,1.0,0.0013031341812765565,0.0013031341812765565,3.477582759216591
2014-08-27 00:00:00-04:00,45.5732307434082,35.25333786010742,-1.2347217425137331,2.0451679913510077,-2.015,False,False,1.0,False,False,0.0,1.0,0.0023610377923596586,0.0023610377923596586,3.4799437970089504
2014-08-28 00:00:00-04:00,45.4829216003418,35.59789276123047,-1.2331332293453567,1.585977141795972,-2.317,False,False,1.0,False,False,0.0,1.0,-0.005137520000897062,-0.005137520000897062,3.4748062770080534
2014-08-29 00:00:00-04:00,45.33007049560547,35.749149322509766,-1.2308684390646154,1.3275708711200167,-2.334,False,False,1.0,False,False,0.0,1.0,-0.0028926322205728152,-0.0028926322205728152,3.4719136447874805
2014-09-02 00:00:00-04:00,45.52458953857422,35.967647552490234,-1.2283301176337311,1.3444447894153058,-2.095,False,False,1.0,False,False,0.0,1.0,0.00018810510313942838,0.00018810510313942838,3.47210174989062
2014-09-03 00:00:00-04:00,45.7191162109375,36.00965881347656,-1.2260216070499113,1.5704964431199642,-1.727,False,False,1.0,False,False,0.0,1.0,0.0025153816466245192,0.0025153816466245192,3.4746171315372445
2014-09-04 00:00:00-04:00,45.81637954711914,36.18614959716797,-1.223759581751277,1.5332322508997294,-1.63,False,False,1.0,False,False,0.0,1.0,-0.0004135892110180366,-0.0004135892110180366,3.4742035423262263
2014-09-05 00:00:00-04:00,46.365203857421875,36.27859115600586,-1.222272582843555,2.022876543245239,-1.123,False,False,1.0,False,False,0.0,1.0,0.005398055553063301,0.005398055553063301,3.47960159787929
2014-09-08 00:00:00-04:00,46.92097091674805,36.2953987121582,-1.2219671037620037,2.5691876725649294,-0.605,False,False,1.0,False,False,0.0,1.0,0.00598547873724113,0.00598547873724113,3.485587076616531
2014-09-09 00:00:00-04:00,46.8028678894043,36.051692962646484,-1.2224309916403864,2.7321611107616164,-0.427,False,False,1.0,False,False,0.0,1.0,0.0017934084665648328,0.0017934084665648328,3.487380485083096
2014-09-10 00:00:00-04:00,46.226253509521484,36.11891174316406,-1.2222363625838064,2.08040620007111,-0.949,False,False,1.0,False,False,0.0,1.0,-0.0072119039480565365,-0.0072119039480565365,3.480168581135039
2014-09-11 00:00:00-04:00,46.43026351928711,36.068172454833984,-1.2221631201590655,2.3490733334519476,-0.663,False,False,1.0,False,False,0.0,1.0,0.0029683219347700425,0.0029683219347700425,3.483136903069809
2014-09-12 00:00:00-04:00,45.290611267089844,35.94977951049805,-1.2207062847747407,1.4064894823586727,-1.418,False,False,1.0,False,False,0.0,1.0,-0.010570077631132607,-0.010570077631132607,3.4725668254386766
2014-09-15 00:00:00-04:00,44.76299285888672,35.85676193237305,-1.2181538477002196,1.0839403448957299,-1.58,True,False,1.0,False,False,0.0,1.0,-0.0036470112840906554,-0.0036470112840906554,3.468919814154586
2014-09-16 00:00:00-04:00,44.97404861450195,36.09355545043945,-1.215166480117009,1.1143698828833593,-1.453,False,False,1.0,False,False,0.0,1.0,0.00034254487452797686,0.00034254487452797686,3.469262359029114
2014-09-17 00:00:00-04:00,44.65044403076172,35.81447982788086,-1.212180296004146,1.2368372717665892,-1.277,False,False,1.0,False,False,0.0,1.0,0.0013906626800032995,0.0013906626800032995,3.470653021709117
2014-09-18 00:00:00-04:00,44.2213134765625,36.09355545043945,-1.2082404443819927,0.6116199997974405,-1.713,True,False,1.0,False,False,0.0,1.0,-0.007118411750663206,-0.007118411750663206,3.463534609958454
2014-09-19 00:00:00-04:00,44.29166793823242,35.84830856323242,-1.2046430972117186,1.1072504808187418,-1.224,False,False,1.0,False,False,0.0,1.0,0.005665896899473853,0.005665896899473853,3.469200506857928
2014-09-22 00:00:00-04:00,44.0524787902832,35.67916488647461,-1.2013236377088965,1.1902546384479962,-1.088,False,False,1.0,False,False,0.0,1.0,0.0009550070910848274,0.0009550070910848274,3.470155513949013
2014-09-23 00:00:00-04:00,43.39119338989258,35.450828552246094,-1.197733461478369,0.9305497957346702,-1.245,False,False,1.0,False,False,0.0,1.0,-0.003025035361346709,-0.003025035361346709,3.467130478587666
2014-09-24 00:00:00-04:00,43.440460205078125,35.54386520385742,-1.1941223573682143,0.9967360978698565,-1.12,False,False,1.0,False,False,0.0,1.0,0.0007706459887250489,0.0007706459887250489,3.467901124576391
2014-09-25 00:00:00-04:00,43.44748306274414,34.9265251159668,-1.1917612410553804,1.823404144787638,-0.343,False,False,1.0,False,False,0.0,1.0,0.009717325363149199,0.009717325363149199,3.47761844993954
2014-09-26 00:00:00-04:00,43.86957550048828,35.230960845947266,-1.190118612160691,1.9405532734218767,-0.185,False,False,1.0,False,False,0.0,1.0,0.0013653967749710165,0.0013653967749710165,3.478983846714511
2014-09-29 00:00:00-04:00,44.01729965209961,35.247867584228516,-1.189041867480925,2.106109355028174,0.028,False,False,1.0,False,False,0.0,1.0,0.001926672768301038,0.001926672768301038,3.480910519482812
2014-09-30 00:00:00-04:00,43.883636474609375,35.20558547973633,-1.1881351823650033,2.054641750376142,0.03,False,False,1.0,False,False,0.0,1.0,-0.0006004669782290748,-0.0006004669782290748,3.480310052504583
2014-10-01 00:00:00-04:00,44.24242401123047,34.816566467285156,-1.1885283055519955,2.861949262729617,1.038,False,True,0.0,False,False,0.0,0.0,0.009428640282535655,0.009428640282535655,3.489738692787119
2014-10-02 00:00:00-04:00,44.200218200683594,34.44447326660156,-1.190019482796881,3.2106239387514037,1.538,False,False,0.0,True,False,-1.0,-1.0,0.004092915173100039,0.0,3.489738692787119
2014-10-03 00:00:00-04:00,44.228363037109375,34.96879577636719,-1.1910400793164406,2.579125742024587,0.827,False,False,0.0,False,False,-1.0,-1.0,-0.007353468125378883,0.007353468125378883,3.497092160912498
2014-10-06 00:00:00-04:00,44.136905670166016,34.774288177490234,-1.1920139505518648,2.685469042086879,1.095,False,False,0.0,False,False,-1.0,-1.0,0.0012424974851332363,-0.0012424974851332363,3.495849663427365
2014-10-07 00:00:00-04:00,43.8977165222168,34.19922637939453,-1.193562845600747,3.078790567482528,1.679,False,False,0.0,True,False,-1.0,-1.0,0.004642789349243395,-0.004642789349243395,3.4912068740781215
2014-10-08 00:00:00-04:00,44.495670318603516,34.90114212036133,-1.1949347017400787,2.791084468621456,1.279,False,False,0.0,False,False,-1.0,-1.0,-0.0033376478406095793,0.0033376478406095793,3.494544521918731
2014-10-09 00:00:00-04:00,44.7137565612793,34.3176155090332,-1.197484141275919,3.618956222807512,2.315,False,False,0.0,True,False,-1.0,-1.0,0.009647892752155785,-0.009647892752155785,3.4848966291665753
2014-10-10 00:00:00-04:00,44.21427536010742,33.64955139160156,-1.2008354653486542,3.8067006560001033,2.285,False,False,0.0,False,False,-1.0,-1.0,0.002218628321764684,-0.002218628321764684,3.4826780008448104
2014-10-13 00:00:00-04:00,44.54491424560547,33.13368225097656,-1.2057369146292884,4.594410438005774,2.762,False,False,0.0,False,False,-1.0,-1.0,0.009322514760618909,-0.009322514760618909,3.4733554860841913
2014-10-14 00:00:00-04:00,45.30469512939453,33.29435729980469,-1.211892579523313,4.955510577763377,2.69,False,False,0.0,False,False,-1.0,-1.0,0.004215805998541305,-0.004215805998541305,3.46913968008565
2014-10-15 00:00:00-04:00,44.77707290649414,33.3112678527832,-1.2175028242649821,4.220510215883287,1.823,False,False,0.0,False,False,-1.0,-1.0,-0.008613254981310384,0.008613254981310384,3.4777529350669605
2014-10-16 00:00:00-04:00,44.33386993408203,33.074466705322266,-1.2223911109457404,3.903935834225244,1.433,False,False,0.0,False,False,-1.0,-1.0,-0.0037347826146557675,0.0037347826146557675,3.4814877176816164
2014-10-17 00:00:00-04:00,45.29766082763672,33.56496810913086,-1.2272796579038312,4.104058249109592,1.499,False,False,0.0,False,False,-1.0,-1.0,0.0023137876243588995,-0.0023137876243588995,3.4791739300572573
2014-10-20 00:00:00-04:00,45.93080520629883,34.22460174560547,-1.2316822454859417,3.776970877409404,1.146,False,False,0.0,False,False,-1.0,-1.0,-0.0037133304220371144,0.0037133304220371144,3.4828872604792944
2014-10-21 00:00:00-04:00,46.67649841308594,35.256324768066406,-1.2348941096213597,3.1386706301030785,0.565,False,False,0.0,False,False,-1.0,-1.0,-0.007075375655071295,0.007075375655071295,3.489962636134366
2014-10-22 00:00:00-04:00,46.5780029296875,35.163291931152344,-1.237445226059629,3.0653551969419652,0.467,False,False,0.0,False,False,-1.0,-1.0,-0.0008137962443608488,0.0008137962443608488,3.490776432378727
2014-10-23 00:00:00-04:00,46.64131546020508,35.73835754394531,-1.2386325167244538,2.3746237119497238,-0.136,False,False,0.0,False,False,-1.0,-1.0,-0.007598136910078015,0.007598136910078015,3.498374569288805
2014-10-24 00:00:00-04:00,46.64131546020508,36.042808532714844,-1.2386220308698617,1.997898757160236,-0.445,False,False,0.0,False,True,0.0,0.0,-0.004126921839632153,0.004126921839632153,3.502501491128437
2014-10-27 00:00:00-04:00,47.41515350341797,35.96669006347656,-1.2393750444912506,2.838935405793684,0.275,False,True,0.0,False,False,0.0,0.0,0.009142560155325689,0.0,3.502501491128437
2014-10-28 00:00:00-04:00,47.506614685058594,36.63477325439453,-1.2393328520554932,2.1039366632835197,-0.357,False,False,0.0,False,True,0.0,0.0,-0.007910928187015505,-0.0,3.502501491128437
2014-10-29 00:00:00-04:00,47.147823333740234,36.719356536865234,-1.2382804325467036,1.6789626384341219,-0.7,False,False,0.0,False,False,0.0,0.0,-0.004588525591308342,-0.0,3.502501491128437
2014-10-30 00:00:00-04:00,47.485511779785156,36.85466384887695,-1.2371115523518241,1.8921813742963352,-0.535,False,False,0.0,False,False,0.0,0.0,0.0022907325752699005,0.0,3.502501491128437
2014-10-31 00:00:00-04:00,48.53370666503906,37.15064239501953,-1.2369524763965323,2.580127554797656,0.02,False,False,0.0,False,False,0.0,0.0,0.007280833340238667,0.0,3.502501491128437
2014-11-03 00:00:00-05:00,47.6050910949707,37.22675323486328,-1.2357356116052138,1.6026664182105534,-0.868,False,False,0.0,False,True,0.0,0.0,-0.01044212239293602,-0.0,3.502501491128437
2014-11-04 00:00:00-05:00,47.6613883972168,37.522743225097656,-1.233699066690431,1.3696151007491224,-1.084,False,False,0.0,False,False,0.0,0.0,-0.0024805053205260758,-0.0,3.502501491128437
2014-11-05 00:00:00-05:00,48.01312255859375,37.581932067871094,-1.2318436433613495,1.7180584355486843,-0.833,False,False,0.0,False,False,0.0,0.0,0.003694730511316273,0.0,3.502501491128437
2014-11-06 00:00:00-05:00,47.56289291381836,37.49736022949219,-1.2296681231760267,1.4535843363633134,-1.104,False,False,0.0,False,False,0.0,0.0,-0.002823400058661049,-0.0,3.502501491128437
2014-11-07 00:00:00-05:00,47.67544174194336,37.581932067871094,-1.2274953431992939,1.5437951401993857,-1.041,False,False,0.0,False,False,0.0,0.0,0.0009616629769550132,0.0,3.502501491128437
2014-11-10 00:00:00-05:00,48.26636505126953,37.97096633911133,-1.2256074631926932,1.7288653214161513,-0.913,False,False,0.0,False,False,0.0,0.0,0.0019521375172208838,0.0,3.502501491128437
2014-11-11 00:00:00-05:00,48.15382766723633,37.96249008178711,-1.2237968136889747,1.6954532654459555,-0.994,False,False,0.0,False,False,0.0,0.0,-0.00035314742960764416,-0.0,3.502501491128437
2014-11-12 00:00:00-05:00,48.11865234375,38.08087921142578,-1.2218611433816824,1.589105729497554,-1.087,False,False,0.0,False,False,0.0,0.0,-0.001123608659427217,-0.0,3.502501491128437
2014-11-13 00:00:00-05:00,48.58295440673828,38.131629943847656,-1.2205607197284698,2.040984718055917,-0.635,False,False,0.0,False,False,0.0,0.0,0.004750374235306397,0.0,3.502501491128437
2014-11-14 00:00:00-05:00,48.42115020751953,38.114715576171875,-1.219388628336107,1.9444994616704534,-0.726,False,False,0.0,False,False,0.0,0.0,-0.0010167280528752705,-0.0,3.502501491128437
2014-11-17 00:00:00-05:00,48.829158782958984,38.14008712768555,-1.2188724511231679,2.3412572995857204,-0.336,False,False,0.0,False,False,0.0,0.0,0.0041625060278470336,0.0,3.502501491128437
2014-11-18 00:00:00-05:00,48.54777145385742,38.51218795776367,-1.2176004266186342,1.6553149664673512,-0.98,False,False,0.0,False,False,0.0,0.0,-0.007187140558178798,-0.0,3.502501491128437
2014-11-19 00:00:00-05:00,48.22417068481445,38.40224838256836,-1.2158271307322839,1.533675220167872,-1.039,False,False,0.0,False,False,0.0,0.0,-0.0012815695533073303,-0.0,3.502501491128437
2014-11-20 00:00:00-05:00,48.055335998535156,38.32613754272461,-1.2138444633898746,1.5333661391800746,-0.994,False,False,0.0,False,False,0.0,0.0,-3.268024871229577e-06,-0.0,3.502501491128437
2014-11-21 00:00:00-05:00,48.815093994140625,38.393798828125,-1.212850667522864,2.2491494567106614,-0.286,False,False,0.0,False,False,0.0,0.0,0.007504461353643853,0.0,3.502501491128437
2014-11-24 00:00:00-05:00,48.51963806152344,38.579833984375,-1.2115674308722653,1.7775677175957085,-0.704,False,False,0.0,False,False,0.0,0.0,-0.0049503808719009645,-0.0,3.502501491128437
2014-11-25 00:00:00-05:00,48.26636505126953,38.258487701416016,-1.2104343218177787,1.9569784366322125,-0.505,False,False,0.0,False,False,0.0,0.0,0.0018970054784262303,0.0,3.502501491128437
2014-11-26 00:00:00-05:00,49.166831970214844,38.16545867919922,-1.2108562423393934,2.953948086760292,0.481,False,True,0.0,False,False,0.0,0.0,0.010452638081430439,0.0,3.502501491128437
2014-11-28 00:00:00-05:00,49.434173583984375,38.300777435302734,-1.2120194971025147,3.0128845782134164,0.574,False,False,0.0,False,False,0.0,0.0,0.0006148474991494478,0.0,3.502501491128437
2014-12-01 00:00:00-05:00,48.801025390625,38.131629943847656,-1.212808350444783,2.554666178656227,0.19,False,False,0.0,False,False,0.0,0.0,-0.004820946956858033,-0.0,3.502501491128437
2014-12-02 00:00:00-05:00,48.60405731201172,38.486820220947266,-1.2125196786495303,1.9380304254665006,-0.436,False,False,0.0,False,True,0.0,0.0,-0.006472501398283287,-0.0,3.502501491128437
2014-12-03 00:00:00-05:00,48.35783004760742,38.59675216674805,-1.2112833847295814,1.606225443500044,-0.821,False,False,0.0,False,False,0.0,0.0,-0.0034886652747070476,-0.0,3.502501491128437
2014-12-04 00:00:00-05:00,48.210079193115234,38.34304428100586,-1.2099658993915852,1.8163031342366054,-0.494,False,False,0.0,False,False,0.0,0.0,0.002220603908550902,0.0,3.502501491128437
2014-12-05 00:00:00-05:00,48.29450988769531,38.52910232543945,-1.2084893762820053,1.7324990497194293,-0.594,False,False,0.0,False,False,0.0,0.0,-0.0008834825890308675,-0.0,3.502501491128437
2014-12-08 00:00:00-05:00,48.45631408691406,38.34304428100586,-1.207576277534427,2.1541634047193057,0.236,False,True,0.0,False,False,0.0,0.0,0.004449885886472684,0.0,3.502501491128437
2014-12-09 00:00:00-05:00,48.73067855834961,38.131629943847656,-1.2076807351185037,2.6798436764969225,1.365,False,False,0.0,False,False,0.0,0.0,0.005546232094186475,0.0,3.502501491128437
2014-12-10 00:00:00-05:00,48.30156326293945,37.263851165771484,-1.2090499352307047,3.247706424516821,2.465,False,False,0.0,True,False,-1.0,-1.0,0.006082804269996671,0.0,3.502501491128437
2014-12-11 00:00:00-05:00,47.68914031982422,37.93595886230469,-1.2088464998105308,1.8303892321709085,-0.365,False,False,0.0,False,True,0.0,0.0,-0.015150712335912923,0.015150712335912923,3.5176522034643503
2014-12-12 00:00:00-05:00,47.39006805419922,37.49355697631836,-1.208361998662439,2.084278609331136,0.145,False,False,0.0,False,False,0.0,0.0,0.0027389506285411098,0.0,3.5176522034643503
2014-12-15 00:00:00-05:00,46.23647689819336,37.10219955444336,-1.206835157006548,1.4602380736184273,-1.069,False,False,0.0,False,True,0.0,0.0,-0.006856630205537258,-0.0,3.5176522034643503
2014-12-16 00:00:00-05:00,45.9160270690918,37.1617317199707,-1.2044208727947758,1.157661716359378,-1.579,True,False,1.0,False,False,0.0,1.0,-0.003336954890763875,-0.0,3.5176522034643503
2014-12-17 00:00:00-05:00,46.74917984008789,37.74027633666992,-1.2019672879793162,1.386602244110783,-1.086,False,False,1.0,False,False,0.0,1.0,0.0024854647671912365,0.0024854647671912365,3.5201376682315413
2014-12-18 00:00:00-05:00,47.31174087524414,38.66761016845703,-1.1988466556483577,0.9552057428750018,-1.789,True,False,1.0,False,False,0.0,1.0,-0.0046055774657443,-0.0046055774657443,3.515532090765797
2014-12-19 00:00:00-05:00,46.934326171875,38.71867752075195,-1.195016445755006,0.6648697766917522,-2.119,False,False,1.0,False,False,0.0,1.0,-0.003115066343732978,-0.003115066343732978,3.512417024422064
2014-12-22 00:00:00-05:00,47.204917907714844,39.01642608642578,-1.190996882645693,0.7364760668056434,-1.845,False,False,1.0,False,False,0.0,1.0,0.0007644253425525606,0.0007644253425525606,3.5131814497646165
2014-12-23 00:00:00-05:00,47.24052429199219,39.348236083984375,-1.1866206677716236,0.5490941143791517,-2.003,False,False,1.0,False,False,0.0,1.0,-0.0019948690888479843,-0.0019948690888479843,3.5111865806757687
2014-12-24 00:00:00-05:00,47.09099197387695,39.399288177490234,-1.182058358553156,0.5187340626300738,-1.882,False,False,1.0,False,False,0.0,1.0,-0.0003241404903877868,-0.0003241404903877868,3.510862440185381
2014-12-26 00:00:00-05:00,47.61793518066406,39.38226318359375,-1.178453808149386,1.2077571584166407,-0.826,False,False,1.0,False,False,0.0,1.0,0.007327841347828215,0.007327841347828215,3.5181902815332093
2014-12-29 00:00:00-05:00,47.852935791015625,39.59495162963867,-1.1754064159798487,1.3127756051265607,-0.656,False,False,1.0,False,False,0.0,1.0,0.0011125649140231086,0.0011125649140231086,3.5193028464472325
2014-12-30 00:00:00-05:00,47.76034927368164,39.51838684082031,-1.1727482619074807,1.4152297927221582,-0.488,False,False,1.0,False,False,0.0,1.0,0.0010887166171258743,0.0010887166171258743,3.5203915630643583
2014-12-31 00:00:00-05:00,47.21204376220703,39.28868103027344,-1.1700024861534808,1.2441892790960125,-0.716,False,False,1.0,False,False,0.0,1.0,-0.0018355945525486755,-0.0018355945525486755,3.5185559685118095
2015-01-02 00:00:00-05:00,47.29037857055664,38.79522705078125,-1.168295257792853,1.9660987821319011,0.33,False,True,0.0,False,False,0.0,0.0,0.007794765060166967,0.007794765060166967,3.5263507335719764
2015-01-05 00:00:00-05:00,48.20185852050781,38.21669387817383,-1.1693035426094587,3.514942981937942,2.326,False,False,0.0,True,False,-1.0,-1.0,0.016674180658482682,0.0,3.5263507335719764
2015-01-06 00:00:00-05:00,48.05233383178711,38.50596618652344,-1.1706358856465107,2.9758680023516533,1.505,False,False,0.0,False,False,-1.0,-1.0,-0.005788488432657761,0.005788488432657761,3.532139222004634
2015-01-07 00:00:00-05:00,48.43684387207031,39.13554000854492,-1.171531454755544,2.5883277532158857,0.985,False,False,0.0,False,False,-1.0,-1.0,-0.004110290814746526,0.004110290814746526,3.5362495128193805
2015-01-08 00:00:00-05:00,49.07061004638672,39.72257614135742,-1.172131187457658,2.510539704940207,0.844,False,False,0.0,False,False,-1.0,-1.0,-0.0008134214664185873,0.0008134214664185873,3.537062934285799
2015-01-09 00:00:00-05:00,48.550777435302734,39.739593505859375,-1.1718256804644156,1.9829012339198044,0.155,False,False,0.0,False,False,-1.0,-1.0,-0.005547160844346744,0.005547160844346744,3.542610095130146
2015-01-12 00:00:00-05:00,49.00653076171875,39.71406555175781,-1.1718647126917827,2.4670187440854576,0.734,False,True,0.0,False,False,-1.0,-1.0,0.005066850453279823,-0.005066850453279823,3.5375432446768658
2015-01-13 00:00:00-05:00,49.697269439697266,39.79914093017578,-1.172860808624673,3.0184168257639783,1.367,False,False,0.0,False,False,-1.0,-1.0,0.005721314262589684,-0.005721314262589684,3.531821930414276
2015-01-14 00:00:00-05:00,50.57313919067383,39.467342376708984,-1.1759350481611188,4.162108032127186,2.433,False,False,0.0,True,False,-1.0,-1.0,0.011792555447399364,-0.011792555447399364,3.5200293749668767
2015-01-15 00:00:00-05:00,50.93631362915039,39.08449172973633,-1.1807729231011457,4.786404081507072,2.676,False,False,0.0,False,False,-1.0,-1.0,0.0064303258377148426,-0.0064303258377148426,3.5135990491291618
2015-01-16 00:00:00-05:00,51.34219741821289,39.782135009765625,-1.1854524474550547,4.18236810589881,1.945,False,False,0.0,False,False,-1.0,-1.0,-0.006132218753840769,0.006132218753840769,3.5197312678830026
2015-01-20 00:00:00-05:00,51.826438903808594,39.56092071533203,-1.1908437389327957,4.715564163538708,2.228,False,False,0.0,False,False,-1.0,-1.0,0.005389231201061733,-0.005389231201061733,3.5143420366819407
2015-01-21 00:00:00-05:00,51.69113540649414,39.60346984863281,-1.1959515911511656,4.32730262591452,1.758,False,False,0.0,False,False,-1.0,-1.0,-0.003919657385492503,0.003919657385492503,3.518261694067433
2015-01-22 00:00:00-05:00,52.34626770019531,40.38617706298828,-1.2002794197092912,3.8715705307550508,1.299,False,False,0.0,False,False,-1.0,-1.0,-0.004520211602306562,0.004520211602306562,3.52278190566974
2015-01-23 00:00:00-05:00,52.44594955444336,40.53080749511719,-1.2039525496034515,3.648780533210335,1.057,False,False,0.0,False,False,-1.0,-1.0,-0.0022005445967983157,0.0022005445967983157,3.5249824502665383
2015-01-26 00:00:00-05:00,52.73080062866211,41.27098083496094,-1.2063201189497366,2.944786118659735,0.47,False,False,0.0,False,False,-1.0,-1.0,-0.006867111640157523,0.006867111640157523,3.531849561906696
2015-01-27 00:00:00-05:00,52.70944595336914,40.98171615600586,-1.2084994855720375,3.1830630609768065,0.624,False,False,0.0,False,False,-1.0,-1.0,0.0023306598577740195,-0.0023306598577740195,3.529518902048922
2015-01-28 00:00:00-05:00,52.9729118347168,40.666927337646484,-1.2113715639480438,3.7101524647505215,0.991,False,False,0.0,False,False,-1.0,-1.0,0.005155631078299908,-0.005155631078299908,3.524363270970622
2015-01-29 00:00:00-05:00,52.766387939453125,41.19441223144531,-1.2131728600615728,2.7904450340751765,0.27,False,False,0.0,False,False,-1.0,-1.0,-0.008951592037213503,0.008951592037213503,3.5333148630078357
2015-01-30 00:00:00-05:00,51.94037628173828,40.82857894897461,-1.2139317874824582,2.377266457840868,-0.033,False,False,0.0,False,False,-1.0,-1.0,-0.004070585081228732,0.004070585081228732,3.5373854480890645
2015-02-02 00:00:00-05:00,52.153987884521484,41.23694610595703,-1.2138628410711922,2.0979913272448414,-0.259,False,False,0.0,False,True,0.0,0.0,-0.002732366432900256,0.002732366432900256,3.540117814521965
2015-02-03 00:00:00-05:00,52.23945999145508,41.96861267089844,-1.21237532846014,1.3577494195581963,-0.817,False,False,0.0,False,False,0.0,0.0,-0.007178369908358258,-0.0,3.540117814521965
2015-02-04 00:00:00-05:00,52.34626770019531,42.028167724609375,-1.2104898461283637,1.4715974181758469,-0.728,False,False,0.0,False,False,0.0,0.0,0.001102954505579739,0.0,3.540117814521965
2015-02-05 00:00:00-05:00,52.82337188720703,43.32133865356445,-1.2070644092355136,0.5317258380506331,-1.422,False,False,0.0,False,False,0.0,0.0,-0.008941363456687145,-0.0,3.540117814521965
2015-02-06 00:00:00-05:00,49.64740753173828,43.72120666503906,-1.198242299001082,-2.7411916576795505,-3.196,True,False,1.0,False,False,0.0,1.0,-0.03207610333746605,-0.0,3.540117814521965
2015-02-09 00:00:00-05:00,48.408363342285156,43.34686279296875,-1.1869007358734942,-3.040060004496837,-2.882,False,False,1.0,False,False,0.0,1.0,-0.002992969799317689,-0.002992969799317689,3.5371248447226473
2015-02-10 00:00:00-05:00,49.24152755737305,44.07853317260742,-1.1752772187900165,-2.5629683180724854,-2.356,False,False,1.0,False,False,0.0,1.0,0.0047215285690243,0.0047215285690243,3.5418463732916714
2015-02-11 00:00:00-05:00,49.512115478515625,44.053001403808594,-1.1647052376691631,-1.796645991547237,-1.836,False,False,1.0,False,False,0.0,1.0,0.007600829805478626,0.007600829805478626,3.54944720309715
2015-02-12 00:00:00-05:00,50.35952377319336,44.988868713378906,-1.1548455793362742,-1.5956723797922834,-1.646,False,False,1.0,False,False,0.0,1.0,0.00196426879631746,0.00196426879631746,3.5514114718934673
2015-02-13 00:00:00-05:00,48.885459899902344,44.74213790893555,-1.144278988781483,-2.3120284224560805,-1.849,False,False,1.0,False,False,0.0,1.0,-0.007157623305350061,-0.007157623305350061,3.5442538485881174
2015-02-17 00:00:00-05:00,47.92414855957031,44.69108963012695,-1.1329103571344588,-2.7068497540249226,-1.865,False,False,1.0,False,False,0.0,1.0,-0.004006095511956904,-0.004006095511956904,3.5402477530761605
2015-02-18 00:00:00-05:00,48.123538970947266,45.06543731689453,-1.1216651354947376,-2.424790883236838,-1.629,False,False,1.0,False,False,0.0,1.0,0.0028585540554416362,0.0028585540554416362,3.5431063071316022
2015-02-19 00:00:00-05:00,47.19068145751953,45.00587463378906,-1.1100177944628513,-2.7666402413505935,-1.644,False,False,1.0,False,False,0.0,1.0,-0.003518851103541917,-0.003518851103541917,3.5395874560280602
2015-02-20 00:00:00-05:00,48.00958251953125,45.78007507324219,-1.0989009751185694,-2.2981866194559046,-1.379,False,False,1.0,False,False,0.0,1.0,0.004764709524741365,0.004764709524741365,3.5443521655528016
2015-02-23 00:00:00-05:00,48.372764587402344,45.55036163330078,-1.0895233838919436,-1.2554195568132798,-0.94,False,False,1.0,False,False,0.0,1.0,0.010640377222248235,0.010640377222248235,3.5549925427750497
2015-02-24 00:00:00-05:00,47.53248596191406,45.601417541503906,-1.0801584228015213,-1.7242692872304204,-1.05,False,False,1.0,False,False,0.0,1.0,-0.004844027337653854,-0.004844027337653854,3.550148515437396
2015-02-25 00:00:00-05:00,47.11945724487305,45.73753356933594,-1.0706439829855157,-1.8491578677345117,-1.033,False,False,1.0,False,False,0.0,1.0,-0.0012997303144917194,-0.0012997303144917194,3.548848785122904
2015-02-26 00:00:00-05:00,46.59964370727539,45.2015495300293,-1.0617563750665975,-1.393389669121781,-0.82,False,False,1.0,False,False,0.0,1.0,0.0048182186260526064,0.0048182186260526064,3.5536670037489566
2015-02-27 00:00:00-05:00,47.269012451171875,45.28662109375,-1.0544012742283555,-0.4812585355748453,-0.459,False,False,1.0,False,False,0.0,1.0,0.009599431826307993,0.009599431826307993,3.563266435575265
2015-03-02 00:00:00-05:00,47.66778564453125,46.47772216796875,-1.0468905378681617,-0.9893019147805333,-0.61,False,False,1.0,False,False,0.0,1.0,-0.005274269898394414,-0.005274269898394414,3.5579921656768705
2015-03-03 00:00:00-05:00,47.51112365722656,45.967247009277344,-1.0403156411282075,-0.3093223861284784,-0.336,False,False,1.0,False,False,0.0,1.0,0.007132784352421152,0.007132784352421152,3.5651249500292916
2015-03-04 00:00:00-05:00,46.71357345581055,45.42275619506836,-1.0341730047578612,-0.26141480282705487,-0.287,False,False,1.0,False,False,0.0,1.0,0.0005113493304277663,0.0005113493304277663,3.5656362993597193
2015-03-05 00:00:00-05:00,46.90583801269531,45.465293884277344,-1.0287481918373869,0.13349913788959356,-0.101,False,False,1.0,False,False,0.0,1.0,0.0042156450289473945,0.0042156450289473945,3.5698519443886667
2015-03-06 00:00:00-05:00,46.279178619384766,45.056915283203125,-1.0236312539420873,0.15751192927715607,-0.042,False,False,1.0,False,False,0.0,1.0,0.0002598763172255922,0.0002598763172255922,3.5701118207058924
2015-03-09 00:00:00-04:00,45.92314910888672,45.1505012512207,-1.0183305890834702,-0.054987427682817724,-0.08,False,False,1.0,False,False,0.0,1.0,-0.0023122566291375935,-0.0023122566291375935,3.5677995640767546
2015-03-10 00:00:00-04:00,46.00148391723633,44.15509796142578,-1.0147230539396834,1.1962880668124711,0.504,False,True,0.0,False,False,0.0,0.0,0.013779553417180627,0.013779553417180627,3.581579117493935
2015-03-11 00:00:00-04:00,46.54989242553711,44.06104278564453,-1.0127506166655387,1.9270441734489268,0.891,False,False,0.0,False,False,0.0,0.0,0.00801507228153108,0.0,3.581579117493935
2015-03-12 00:00:00-04:00,46.86738586425781,45.01887893676758,-1.0105968610996687,1.3714481205345095,0.702,False,False,0.0,False,False,0.0,0.0,-0.006015331965234827,-0.0,3.581579117493935
2015-03-13 00:00:00-04:00,46.52102279663086,44.35181427001953,-1.0089416987337183,1.7726279651149852,0.954,False,False,0.0,False,False,0.0,0.0,0.0043955560910334465,0.0,3.581579117493935
2015-03-16 00:00:00-04:00,46.86738586425781,45.224117279052734,-1.0068511274647138,1.3334323932471221,0.783,False,False,0.0,False,False,0.0,0.0,-0.004753129933260905,-0.0,3.581579117493935
2015-03-17 00:00:00-04:00,46.8890380859375,45.43793869018555,-1.0044811912999885,1.247483300204081,0.798,False,False,0.0,False,False,0.0,0.0,-0.0009288721748734758,-0.0,3.581579117493935
2015-03-18 00:00:00-04:00,47.653934478759766,46.19907760620117,-1.0021580010784539,1.3551592132608405,0.946,False,False,0.0,False,False,0.0,0.0,0.0011460650081286177,0.0,3.581579117493935
2015-03-19 00:00:00-04:00,48.021934509277344,46.14776611328125,-1.000548233705736,1.8488686351683654,1.268,False,False,0.0,False,False,0.0,0.0,0.005241354847901281,0.0,3.581579117493935
2015-03-20 00:00:00-04:00,49.27028274536133,46.13065719604492,-1.0009446847332664,3.0960466217277585,1.928,False,False,0.0,True,False,-1.0,-1.0,0.013067046712983518,0.0,3.581579117493935
2015-03-23 00:00:00-04:00,48.72187042236328,45.97671890258789,-1.0014858173997856,2.676838510844874,1.659,False,False,0.0,False,False,-1.0,-1.0,-0.004423570894044158,0.004423570894044158,3.586002688387979
2015-03-24 00:00:00-04:00,48.187896728515625,45.61752700805664,-1.0018149034924781,2.487578311373845,1.502,False,False,0.0,False,False,-1.0,-1.0,-0.002015803572124705,0.002015803572124705,3.5880184919601037
2015-03-25 00:00:00-04:00,48.065242767333984,44.9248046875,-1.0027990330240864,3.014692067913046,1.704,False,False,0.0,False,False,-1.0,-1.0,0.005660841592112901,-0.005660841592112901,3.5823576503679906
2015-03-26 00:00:00-04:00,48.10851287841797,45.112945556640625,-1.0037594458636756,2.8259676452062052,1.517,False,False,0.0,False,False,-1.0,-1.0,-0.0020207975637374156,0.0020207975637374156,3.584378447931728
2015-03-27 00:00:00-04:00,47.43022537231445,45.76292037963867,-1.0029142029612934,1.5339425545880019,0.815,False,False,0.0,False,False,-1.0,-1.0,-0.01384413834478036,0.01384413834478036,3.5982225862765085
2015-03-30 00:00:00-04:00,48.173465728759766,46.62669372558594,-1.0013404887053077,1.4842694468688364,0.742,False,False,0.0,False,False,-1.0,-1.0,-0.0005236318132585021,0.0005236318132585021,3.598746218089767
2015-03-31 00:00:00-04:00,47.596195220947266,47.04574203491211,-0.9983124025585219,0.6298474599257133,0.249,False,False,0.0,False,False,-1.0,-1.0,-0.009035522522972381,0.009035522522972381,3.6077817406127393
2015-04-01 00:00:00-04:00,47.033363342285156,46.951683044433594,-0.9943704778069394,0.3459958395517475,0.061,False,False,0.0,False,False,-1.0,-1.0,-0.003028696189355987,0.003028696189355987,3.6108104368020952
2015-04-02 00:00:00-04:00,47.50960159301758,47.404945373535156,-0.9903995635108704,0.5597643868117004,0.147,False,False,0.0,False,False,-1.0,-1.0,0.0022630723829973705,-0.0022630723829973705,3.6085473644190977
2015-04-06 00:00:00-04:00,47.90648651123047,47.49047088623047,-0.9870795613792448,1.029613339156306,0.368,False,True,0.0,False,False,-1.0,-1.0,0.004957082698001957,-0.004957082698001957,3.603590281721096
2015-04-07 00:00:00-04:00,47.646705627441406,46.58393096923828,-0.98501752010041,1.7607174675936292,0.75,False,False,0.0,False,False,-1.0,-1.0,0.007816562303871954,-0.007816562303871954,3.595773719417224
2015-04-08 00:00:00-04:00,47.89204788208008,46.669464111328125,-0.9837116583819643,1.9827519453279265,0.841,False,False,0.0,False,False,-1.0,-1.0,0.0023670713946607664,-0.0023670713946607664,3.593406648022563
2015-04-09 00:00:00-04:00,47.15601348876953,46.395782470703125,-0.9821340895131833,1.5891339146538073,0.55,False,False,0.0,False,False,-1.0,-1.0,-0.00424510083402127,0.00424510083402127,3.5976517488565842
2015-04-10 00:00:00-04:00,47.062225341796875,46.31025695800781,-0.9805481366808012,1.6527891724132076,0.551,False,False,0.0,False,False,-1.0,-1.0,0.0006883758409780911,-0.0006883758409780911,3.596963373015606
2015-04-13 00:00:00-04:00,46.94675827026367,46.19051742553711,-0.979057499117771,1.7235857966614887,0.558,False,False,0.0,False,False,-1.0,-1.0,0.0007681097693891112,-0.0007681097693891112,3.596195263246217
2015-04-14 00:00:00-04:00,47.2065315246582,46.11355972290039,-0.9781224200304471,2.101824892276319,0.809,False,False,0.0,False,False,-1.0,-1.0,0.004097432806300022,-0.004097432806300022,3.592097830439917
2015-04-15 00:00:00-04:00,46.98284149169922,46.087894439697266,-0.9771722538434875,1.9470298071595096,0.65,False,False,0.0,False,False,-1.0,-1.0,-0.0016822142008570587,0.0016822142008570587,3.5937800446407744
2015-04-16 00:00:00-04:00,47.1993293762207,45.99383544921875,-0.9766733683726342,2.2783751836555552,0.917,False,False,0.0,False,False,-1.0,-1.0,0.0035968775133940114,-0.0035968775133940114,3.5901831671273805
2015-04-17 00:00:00-04:00,47.12715530395508,44.97610855102539,-0.977549571540408,3.1607796603453266,1.668,False,False,0.0,True,False,-1.0,-1.0,0.009686796279723752,-0.009686796279723752,3.5804963708476567
2015-04-20 00:00:00-04:00,47.480743408203125,45.455039978027344,-0.9786899085206026,2.9943544903072095,1.477,False,False,0.0,False,False,-1.0,-1.0,-0.001809615738022615,0.001809615738022615,3.5823059865856792
2015-04-21 00:00:00-04:00,48.000282287597656,45.83134078979492,-0.980049264620967,3.0833104499662127,1.5,False,False,0.0,False,False,-1.0,-1.0,0.0009573675039849218,-0.0009573675039849218,3.581348619081694
2015-04-22 00:00:00-04:00,47.834320068359375,45.797122955322266,-0.9812297459961896,2.89682074355224,1.259,False,False,0.0,False,False,-1.0,-1.0,-0.0020101977910299473,0.0020101977910299473,3.583358816872724
2015-04-23 00:00:00-04:00,47.52404022216797,46.070796966552734,-0.981528508855274,2.3042395738133834,0.57,False,False,0.0,False,False,-1.0,-1.0,-0.006389439602422172,0.006389439602422172,3.589748256475146
2015-04-24 00:00:00-04:00,48.14460754394531,46.67799758911133,-0.9815438421717958,2.3281064454431615,0.553,False,False,0.0,False,False,-1.0,-1.0,0.0002540079823940698,-0.0002540079823940698,3.589494248492752
2015-04-27 00:00:00-04:00,48.09410095214844,45.98527526855469,-0.9822797428253075,2.923696587601569,1.242,False,False,0.0,False,False,-1.0,-1.0,0.006386032286730958,-0.006386032286730958,3.583108216206021
2015-04-28 00:00:00-04:00,46.93954849243164,46.35301971435547,-0.9812467284157148,1.4557995455312067,-0.655,False,False,0.0,False,True,0.0,0.0,-0.01588232710517508,0.01588232710517508,3.5989905433111957
2015-04-29 00:00:00-04:00,46.07363510131836,46.5155143737793,-0.9783502220116908,0.5651712867433929,-1.676,True,False,1.0,False,False,0.0,1.0,-0.009724916433786304,-0.0,3.5989905433111957
2015-04-30 00:00:00-04:00,45.756126403808594,46.11355972290039,-0.9751032030432779,0.7906466142809307,-1.346,False,False,1.0,False,False,0.0,1.0,0.0024853542281540824,0.0024853542281540824,3.6014758975393497
2015-05-01 00:00:00-04:00,46.268470764160156,46.472755432128906,-0.9721418923586166,1.0903583552511833,-0.947,False,False,1.0,False,False,0.0,1.0,0.003277451497592063,0.003277451497592063,3.6047533490369417
2015-05-04 00:00:00-04:00,46.41279220581055,46.429996490478516,-0.9696978581429495,1.3897240554088697,-0.593,False,False,1.0,False,False,0.0,1.0,0.0032740513294393387,0.0032740513294393387,3.608027400366381
2015-05-05 00:00:00-04:00,45.52522659301758,46.036590576171875,-0.9669201086259791,1.0115214323357407,-1.028,False,False,1.0,False,False,0.0,1.0,-0.0042004343644113686,-0.0042004343644113686,3.6038269660019693
2015-05-06 00:00:00-04:00,46.07363510131836,45.99383544921875,-0.9649597316397996,1.6914359891551314,-0.236,False,False,1.0,False,False,0.0,1.0,0.007516536249223557,0.007516536249223557,3.611343502251193
2015-05-07 00:00:00-04:00,46.78800964355469,46.267494201660156,-0.9639735900534108,2.1873671552049814,0.342,False,True,0.0,False,False,0.0,0.0,0.005426616483346919,0.005426616483346919,3.61677011873454
2015-05-08 00:00:00-04:00,47.46630096435547,43.641963958740234,-0.9675271336920028,5.241516666665838,3.279,False,False,0.0,True,False,-1.0,-1.0,0.03405187374573214,0.0,3.61677011873454
2015-05-11 00:00:00-04:00,46.67256164550781,43.813011169433594,-0.9711741743252893,4.122496698328462,1.997,False,False,0.0,False,False,-1.0,-1.0,-0.012541885517962245,0.012541885517962245,3.629312004252502
2015-05-12 00:00:00-04:00,46.55710220336914,43.984039306640625,-0.9742895654929296,3.703911658678308,1.516,False,False,0.0,False,False,-1.0,-1.0,-0.0046816202786589805,0.0046816202786589805,3.633993624531161
2015-05-13 00:00:00-04:00,46.708641052246094,44.06957244873047,-0.9771406443159625,3.646470634964615,1.418,False,False,0.0,False,False,-1.0,-1.0,-0.0006398630331328938,0.0006398630331328938,3.634633487564294
2015-05-14 00:00:00-04:00,47.53846740722656,44.22351837158203,-0.9806278923907795,4.1716517923971566,1.772,False,False,0.0,True,False,-1.0,-1.0,0.005777234721387085,-0.005777234721387085,3.628856252842907
2015-05-15 00:00:00-04:00,48.13016891479492,45.112945556640625,-0.983772447194088,3.7492960644049163,1.323,False,False,0.0,False,False,-1.0,-1.0,-0.004565462888897952,0.004565462888897952,3.6334217157318047
2015-05-18 00:00:00-04:00,47.819889068603516,45.99383544921875,-0.9850770803758114,2.5124159290016124,0.266,False,False,0.0,False,False,-1.0,-1.0,-0.01328159743897828,0.01328159743897828,3.646703313170783
2015-05-19 00:00:00-04:00,47.552894592285156,46.32736587524414,-0.9848934679414965,1.925374554821417,-0.265,False,False,0.0,False,True,0.0,0.0,-0.006300051105297141,0.006300051105297141,3.6530033642760804
2015-05-20 00:00:00-04:00,47.68278884887695,46.6437873840332,-0.9839762675421694,1.7864090347054358,-0.438,False,False,0.0,False,False,0.0,0.0,-0.0014850048584675488,-0.0,3.6530033642760804
2015-05-21 00:00:00-04:00,47.60341262817383,46.32736587524414,-0.9831702473508733,2.0557248614956407,-0.245,False,False,0.0,False,False,0.0,0.0,0.002891171716153861,0.0,3.6530033642760804
2015-05-22 00:00:00-04:00,47.84153366088867,46.25040054321289,-0.9828605519803474,2.383839453674291,0.024,False,False,0.0,False,False,0.0,0.0,0.003516798581039763,0.0,3.6530033642760804
2015-05-26 00:00:00-04:00,47.90648651123047,46.06224060058594,-0.9830633258467185,2.6243870704667103,0.229,False,True,0.0,False,False,0.0,0.0,0.002581299140179426,0.0,3.6530033642760804
2015-05-27 00:00:00-04:00,48.14460754394531,46.79774475097656,-0.982795483052828,2.151995385626357,-0.227,False,False,0.0,False,True,0.0,0.0,-0.005018118086920629,-0.0,3.6530033642760804
2015-05-28 00:00:00-04:00,47.985862731933594,46.669464111328125,-0.9823427296127505,2.1404539672472254,-0.256,False,False,0.0,False,False,0.0,0.0,-0.0001230018329182221,-0.0,3.6530033642760804
2015-05-29 00:00:00-04:00,47.653934478759766,46.33591079711914,-0.9818501699435221,2.1590125881204543,-0.254,False,False,0.0,False,False,0.0,0.0,0.0001992361645282176,0.0,3.6530033642760804
2015-06-01 00:00:00-04:00,48.10131072998047,46.42143630981445,-0.9818463262005792,2.522594032234977,0.077,False,False,0.0,False,False,0.0,0.0,0.0038810988222118697,0.0,3.6530033642760804
2015-06-02 00:00:00-04:00,47.89926528930664,46.019474029541016,-0.9822572713990333,2.6963022978310036,0.23,False,True,0.0,False,False,0.0,0.0,0.0018657798938189595,0.0,3.6530033642760804
2015-06-03 00:00:00-04:00,46.96840286254883,46.3786735534668,-0.9811164493519932,1.4655233401162988,-0.952,False,False,0.0,False,True,0.0,0.0,-0.013309850647368126,-0.0,3.6530033642760804
2015-06-04 00:00:00-04:00,46.68698501586914,45.848445892333984,-0.9798331000352499,1.7631601453851147,-0.644,False,False,0.0,False,False,0.0,0.0,0.003248926689307147,0.0,3.6530033642760804
2015-06-05 00:00:00-04:00,46.43444061279297,45.797122955322266,-0.9783153454262602,1.6304124492279541,-0.729,False,False,0.0,False,False,0.0,0.0,-0.0014549531347632452,-0.0,3.6530033642760804
2015-06-08 00:00:00-04:00,46.297332763671875,45.164268493652344,-0.9774343534893565,2.152225187759086,-0.203,False,False,0.0,False,False,0.0,0.0,0.005769556157174433,0.0,3.6530033642760804
2015-06-09 00:00:00-04:00,46.07363510131836,44.96756362915039,-0.9767777653043014,2.1503187884578594,-0.18,False,False,0.0,False,False,0.0,0.0,-2.118293199125369e-05,-0.0,3.6530033642760804
2015-06-10 00:00:00-04:00,46.903472900390625,45.15571594238281,-0.9770734698812625,2.783020839594009,0.44,False,True,0.0,False,False,0.0,0.0,0.0069509423089142205,0.0,3.6530033642760804
2015-06-11 00:00:00-04:00,47.671180725097656,45.30109786987305,-0.9784878331402543,3.344607631530984,0.945,False,False,0.0,False,False,0.0,0.0,0.006104353298058905,0.0,3.6530033642760804
2015-06-12 00:00:00-04:00,48.672847747802734,44.599815368652344,-0.9823918039706353,4.858354671035094,2.154,False,False,0.0,True,False,-1.0,-1.0,0.01636707279080907,0.0,3.6530033642760804
2015-06-15 00:00:00-04:00,48.22686004638672,44.37630081176758,-0.9866240575016388,4.444134082567324,1.673,False,False,0.0,False,False,-1.0,-1.0,-0.0045019286188487315,0.0045019286188487315,3.657505292894929
2015-06-16 00:00:00-04:00,48.987247467041016,44.625606536865234,-0.991400660206796,4.7453916842641135,1.775,False,False,0.0,False,False,-1.0,-1.0,0.003231368652013482,-0.003231368652013482,3.654273924242916
2015-06-17 00:00:00-04:00,49.47712326049805,44.50525665283203,-0.996883156672956,5.110582519882776,1.931,False,False,0.0,False,False,-1.0,-1.0,0.0038914810020027556,-0.0038914810020027556,3.6503824432409133
2015-06-18 00:00:00-04:00,50.29601287841797,44.969478607177734,-1.0027610372482478,5.202371865771532,1.865,False,False,0.0,False,False,-1.0,-1.0,0.000962256829169128,-0.000962256829169128,3.6494201864117444
2015-06-19 00:00:00-04:00,49.66722869873047,44.831932067871094,-1.0077886426772946,4.486116731449982,1.229,False,False,0.0,False,False,-1.0,-1.0,-0.007551583183133333,0.007551583183133333,3.6569717695948776
2015-06-22 00:00:00-04:00,49.39669418334961,45.26176452636719,-1.0113153574644766,3.622776611893606,0.5,False,False,0.0,False,False,-1.0,-1.0,-0.009071499107105217,0.009071499107105217,3.6660432687019826
2015-06-23 00:00:00-04:00,48.85564422607422,44.969478607177734,-1.0137974161619971,3.2657030079652287,0.163,False,False,0.0,False,False,-1.0,-1.0,-0.0037807336600121527,0.0037807336600121527,3.669824002361995
2015-06-24 00:00:00-04:00,48.57780838012695,44.37630081176758,-1.0161992057437588,3.482646741362622,0.308,False,True,0.0,False,False,-1.0,-1.0,0.002315969413093676,-0.002315969413093676,3.667508032948901
2015-06-25 00:00:00-04:00,48.40964889526367,44.32472229003906,-1.0182856392045505,3.2744207255870563,0.102,False,False,0.0,False,False,-1.0,-1.0,-0.0022259478264214493,0.0022259478264214493,3.6697339807753226
2015-06-26 00:00:00-04:00,48.63629913330078,43.56820297241211,-1.0214474151285662,4.133670825333716,0.917,False,True,0.0,False,False,-1.0,-1.0,0.009225466980908618,-0.009225466980908618,3.660508513794414
2015-06-29 00:00:00-04:00,48.1756706237793,43.01801681518555,-1.0249359071591175,4.084960535120928,0.875,False,False,0.0,False,False,-1.0,-1.0,-0.0005279310821197356,0.0005279310821197356,3.661036444876534
2015-06-30 00:00:00-04:00,48.75328063964844,42.992218017578125,-1.029140534945359,4.508246390550582,1.215,False,False,0.0,False,False,-1.0,-1.0,0.004551543282650123,-0.004551543282650123,3.656484901593884
2015-07-01 00:00:00-04:00,50.05473327636719,44.40208053588867,-1.0331737314783893,4.179670043699126,0.899,False,False,0.0,False,False,-1.0,-1.0,-0.0034251750635216735,0.0034251750635216735,3.6599100766574053
2015-07-02 00:00:00-04:00,50.38376235961914,44.53103256225586,-1.037168195820573,4.197591658997048,0.914,False,False,0.0,False,False,-1.0,-1.0,0.00018558173056558476,-0.00018558173056558476,3.6597244949268397
2015-07-06 00:00:00-04:00,50.325260162353516,44.7459716796875,-1.0405447407963135,3.765074659233896,0.531,False,False,0.0,False,False,-1.0,-1.0,-0.004464210251522713,0.004464210251522713,3.6641887051783626
2015-07-07 00:00:00-04:00,50.47148895263672,45.072635650634766,-1.043252585971247,3.449345253572183,0.228,False,False,0.0,False,False,-1.0,-1.0,-0.0032384618059075245,0.0032384618059075245,3.66742716698427
2015-07-08 00:00:00-04:00,50.29601287841797,44.78894805908203,-1.0457240511153958,3.4591326688776647,0.201,False,False,0.0,False,False,-1.0,-1.0,0.00010076314000674128,-0.00010076314000674128,3.667326403844263
2015-07-09 00:00:00-04:00,49.66722869873047,45.51105880737305,-1.0461467625364702,2.055981867790244,-1.087,False,False,0.0,False,True,0.0,0.0,-0.014424062398669567,0.014424062398669567,3.681750466242933
2015-07-10 00:00:00-04:00,50.54460906982422,46.05265808105469,-1.046244091327349,2.362287662602064,-0.822,False,False,0.0,False,False,0.0,0.0,0.0031025556383831344,0.0,3.681750466242933
2015-07-13 00:00:00-04:00,50.02548599243164,46.155818939208984,-1.0453982501661727,1.7742736383958757,-1.323,False,False,0.0,False,False,0.0,0.0,-0.005983249682780219,-0.0,3.681750466242933
2015-07-14 00:00:00-04:00,50.398380279541016,46.1644172668457,-1.044759327945087,2.167674720854727,-0.946,False,False,0.0,False,False,0.0,0.0,0.00398869237320229,0.0,3.681750466242933
2015-07-15 00:00:00-04:00,49.382076263427734,46.06985855102539,-1.0430270416300365,1.3299679906374848,-1.628,True,False,1.0,False,False,0.0,1.0,-0.008597667586634872,-0.0,3.681750466242933
2015-07-16 00:00:00-04:00,49.7403450012207,46.22460174560547,-1.04128558125583,1.6073337042286653,-1.351,False,False,1.0,False,False,0.0,1.0,0.002833924615255535,0.002833924615255535,3.684584390858188
2015-07-17 00:00:00-04:00,49.52098846435547,45.76896667480469,-1.0399831649574975,1.9220336450578586,-1.069,False,False,1.0,False,False,0.0,1.0,0.0032403225350952467,0.0032403225350952467,3.6878247133932835
2015-07-20 00:00:00-04:00,49.55756378173828,45.84634780883789,-1.0388513076502504,1.9300254095388496,-1.035,False,False,1.0,False,False,0.0,1.0,8.223240294929534e-05,8.223240294929534e-05,3.687906945796233
2015-07-21 00:00:00-04:00,48.62167739868164,45.67441177368164,-1.0368565621657773,1.2638638280779944,-1.507,True,False,1.0,False,False,0.0,1.0,-0.00694066591449246,-0.00694066591449246,3.68096627988174
2015-07-22 00:00:00-04:00,48.47544860839844,45.614234924316406,-1.0345783759249179,1.2839475213415028,-1.477,False,False,1.0,False,False,0.0,1.0,0.00020993345483934166,0.00020993345483934166,3.6811762133365797
2015-07-23 00:00:00-04:00,47.74429702758789,46.08705139160156,-1.0307450653057266,0.24029623120316046,-2.153,True,False,1.0,False,False,0.0,1.0,-0.010957164736603518,-0.010957164736603518,3.6702190485999764
2015-07-24 00:00:00-04:00,47.671180725097656,45.657203674316406,-1.0271010989577838,0.7766166558679117,-1.679,False,False,1.0,False,False,0.0,1.0,0.005671402745584074,0.005671402745584074,3.6758904513455604
2015-07-27 00:00:00-04:00,47.53225326538086,45.09843826293945,-1.0243076170985133,1.3375794334049331,-1.225,False,False,1.0,False,False,0.0,1.0,0.00598507595319255,0.00598507595319255,3.681875527298753
2015-07-28 00:00:00-04:00,47.09357452392578,45.734588623046875,-1.0205416368700875,0.4195225889814438,-1.774,True,False,1.0,False,False,0.0,1.0,-0.009790765524241806,-0.009790765524241806,3.672084761774511
2015-07-29 00:00:00-04:00,47.364097595214844,46.6888313293457,-1.0157500611987567,-0.06008568486647903,-1.928,False,False,1.0,False,False,0.0,1.0,-0.005059784494656015,-0.005059784494656015,3.667024977279855
2015-07-30 00:00:00-04:00,47.26173782348633,46.6888313293457,-1.0107768222023024,0.06974926007098503,-1.7,False,False,1.0,False,False,0.0,1.0,0.001374587852740015,0.001374587852740015,3.668399565132595
2015-07-31 00:00:00-04:00,46.99120330810547,46.65443420410156,-1.0057443552897742,0.06876945809214874,-1.59,False,False,1.0,False,False,0.0,1.0,-1.043301067327035e-05,-1.043301067327035e-05,3.6683891321219217
2015-08-03 00:00:00-04:00,47.26905822753906,46.68022155761719,-1.0013314055100455,0.5266863657299155,-1.231,False,False,1.0,False,False,0.0,1.0,0.004870864183244141,0.004870864183244141,3.6732599963051658
2015-08-04 00:00:00-04:00,47.7662239074707,46.7146110534668,-0.9980020946702446,1.14494422440508,-0.801,False,False,1.0,False,False,0.0,1.0,0.006550208821680857,0.006550208821680857,3.6798102051268464
2015-08-05 00:00:00-04:00,47.53225326538086,46.7318000793457,-0.9949166734865729,1.038006184398668,-0.822,False,False,1.0,False,False,0.0,1.0,-0.0011373180923727564,-0.0011373180923727564,3.6786728870344736
2015-08-06 00:00:00-04:00,47.671180725097656,46.50828552246094,-0.9925731218930453,1.5083065701754848,-0.472,False,False,1.0,False,False,0.0,1.0,0.005012043723125495,0.005012043723125495,3.683684930757599
2015-08-07 00:00:00-04:00,47.72235107421875,48.18464279174805,-0.9885233552582965,0.09070630979748273,-1.368,False,False,1.0,False,False,0.0,1.0,-0.014866710596762974,-0.014866710596762974,3.668818220160836
2015-08-10 00:00:00-04:00,47.34947204589844,49.11309051513672,-0.9824879816360451,-0.9035491262266291,-1.887,True,False,1.0,False,False,0.0,1.0,-0.01039989023881094,-0.01039989023881094,3.658418329922025
2015-08-11 00:00:00-04:00,47.72235107421875,48.35657501220703,-0.9776460155916826,0.4467381858742243,-0.932,False,False,1.0,False,False,0.0,1.0,0.014213855284656138,0.014213855284656138,3.672632185206681
2015-08-12 00:00:00-04:00,47.95631790161133,47.9869270324707,-0.9742805857424656,1.2035865244348187,-0.392,False,False,1.0,False,False,0.0,1.0,0.00799129908202032,0.00799129908202032,3.6806234842887013
2015-08-13 00:00:00-04:00,48.32190704345703,48.2963981628418,-0.9716974075270216,1.3924221557308485,-0.23,False,False,1.0,False,False,0.0,1.0,0.0019824973416919605,0.0019824973416919605,3.682605981630393
2015-08-14 00:00:00-04:00,48.841026306152344,48.399559020996094,-0.9700769001951935,1.8897321202501374,0.163,False,False,1.0,False,False,0.0,1.0,0.005191543142130459,0.005191543142130459,3.6877975247725234
2015-08-17 00:00:00-04:00,49.05305862426758,48.76923751831055,-0.9686878323482194,1.8108916473798757,0.162,False,False,1.0,False,False,0.0,1.0,-0.000818737090837822,-0.000818737090837822,3.6869787876816855
2015-08-18 00:00:00-04:00,49.111549377441406,48.40816116333008,-0.9679890717657204,2.2529783870641324,0.587,False,True,0.0,False,False,0.0,0.0,0.004606503961752871,0.004606503961752871,3.691585291643438
2015-08-19 00:00:00-04:00,48.92145538330078,47.935340881347656,-0.9679033247813053,2.5246795697191615,0.903,False,False,0.0,False,False,0.0,0.0,0.002850463958923271,0.0,3.691585291643438
2015-08-20 00:00:00-04:00,48.745967864990234,46.7146110534668,-0.9693104175002633,3.465008721391918,1.808,False,False,0.0,True,False,-1.0,-1.0,0.010000636855726075,0.0,3.691585291643438
2015-08-21 00:00:00-04:00,48.21953582763672,45.45948028564453,-0.9720036910474406,4.032753196891875,2.277,False,False,0.0,False,False,-1.0,-1.0,0.006144000594024972,-0.006144000594024972,3.6854412910494134
2015-08-24 00:00:00-04:00,45.97490692138672,43.84331130981445,-0.9741044557156149,3.2669420211696476,1.615,False,False,0.0,False,False,-1.0,-1.0,-0.008635389901025624,0.008635389901025624,3.694076680950439
2015-08-25 00:00:00-04:00,45.18524932861328,43.50802230834961,-0.9753071426642861,2.751564408082807,1.207,False,False,0.0,False,False,-1.0,-1.0,-0.005882034716621507,0.005882034716621507,3.6999587156670604
2015-08-26 00:00:00-04:00,46.26736068725586,45.038246154785156,-0.9756210994936328,2.3270974544594836,0.805,False,False,0.0,False,False,-1.0,-1.0,-0.0047054443424816616,0.0047054443424816616,3.7046641600095422
2015-08-27 00:00:00-04:00,47.29829406738281,45.85493469238281,-0.9759206282422632,2.547517394384627,0.997,False,False,0.0,False,False,-1.0,-1.0,0.002394591690630155,-0.002394591690630155,3.702269568318912
2015-08-28 00:00:00-04:00,47.53225326538086,46.01826858520508,-0.976294002016481,2.6048936624616914,1.012,False,False,0.0,False,False,-1.0,-1.0,0.0006205549244381032,-0.0006205549244381032,3.701649013394474
2015-08-31 00:00:00-04:00,46.29660415649414,45.382110595703125,-0.975875662114243,2.009306930770549,0.482,False,False,0.0,False,False,-1.0,-1.0,-0.0065749732855739,0.0065749732855739,3.708223986680048
2015-09-01 00:00:00-04:00,44.980533599853516,43.85189437866211,-0.975445796138244,2.2053875754892687,0.632,False,False,0.0,False,False,-1.0,-1.0,0.002234392640548904,-0.002234392640548904,3.705989594039499
2015-09-02 00:00:00-04:00,45.73362731933594,44.488059997558594,-0.9752063988459432,2.34858653747456,0.734,False,False,0.0,False,False,-1.0,-1.0,0.0016068346288870027,-0.0016068346288870027,3.704382759410612
2015-09-03 00:00:00-04:00,46.208866119384766,44.49666213989258,-0.9756502055609655,2.795688555821741,1.09,False,False,0.0,False,False,-1.0,-1.0,0.004988750534733119,-0.004988750534733119,3.699394008875879
2015-09-04 00:00:00-04:00,45.44115447998047,43.67136764526367,-0.9763489890905844,2.8026588273240236,1.057,False,False,0.0,False,False,-1.0,-1.0,7.913600351257576e-05,-7.913600351257576e-05,3.6993148728723666
2015-09-08 00:00:00-04:00,46.29660415649414,45.425106048583984,-0.9759823274394943,1.9625034310112923,0.317,False,False,0.0,False,False,-1.0,-1.0,-0.009270096678678778,0.009270096678678778,3.7085849695510453
2015-09-09 00:00:00-04:00,45.104820251464844,45.19298553466797,-0.9740159269942534,1.0861325522773342,-0.43,False,False,0.0,False,True,0.0,0.0,-0.009833217956582279,0.009833217956582279,3.7184181875076274
2015-09-10 00:00:00-04:00,45.14870071411133,45.02964782714844,-0.9718848226764786,1.3850694204388887,-0.207,False,False,0.0,False,False,0.0,0.0,0.003362153049088672,0.0,3.7184181875076274
2015-09-11 00:00:00-04:00,45.749202728271484,45.600311279296875,-0.9698804609614636,1.522351804720799,-0.107,False,False,0.0,False,False,0.0,0.0,0.0015257657866741747,0.0,3.7184181875076274
2015-09-14 00:00:00-04:00,46.2607421875,45.32362365722656,-0.9690572309964488,2.339556947502885,0.586,False,True,0.0,False,False,0.0,0.0,0.009061739597871075,0.0,3.7184181875076274
2015-09-15 00:00:00-04:00,46.70555114746094,45.71269226074219,-0.9687728265989564,2.420337054573494,0.613,False,False,0.0,False,False,0.0,0.0,0.0008877835773469074,0.0,3.7184181875076274
2015-09-16 00:00:00-04:00,47.39500427246094,47.416015625,-0.9674335246710027,1.5231611505118465,-0.237,False,False,0.0,False,True,0.0,0.0,-0.009619451381986135,-0.0,3.7184181875076274
2015-09-17 00:00:00-04:00,47.787925720214844,47.33820343017578,-0.9664334477234682,2.0387025701551593,0.196,False,False,0.0,False,False,0.0,0.0,0.005511622129495421,0.0,3.7184181875076274
2015-09-18 00:00:00-04:00,47.980682373046875,46.85400390625,-0.9664728073641147,2.697561681524242,0.786,False,True,0.0,False,False,0.0,0.0,0.007064467561042232,0.0,3.7184181875076274
2015-09-21 00:00:00-04:00,48.16603469848633,47.55434799194336,-0.9662196869260425,2.218087469738734,0.263,False,False,0.0,False,False,0.0,0.0,-0.005094611894715314,-0.0,3.7184181875076274
2015-09-22 00:00:00-04:00,47.402427673339844,47.62351608276367,-0.9648048811721986,1.4550268981067447,-0.538,False,False,0.0,False,True,0.0,0.0,-0.008174204327031672,-0.0,3.7184181875076274
2015-09-23 00:00:00-04:00,47.5581169128418,47.72727584838867,-0.9631633483090393,1.588954101038624,-0.421,False,False,0.0,False,False,0.0,0.0,0.0014319587111501183,0.0,3.7184181875076274
2015-09-24 00:00:00-04:00,47.38018798828125,47.60624313354492,-0.9614713363803535,1.6081497826237836,-0.404,False,False,0.0,False,False,0.0,0.0,0.00020606787802575086,0.0,3.7184181875076274
2015-09-25 00:00:00-04:00,47.432071685791016,47.952091217041016,-0.9595055793656248,1.4217726207907901,-0.682,False,False,0.0,False,False,0.0,0.0,-0.001994567992394556,-0.0,3.7184181875076274
2015-09-28 00:00:00-04:00,46.59434127807617,47.21714782714844,-0.9574041195551164,1.3884494347213447,-0.962,False,False,0.0,False,False,0.0,0.0,-0.0003629967477900229,-0.0,3.7184181875076274
2015-09-29 00:00:00-04:00,47.09846496582031,47.55434799194336,-0.955620319217768,1.6545637575665708,-0.701,False,False,0.0,False,False,0.0,0.0,0.0028755945395286266,0.0,3.7184181875076274
2015-09-30 00:00:00-04:00,48.425498962402344,47.85696792602539,-0.9553916522692,2.7033513029628367,0.785,False,True,0.0,False,False,0.0,0.0,0.011139816904918274,0.0,3.7184181875076274
2015-10-01 00:00:00-04:00,48.002933502197266,47.528419494628906,-0.9555518686215456,2.5870634414759195,0.569,False,False,0.0,False,False,0.0,0.0,-0.001244801443090587,-0.0,3.7184181875076274
2015-10-02 00:00:00-04:00,48.729461669921875,49.136627197265625,-0.9547867663496611,1.814460278915817,-0.601,False,False,0.0,False,True,0.0,0.0,-0.008077866065994168,-0.0,3.7184181875076274
2015-10-05 00:00:00-04:00,48.74428939819336,49.603519439697266,-0.9532122380427702,1.4616076182814695,-1.105,False,False,0.0,False,False,0.0,0.0,-0.003674516193787858,-0.0,3.7184181875076274
2015-10-06 00:00:00-04:00,49.915626525878906,48.95504379272461,-0.9537756725796191,3.223496706308282,1.439,False,True,0.0,False,False,0.0,0.0,0.018237553118681884,0.0,3.7184181875076274
2015-10-07 00:00:00-04:00,50.901634216308594,48.825347900390625,-0.9564204600556145,4.20407251504156,2.506,False,False,0.0,True,False,-1.0,-1.0,0.010046966058628112,0.0,3.7184181875076274
2015-10-08 00:00:00-04:00,51.213016510009766,49.32683563232422,-0.959358491503575,3.890897887138408,2.021,False,False,0.0,False,False,-1.0,-1.0,-0.0031783041397448245,0.0031783041397448245,3.721596491647372
2015-10-09 00:00:00-04:00,51.35385513305664,49.56893539428711,-0.9620839023224413,3.6643803349519146,1.8,False,False,0.0,False,False,-1.0,-1.0,-0.002287055093401353,0.002287055093401353,3.7238835467407734
2015-10-12 00:00:00-04:00,51.85798263549805,49.715919494628906,-0.9650252064121085,3.8808671632260143,1.979,False,False,0.0,False,False,-1.0,-1.0,0.0021684440880741793,-0.0021684440880741793,3.7217151026526993
2015-10-13 00:00:00-04:00,52.243499755859375,49.309532165527344,-0.9688330943902259,4.470793124997144,2.413,False,False,0.0,False,False,-1.0,-1.0,0.005898303715801097,-0.005898303715801097,3.715816798936898
2015-10-14 00:00:00-04:00,52.08039093017578,48.85129165649414,-0.9730318138801481,4.54652999926914,2.229,False,False,0.0,False,False,-1.0,-1.0,0.0007603015919611123,-0.0007603015919611123,3.715056497344937
2015-10-15 00:00:00-04:00,52.79951858520508,49.52569580078125,-0.9771746482345796,4.404264212503868,1.905,False,False,0.0,False,False,-1.0,-1.0,-0.001405861020355761,0.001405861020355761,3.7164623583652925
2015-10-16 00:00:00-04:00,52.7624397277832,50.1223030090332,-0.980246704822916,3.6302173650426823,1.093,False,False,0.0,False,False,-1.0,-1.0,-0.007596539716413396,0.007596539716413396,3.7240588980817058
2015-10-19 00:00:00-04:00,53.05899429321289,50.554603576660156,-0.9826135522124609,3.3833556920580747,0.81,False,False,0.0,False,False,-1.0,-1.0,-0.0024029060700341636,0.0024029060700341636,3.72646180415174
2015-10-20 00:00:00-04:00,53.563114166259766,50.433555603027344,-0.9853868109596045,3.86655364523876,1.201,False,False,0.0,False,False,-1.0,-1.0,0.004679444852446393,-0.004679444852446393,3.7217823592992936
2015-10-21 00:00:00-04:00,53.0663948059082,50.02717971801758,-0.9879847981478683,3.640301750295471,0.94,False,False,0.0,False,False,-1.0,-1.0,-0.0022074973460394576,0.0022074973460394576,3.723989856645333
2015-10-22 00:00:00-04:00,54.067222595214844,51.082027435302734,-0.9903095285446027,3.480204088657729,0.766,False,False,0.0,False,False,-1.0,-1.0,-0.001529777101742622,0.001529777101742622,3.7255196337470755
2015-10-23 00:00:00-04:00,54.408267974853516,51.58351516723633,-0.9921965222463975,3.2272836206773334,0.52,False,False,0.0,False,False,-1.0,-1.0,-0.0023953239785453034,0.0023953239785453034,3.7279149577256208
2015-10-26 00:00:00-04:00,54.46758270263672,51.45380783081055,-0.9940543285234957,3.319702309403354,0.569,False,False,0.0,False,False,-1.0,-1.0,0.0008750488424420347,-0.0008750488424420347,3.727039908883179
2015-10-27 00:00:00-04:00,54.037567138671875,51.116607666015625,-0.9956595830707037,3.142826861938019,0.364,False,False,0.0,False,False,-1.0,-1.0,-0.001685614772246653,0.001685614772246653,3.7287255236554255
2015-10-28 00:00:00-04:00,53.77069854736328,51.791015625,-0.9959056691497983,2.191732475399995,-0.572,False,False,0.0,False,True,0.0,0.0,-0.009027977354980059,0.009027977354980059,3.7377535010104057
2015-10-29 00:00:00-04:00,53.26655578613281,51.661319732666016,-0.9952434511295718,1.850965645486042,-0.921,False,False,0.0,False,False,0.0,0.0,-0.0032552526211327764,-0.0,3.7377535010104057
2015-10-30 00:00:00-04:00,54.83081817626953,51.51433563232422,-0.9964789465762478,3.497867271795826,0.655,False,True,0.0,False,False,0.0,0.0,0.015512840591192907,0.0,3.7377535010104057
2015-11-02 00:00:00-05:00,55.54254150390625,51.56621551513672,-0.9990421431926347,4.025719039330767,1.104,False,False,0.0,False,False,0.0,0.0,0.004930458653671248,0.0,3.7377535010104057
2015-11-03 00:00:00-05:00,54.8160285949707,51.272239685058594,-1.0013074302752603,3.4767540314674648,0.535,False,False,0.0,False,False,0.0,0.0,-0.005171338515644193,-0.0,3.7377535010104057
2015-11-04 00:00:00-05:00,54.60099411010742,50.95232391357422,-1.0034651426125705,3.472113127730786,0.493,False,False,0.0,False,False,0.0,0.0,-4.389396783661277e-05,-0.0,3.7377535010104057
2015-11-05 00:00:00-05:00,54.778926849365234,49.56893539428711,-1.0073952028505317,4.843419122752472,1.705,False,False,0.0,True,False,-1.0,-1.0,0.013095673013701877,0.0,3.7377535010104057
2015-11-06 00:00:00-05:00,53.51122283935547,49.43058776855469,-1.0102329774856653,3.57481297906196,0.473,False,False,0.0,False,False,-1.0,-1.0,-0.01226326896598782,0.01226326896598782,3.7500167699763933
2015-11-09 00:00:00-05:00,53.281402587890625,49.23172378540039,-1.012526078133548,3.432998383705062,0.294,False,False,0.0,False,False,-1.0,-1.0,-0.0013751077381810263,0.0013751077381810263,3.7513918777145743
2015-11-10 00:00:00-05:00,53.80775833129883,49.3009033203125,-1.015080504976038,3.7633724931411834,0.575,False,False,0.0,False,False,-1.0,-1.0,0.003181196807039892,-0.003181196807039892,3.748210680907534
2015-11-11 00:00:00-05:00,54.17844772338867,49.23172378540039,-1.01811067061739,4.055104404584576,0.824,False,False,0.0,False,False,-1.0,-1.0,0.002796998100688215,-0.002796998100688215,3.745413682806846
2015-11-12 00:00:00-05:00,53.41484832763672,48.738887786865234,-1.0207791961248436,3.6632056325414695,0.365,False,False,0.0,False,False,-1.0,-1.0,-0.003798702157629401,0.003798702157629401,3.7492123849644754
2015-11-13 00:00:00-05:00,52.79951858520508,47.32089614868164,-1.0242123715037719,4.332871319080148,1.079,False,False,0.0,False,False,-1.0,-1.0,0.006612926251417696,-0.006612926251417696,3.7425994587130575
2015-11-16 00:00:00-05:00,53.044158935546875,47.69269561767578,-1.0275238110283962,4.038778576255368,0.692,False,False,0.0,False,False,-1.0,-1.0,-0.002881862523407349,0.002881862523407349,3.745481321236465
2015-11-17 00:00:00-05:00,53.110877990722656,47.502471923828125,-1.030934126957392,4.138958569612882,0.77,False,False,0.0,False,False,-1.0,-1.0,0.000981360188958756,-0.000981360188958756,3.7444999610475063
2015-11-18 00:00:00-05:00,53.185028076171875,47.666770935058594,-1.0340612506655988,3.8946673078745704,0.418,False,False,0.0,False,False,-1.0,-1.0,-0.0023839017786903127,0.0023839017786903127,3.7468838628261967
2015-11-19 00:00:00-05:00,52.8736457824707,47.9174919128418,-1.0362006531126564,3.2215093668636,-0.558,False,False,0.0,False,True,0.0,0.0,-0.006565743041203454,0.006565743041203454,3.7534496058674
2015-11-20 00:00:00-05:00,53.85224914550781,48.2892951965332,-1.038646678412512,3.6967330867473365,0.027,False,False,0.0,False,False,0.0,0.0,0.004569117689918733,0.0,3.7534496058674
2015-11-23 00:00:00-05:00,53.68173599243164,47.4678955078125,-1.0419013606416023,4.2248710760483945,0.864,False,True,0.0,False,False,0.0,0.0,0.005120662726150283,0.0,3.7534496058674
2015-11-24 00:00:00-05:00,53.244319915771484,47.62351608276367,-1.0444696393712112,3.5030032472182384,-0.316,False,False,0.0,False,True,0.0,0.0,-0.0070094029883389615,-0.0,3.7534496058674
2015-11-25 00:00:00-05:00,53.185028076171875,47.4678955078125,-1.0467976496103513,3.4957466266439994,-0.309,False,False,0.0,False,False,0.0,0.0,-7.053870502456407e-05,-0.0,3.7534496058674
2015-11-27 00:00:00-05:00,53.5037956237793,47.64081573486328,-1.0490866970953556,3.5244495975631267,-0.253,False,False,0.0,False,False,0.0,0.0,0.0002773685690390767,0.0,3.7534496058674
2015-11-30 00:00:00-05:00,53.45932388305664,47.53706359863281,-1.0513088948221838,3.4831860880861143,-0.303,False,False,0.0,False,False,0.0,0.0,-0.00039893000724893586,-0.0,3.7534496058674
2015-12-01 00:00:00-05:00,53.97084426879883,47.735939025878906,-1.0537614612360129,3.668551407415457,0.052,False,False,0.0,False,False,0.0,0.0,0.0017776900593095126,0.0,3.7534496058674
2015-12-02 00:00:00-05:00,53.44449234008789,47.25173568725586,-1.056120404510571,3.5409701322366516,-0.124,False,False,0.0,False,False,0.0,0.0,-0.0012344821111161767,-0.0,3.7534496058674
2015-12-03 00:00:00-05:00,53.01451873779297,46.72431564331055,-1.058471403962126,3.558166759648529,-0.049,False,False,0.0,False,False,0.0,0.0,0.00016781966710860318,0.0,3.7534496058674
2015-12-04 00:00:00-05:00,54.067222595214844,47.51112365722656,-1.0609651396332946,3.6595766500907345,0.14,False,False,0.0,False,False,0.0,0.0,0.0009706630107225269,0.0,3.7534496058674
2015-12-07 00:00:00-05:00,53.49639129638672,47.25173568725586,-1.062979616822063,3.268759401370083,-0.586,False,False,0.0,False,True,0.0,0.0,-0.0037678566323972123,-0.0,3.7534496058674
2015-12-08 00:00:00-05:00,53.46672439575195,46.81942367553711,-1.0652656126458493,3.5916023503053367,0.034,False,False,0.0,False,False,0.0,0.0,0.0031240292297172274,0.0,3.7534496058674
2015-12-09 00:00:00-05:00,52.992279052734375,45.45331573486328,-1.0687517619878575,4.413967772908833,1.486,False,True,0.0,False,False,0.0,0.0,0.0080964915130544,0.0,3.7534496058674
2015-12-10 00:00:00-05:00,52.17677307128906,45.966373443603516,-1.0707015795957207,2.96050441693599,-1.107,False,False,0.0,False,True,0.0,0.0,-0.014334941838570613,-0.0,3.7534496058674
2015-12-11 00:00:00-05:00,52.499446868896484,45.801151275634766,-1.072674139656389,3.3697363290328397,-0.386,False,False,0.0,False,False,0.0,0.0,0.004026717553613951,0.0,3.7534496058674
2015-12-14 00:00:00-05:00,53.039756774902344,46.24464797973633,-1.0746256487391852,3.3440719389629407,-0.433,False,False,0.0,False,False,0.0,0.0,-0.0002498104808573731,-0.0,3.7534496058674
2015-12-15 00:00:00-05:00,52.9647102355957,46.66203689575195,-1.0757867374734924,2.766309799646983,-1.416,False,False,0.0,False,False,0.0,0.0,-0.005600472257524922,-0.0,3.7534496058674
2015-12-16 00:00:00-05:00,54.45053482055664,47.34032440185547,-1.077588244610759,3.4371577490573273,-0.337,False,False,0.0,False,False,0.0,0.0,0.006360924200279695,0.0,3.7534496058674
2015-12-17 00:00:00-05:00,55.433616638183594,46.84465789794922,-1.0814356576971522,4.774133214716784,2.369,False,True,0.0,True,False,-1.0,-1.0,0.012601907804395799,0.0,3.7534496058674
2015-12-18 00:00:00-05:00,56.13148498535156,46.56638717651367,-1.087006951182291,5.513498433035302,3.199,False,False,0.0,False,False,-1.0,-1.0,0.00692617216430551,-0.00692617216430551,3.7465234337030946
2015-12-21 00:00:00-05:00,56.424156188964844,46.83596420288086,-1.0928180340046736,5.240969868059317,2.398,False,False,0.0,False,False,-1.0,-1.0,-0.002532620531456648,0.002532620531456648,3.7490560542345515
2015-12-22 00:00:00-05:00,56.476680755615234,47.114219665527344,-1.0980380440927038,4.743475145125586,1.467,False,False,0.0,False,False,-1.0,-1.0,-0.004597497877879327,0.004597497877879327,3.753653552112431
2015-12-23 00:00:00-05:00,56.881919860839844,47.50554275512695,-1.1027160834035374,4.496793813946958,1.011,False,False,0.0,False,False,-1.0,-1.0,-0.0022576004423779414,0.0022576004423779414,3.7559111525548086
2015-12-24 00:00:00-05:00,56.70180892944336,47.47945022583008,-1.106732400783467,4.154762993131314,0.518,False,False,0.0,False,False,-1.0,-1.0,-0.0031307497111610957,0.0031307497111610957,3.75904190226597
2015-12-28 00:00:00-05:00,57.1070442199707,47.60990524291992,-1.1106194975955601,4.230555178506755,0.61,False,False,0.0,False,False,-1.0,-1.0,0.0006891230271288016,-0.0006891230271288016,3.758352779238841
2015-12-29 00:00:00-05:00,57.78993225097656,47.68815231323242,-1.1149893385633873,4.6181508459354745,1.172,False,False,0.0,False,False,-1.0,-1.0,0.0034930576922258946,-0.0034930576922258946,3.754859721546615
2015-12-30 00:00:00-05:00,57.72988510131836,47.427276611328125,-1.1195429250619784,4.633013116148518,1.132,False,False,0.0,False,False,-1.0,-1.0,0.00013410362807463082,-0.00013410362807463082,3.7547256179185404
2015-12-31 00:00:00-05:00,56.74684143066406,46.722900390625,-1.1236278009933025,4.247691608716977,0.51,False,False,0.0,False,False,-1.0,-1.0,-0.003527099740809315,0.003527099740809315,3.75825271765935
2016-01-04 00:00:00-05:00,57.18208694458008,45.55766296386719,-1.1295488969099736,5.72247899794754,2.475,False,False,0.0,True,False,-1.0,-1.0,0.013574782598037785,-0.013574782598037785,3.744677935061312
2016-01-05 00:00:00-05:00,57.24961471557617,46.02724075317383,-1.1351503010347874,5.001778518810262,1.382,False,False,0.0,False,False,-1.0,-1.0,-0.006581892757615272,0.006581892757615272,3.7512598278189273
2016-01-06 00:00:00-05:00,57.78242111206055,45.67071533203125,-1.1415226915888563,5.648263219451785,2.062,False,False,0.0,True,False,-1.0,-1.0,0.005881594082491047,-0.005881594082491047,3.745378233736436
2016-01-07 00:00:00-05:00,57.6173210144043,44.20111083984375,-1.1497208880700118,6.798380605938114,2.944,False,False,0.0,False,False,-1.0,-1.0,0.010606390993149417,-0.010606390993149417,3.7347718427432866
2016-01-08 00:00:00-05:00,57.812442779541016,43.89674758911133,-1.1587870584963071,6.945459763199835,2.658,False,False,0.0,False,False,-1.0,-1.0,0.001353330275575438,-0.001353330275575438,3.7334185124677113
2016-01-11 00:00:00-05:00,58.98307800292969,44.06196975708008,-1.168923453610681,7.478008141594266,2.72,False,False,0.0,False,False,-1.0,-1.0,0.004819959323136337,-0.004819959323136337,3.728598553144575
2016-01-12 00:00:00-05:00,58.59286880493164,44.5837287902832,-1.1775811212964749,6.091911464492021,1.416,False,False,0.0,False,False,-1.0,-1.0,-0.01247681104518333,0.01247681104518333,3.7410753641897583
2016-01-13 00:00:00-05:00,58.25517272949219,43.16630935668945,-1.1869652892237588,7.018261859207044,1.994,False,False,0.0,True,False,-1.0,-1.0,0.008460432610827642,-0.008460432610827642,3.7326149315789308
2016-01-14 00:00:00-05:00,58.802982330322266,44.11415100097656,-1.195363469145479,6.070537751387413,1.17,False,False,0.0,False,False,-1.0,-1.0,-0.008497068008630834,0.008497068008630834,3.7411119995875617
2016-01-15 00:00:00-05:00,57.272132873535156,43.83588409423828,-1.2013975433400415,4.60780941257849,0.001,False,False,0.0,False,False,-1.0,-1.0,-0.013305216372978554,0.013305216372978554,3.7544172159605402
2016-01-19 00:00:00-05:00,56.35662078857422,44.183719635009766,-1.2045571212965227,3.1348066568542095,-1.144,False,False,0.0,False,True,0.0,0.0,-0.013442451124582328,0.013442451124582328,3.7678596670851228
2016-01-20 00:00:00-05:00,54.51059341430664,43.68805694580078,-1.204924502090931,1.8697831515673968,-1.987,True,False,1.0,False,False,0.0,1.0,-0.011805944316880727,-0.0,3.7678596670851228
2016-01-21 00:00:00-05:00,54.405521392822266,43.60108947753906,-1.2043139462471961,1.8961212634500981,-1.837,False,False,1.0,False,False,0.0,1.0,0.0002463464548045689,0.0002463464548045689,3.7681060135399274
2016-01-22 00:00:00-05:00,56.101470947265625,45.08809280395508,-1.203275111685935,1.8480910428807746,-1.757,False,False,1.0,False,False,0.0,1.0,-0.0004352343390313698,-0.0004352343390313698,3.767670779200896
2016-01-25 00:00:00-05:00,56.821876525878906,44.809814453125,-1.2035333915126405,2.8917685640572373,-1.027,False,False,1.0,False,False,0.0,1.0,0.009423555939012243,0.009423555939012243,3.777094335139908
2016-01-26 00:00:00-05:00,58.930564880371094,45.296791076660156,-1.20621951713418,4.292691420154242,-0.102,False,False,1.0,False,False,0.0,1.0,0.012335494584293602,0.012335494584293602,3.789429829724202
2016-01-27 00:00:00-05:00,57.812442779541016,45.40114212036133,-1.2079486309987173,2.970195309472345,-0.979,False,False,1.0,False,True,0.0,1.0,-0.011739379050722469,-0.011739379050722469,3.7776904506734796
2016-01-28 00:00:00-05:00,59.635955810546875,45.5402717590332,-1.2114161322092099,4.46773593646256,0.004,False,False,1.0,False,False,0.0,1.0,0.013044304512964598,0.013044304512964598,3.790734755186444
2016-01-29 00:00:00-05:00,60.093719482421875,46.57508087158203,-1.214229846060145,3.5408662054820184,-0.598,False,False,1.0,False,True,0.0,1.0,-0.007945966255627976,-0.007945966255627976,3.7827887889308163
2016-02-01 00:00:00-05:00,59.748538970947266,46.83596420288086,-1.215774304072337,2.8065771866329,-1.082,False,False,1.0,False,False,0.0,1.0,-0.0062926203426717986,-0.0062926203426717986,3.7764961685881446
2016-02-02 00:00:00-05:00,59.7335090637207,45.6881103515625,-1.218592806522142,4.058306445716823,-0.264,False,False,1.0,False,False,0.0,1.0,0.010846055214063528,0.010846055214063528,3.787342223802208
2016-02-03 00:00:00-05:00,60.65652084350586,46.07072830200195,-1.2222733783970545,4.3454961166051405,-0.092,False,False,1.0,False,False,0.0,1.0,0.0024552936413925882,0.0024552936413925882,3.7897975174436005
2016-02-04 00:00:00-05:00,61.046749114990234,45.85331726074219,-1.2268782795644875,4.790310121806243,0.172,False,False,1.0,False,False,0.0,1.0,0.0037920026929780097,0.0037920026929780097,3.7935895201365786
2016-02-05 00:00:00-05:00,61.35441589355469,44.77503204345703,-1.2336415174815127,6.118077418180995,1.026,False,True,0.0,False,False,0.0,0.0,0.011388272625574538,0.011388272625574538,3.8049777927621533
2016-02-08 00:00:00-05:00,58.90053176879883,45.17504119873047,-1.2369085633823853,3.023136458937053,-1.04,False,False,0.0,False,True,0.0,0.0,-0.026964600581459275,-0.0,3.8049777927621533
2016-02-09 00:00:00-05:00,57.89497756958008,45.40983581542969,-1.2371008800847063,1.7184297178099968,-1.763,True,False,1.0,False,False,0.0,1.0,-0.011437619829381724,-0.0,3.8049777927621533
2016-02-10 00:00:00-05:00,58.480316162109375,46.54899215698242,-1.2351560344931374,0.9850475998388148,-2.021,False,False,1.0,False,False,0.0,1.0,-0.00632359060498889,-0.00632359060498889,3.7986542021571643
2016-02-11 00:00:00-05:00,57.84244155883789,46.43595504760742,-1.2319539845313714,0.635481712418283,-2.019,False,False,1.0,False,False,0.0,1.0,-0.003038398141587875,-0.003038398141587875,3.7956158040155765
2016-02-12 00:00:00-05:00,59.463356018066406,47.262054443359375,-1.2293083757770353,1.3637166344144802,-1.501,False,False,1.0,False,False,0.0,1.0,0.0061944229943085745,0.0061944229943085745,3.8018102270098852
2016-02-16 00:00:00-05:00,60.33384704589844,47.896846771240234,-1.2271367429245428,1.557866502682792,-1.316,False,False,1.0,False,False,0.0,1.0,0.001630007130377678,0.001630007130377678,3.803440234140263
2016-02-17 00:00:00-05:00,59.861080169677734,48.20121765136719,-1.2241636008414722,0.8549040046365448,-1.572,True,False,1.0,False,False,0.0,1.0,-0.005913844735061197,-0.005913844735061197,3.797526389405202
2016-02-18 00:00:00-05:00,59.95865249633789,48.27947998046875,-1.221118669662422,1.003678130594352,-1.4,False,False,1.0,False,False,0.0,1.0,0.0012511108262668557,0.0012511108262668557,3.7987775002314685
2016-02-19 00:00:00-05:00,61.09928894042969,48.47948455810547,-1.2194107577381994,1.9828839406729628,-0.869,False,False,1.0,False,False,0.0,1.0,0.008145407458745086,0.008145407458745086,3.806922907690214
2016-02-22 00:00:00-05:00,61.21185302734375,48.8186149597168,-1.2178685737345656,1.757196054656525,-0.932,False,False,1.0,False,False,0.0,1.0,-0.0018703440251680423,-0.0018703440251680423,3.8050525636650456
2016-02-23 00:00:00-05:00,60.784088134765625,49.14906692504883,-1.2154096833530617,1.0478362662935936,-1.199,False,False,1.0,False,False,0.0,1.0,-0.0058858097176283704,-0.0058858097176283704,3.7991667539474174
2016-02-24 00:00:00-05:00,60.40888977050781,48.453392028808594,-1.2134191211094292,1.6146174001402684,-0.875,False,False,1.0,False,False,0.0,1.0,0.004754749149832518,0.004754749149832518,3.80392150309725
2016-02-25 00:00:00-05:00,61.42197799682617,49.236019134521484,-1.211789750177359,1.758274670076716,-0.759,False,False,1.0,False,False,0.0,1.0,0.0011864100558063029,0.0011864100558063029,3.8051079131530563
2016-02-26 00:00:00-05:00,59.2457389831543,49.19253921508789,-1.2076591852659766,-0.16208284650335258,-1.591,True,False,1.0,False,False,0.0,1.0,-0.016184575527485666,-0.016184575527485666,3.7889233376255707
2016-02-29 00:00:00-05:00,59.33576965332031,48.80991744995117,-1.2036913630810209,0.5836935861164818,-1.18,False,False,1.0,False,False,0.0,1.0,0.006315437698684476,0.006315437698684476,3.795238775324255
2016-03-01 00:00:00-05:00,61.33189392089844,50.04472351074219,-1.2006794319835756,1.2442237222454153,-0.818,False,False,1.0,False,False,0.0,1.0,0.005440063476743879,0.005440063476743879,3.800678838800999
2016-03-02 00:00:00-05:00,61.82717514038086,49.93168640136719,-1.1989864516588717,1.9597596366620778,-0.385,False,False,1.0,False,False,0.0,1.0,0.005879767626724461,0.005879767626724461,3.8065586064277235
2016-03-03 00:00:00-05:00,61.73712921142578,50.00996017456055,-1.1975961740917374,1.8453922398919147,-0.404,False,False,1.0,False,False,0.0,1.0,-0.0009402981410525231,-0.0009402981410525231,3.805618308286671
2016-03-04 00:00:00-05:00,61.45198440551758,50.001258850097656,-1.1960452701535924,1.648215256132822,-0.485,False,False,1.0,False,False,0.0,1.0,-0.0016261247650390018,-0.0016261247650390018,3.8039921835216317
2016-03-07 00:00:00-05:00,61.8872184753418,49.81863784790039,-1.1953748026142013,2.3352740913994907,0.034,False,False,1.0,False,False,0.0,1.0,0.005657638105285593,0.005657638105285593,3.8096498216269175
2016-03-08 00:00:00-05:00,62.990333557128906,49.14906692504883,-1.1974414137770677,4.137205372574719,1.273,False,True,0.0,False,False,0.0,0.0,0.014788904184251205,0.014788904184251205,3.8244387258111687
2016-03-09 00:00:00-05:00,64.27354431152344,49.30558395385742,-1.2016386606130007,5.0260484484683445,1.744,False,False,0.0,True,False,-1.0,-1.0,0.007195883993831159,0.0,3.8244387258111687
2016-03-10 00:00:00-05:00,63.95839309692383,48.78104782104492,-1.2066474426450338,5.096866494114877,1.656,False,False,0.0,False,False,-1.0,-1.0,0.0005766006509340431,-0.0005766006509340431,3.8238621251602347
2016-03-11 00:00:00-05:00,64.89102172851562,49.13075256347656,-1.2122528131013013,5.332128723657192,1.668,False,False,0.0,False,False,-1.0,-1.0,0.0018904169604804372,-0.0018904169604804372,3.8219717081997544
2016-03-14 00:00:00-04:00,64.51950073242188,49.13948440551758,-1.2172139823333337,4.70623322937508,1.223,False,False,0.0,False,False,-1.0,-1.0,-0.005034034898159385,0.005034034898159385,3.8270057430979136
2016-03-15 00:00:00-04:00,65.66444396972656,49.087032318115234,-1.2231864205884004,5.621852611224057,1.693,False,False,0.0,True,False,-1.0,-1.0,0.0072837560718716846,-0.0072837560718716846,3.819721987026042
2016-03-16 00:00:00-04:00,66.02082824707031,49.46295166015625,-1.2289790024737297,5.231899256365175,1.385,False,False,0.0,False,False,-1.0,-1.0,-0.003075105286478055,0.003075105286478055,3.8227970923125203
2016-03-17 00:00:00-04:00,67.036865234375,50.162315368652344,-1.2345472440340426,5.109117041638747,1.29,False,False,0.0,False,False,-1.0,-1.0,-0.0009520612783895347,0.0009520612783895347,3.8237491535909096
2016-03-18 00:00:00-04:00,67.05962371826172,50.686832427978516,-1.2388948565507854,4.263967728387577,0.803,False,False,0.0,False,False,-1.0,-1.0,-0.0065083939224553425,0.0065083939224553425,3.830257547513365
2016-03-21 00:00:00-04:00,65.56587982177734,50.433326721191406,-1.2410816763594301,2.974002150258272,0.09,False,False,0.0,False,False,-1.0,-1.0,-0.010065450608378346,0.010065450608378346,3.840322998121743
2016-03-22 00:00:00-04:00,66.06632995605469,50.354637145996094,-1.2431983625436316,3.4655275096736204,0.372,False,True,0.0,False,False,-1.0,-1.0,0.0038201314526695976,-0.0038201314526695976,3.8365028666690733
2016-03-23 00:00:00-04:00,66.05873107910156,50.10111999511719,-1.2455427122827791,3.6556461919783203,0.492,False,False,0.0,False,False,-1.0,-1.0,0.0014799625933568142,-0.0014799625933568142,3.8350229040757164
2016-03-24 00:00:00-04:00,65.33080291748047,49.803890228271484,-1.2473597748218173,3.207433617093244,0.273,False,False,0.0,False,False,-1.0,-1.0,-0.0035166567487403266,0.0035166567487403266,3.8385395608244566
2016-03-28 00:00:00-04:00,65.92225646972656,50.4945068359375,-1.2485588247382173,2.8768943589125584,0.149,False,False,0.0,False,False,-1.0,-1.0,-0.002562963182686537,0.002562963182686537,3.8411025240071432
2016-03-29 00:00:00-04:00,67.05962371826172,51.59601593017578,-1.249188177263298,2.6064906243973525,-0.008,False,False,0.0,False,False,-1.0,-1.0,-0.002056102701135632,0.002056102701135632,3.843158626708279
2016-03-30 00:00:00-04:00,66.97620391845703,51.73589324951172,-1.2492733347386287,2.3439320329578237,-0.178,False,False,0.0,False,False,-1.0,-1.0,-0.001994997585342722,0.001994997585342722,3.8451536242936215
2016-03-31 00:00:00-04:00,67.0975341796875,51.849552154541016,-1.2491576011781438,2.329271988159988,-0.215,False,False,0.0,False,True,0.0,0.0,-0.0001111739753693697,0.0001111739753693697,3.8452647982689907
2016-04-01 00:00:00-04:00,67.83301544189453,51.94571304321289,-1.2497557483444377,2.91356196428859,0.107,False,False,0.0,False,False,0.0,0.0,0.004401349224494714,0.0,3.8452647982689907
2016-04-04 00:00:00-04:00,67.81029510498047,51.561058044433594,-1.2511049734054511,3.3019989515424584,0.32,False,True,0.0,False,False,0.0,0.0,0.002935619126228832,0.0,3.8452647982689907
2016-04-05 00:00:00-04:00,67.3629150390625,51.211368560791016,-1.2525845093151649,3.21634807898603,0.237,False,False,0.0,False,False,0.0,0.0,-0.0006512904716405848,-0.0,3.8452647982689907
2016-04-06 00:00:00-04:00,68.22734832763672,51.94571304321289,-1.2539403888433691,3.090520715484274,0.116,False,False,0.0,False,False,0.0,0.0,-0.0009434869792811833,-0.0,3.8452647982689907
2016-04-07 00:00:00-04:00,68.29557037353516,51.246337890625,-1.2563411941141787,3.912685034048664,0.616,False,True,0.0,False,False,0.0,0.0,0.006196667832362319,0.0,3.8452647982689907
2016-04-08 00:00:00-04:00,68.6519546508789,51.49985885620117,-1.2589554658649107,3.8159258525930113,0.516,False,False,0.0,False,False,0.0,0.0,-0.0007248531212736525,-0.0,3.8452647982689907
2016-04-11 00:00:00-04:00,68.5533676147461,51.63098907470703,-1.26113903893369,3.4395116738742217,0.23,False,False,0.0,False,False,0.0,0.0,-0.0028160544425624755,-0.0,3.8452647982689907
2016-04-12 00:00:00-04:00,69.3040542602539,51.1589241027832,-1.2647152276042102,4.602583919615938,0.972,False,False,0.0,False,False,0.0,0.0,0.008679285792176777,0.0,3.8452647982689907
2016-04-13 00:00:00-04:00,67.60554504394531,52.21671676635742,-1.2647318126318936,1.5654021983439037,-1.144,False,False,0.0,False,True,0.0,0.0,-0.02272562451683555,-0.0,3.8452647982689907
2016-04-14 00:00:00-04:00,66.44544219970703,52.199222564697266,-1.2622522490681973,0.5568561178065181,-1.761,True,False,1.0,False,False,0.0,1.0,-0.00762121499385777,-0.0,3.8452647982689907
2016-04-15 00:00:00-04:00,66.7032470703125,52.094322204589844,-1.259658911890513,1.0821698464050655,-1.503,False,False,1.0,False,False,0.0,1.0,0.0039698954171912115,0.0039698954171912115,3.849234693686182
2016-04-18 00:00:00-04:00,66.99138641357422,52.767459869384766,-1.256508771790872,0.6886102225694373,-1.791,False,False,1.0,False,False,0.0,1.0,-0.002952564584565749,-0.002952564584565749,3.846282129101616
2016-04-19 00:00:00-04:00,67.26435089111328,53.370670318603516,-1.2528020714205523,0.4014645628634099,-1.92,False,False,1.0,False,False,0.0,1.0,-0.002140845257525172,-0.002140845257525172,3.844141283844091
2016-04-20 00:00:00-04:00,66.01324462890625,52.82866287231445,-1.2484766509509913,0.057892531860133545,-2.003,False,False,1.0,False,False,0.0,1.0,-0.002603437783889923,-0.002603437783889923,3.841537846060201
2016-04-21 00:00:00-04:00,64.92134094238281,52.32160568237305,-1.2436888497466527,-0.15045664562565264,-1.989,False,False,1.0,False,False,0.0,1.0,-0.0016027705757490883,-0.0016027705757490883,3.839935075484452
2016-04-22 00:00:00-04:00,65.33840942382812,52.52268600463867,-1.2392773117407865,0.24823630659408025,-1.662,False,False,1.0,False,False,0.0,1.0,0.003056791268081246,0.003056791268081246,3.8429918667525333
2016-04-25 00:00:00-04:00,66.27863311767578,52.37406539916992,-1.2366468023263166,1.5104126169629097,-0.885,False,False,1.0,False,False,0.0,1.0,0.009631488856987861,0.009631488856987861,3.8526233556095213
2016-04-26 00:00:00-04:00,66.31651306152344,52.78494644165039,-1.2341438514256786,1.1722959627268494,-1.023,False,False,1.0,False,False,0.0,1.0,-0.002571997385255031,-0.002571997385255031,3.8500513582242664
2016-04-27 00:00:00-04:00,66.43785095214844,53.04721450805664,-1.2315957063904819,1.1051293280510066,-1.004,False,False,1.0,False,False,0.0,1.0,-0.000509724086058581,-0.000509724086058581,3.8495416341382076
2016-04-28 00:00:00-04:00,66.74872589111328,52.21671676635742,-1.230835886894621,2.478516999268521,-0.151,False,False,1.0,False,False,0.0,1.0,0.010482360229020535,0.010482360229020535,3.860023994367228
2016-04-29 00:00:00-04:00,66.7108383178711,52.31287384033203,-1.2304668325143666,2.3415821438340743,-0.189,False,False,1.0,False,False,0.0,1.0,-0.0010446655227495298,-0.0010446655227495298,3.8589793288444785
2016-05-02 00:00:00-04:00,67.85579681396484,53.309478759765625,-1.2301386067062512,2.27774888819026,-0.189,False,False,1.0,False,False,0.0,1.0,-0.0004783887908522768,-0.0004783887908522768,3.8585009400536263
2016-05-03 00:00:00-04:00,67.73446655273438,52.66255569458008,-1.2306688268051593,2.9243009195241427,0.302,False,True,0.0,False,False,0.0,0.0,0.004877994835934555,0.004877994835934555,3.863378934889561
2016-05-04 00:00:00-04:00,69.3343734741211,52.08559036254883,-1.2342404858180605,5.04822912092834,1.791,False,False,0.0,True,False,-1.0,-1.0,0.01589522504432353,0.0,3.863378934889561
2016-05-05 00:00:00-04:00,69.34197235107422,51.68344497680664,-1.2391054685850993,5.300733044996036,1.949,False,False,0.0,False,False,-1.0,-1.0,0.0018930712563491948,-0.0018930712563491948,3.8614858636332117
2016-05-06 00:00:00-04:00,69.8954849243164,52.66255569458008,-1.2432482585799751,4.422854264658767,1.331,False,False,0.0,False,False,-1.0,-1.0,-0.006485122264944935,0.006485122264944935,3.8679709858981566
2016-05-09 00:00:00-04:00,70.63856506347656,52.75872039794922,-1.2476674048947904,4.813229298997413,1.509,False,False,0.0,True,False,-1.0,-1.0,0.0028606468961399852,-0.0028606468961399852,3.8651103390020167
2016-05-10 00:00:00-04:00,70.99492645263672,53.65916061401367,-1.250945793813345,3.8702251829816134,0.868,False,False,0.0,False,False,-1.0,-1.0,-0.006827444669282175,0.006827444669282175,3.871937783671299
2016-05-11 00:00:00-04:00,70.52484130859375,53.50180435180664,-1.2533309847928367,3.4693721721502584,0.608,False,False,0.0,False,False,-1.0,-1.0,-0.002913592864667173,0.002913592864667173,3.874851376535966
2016-05-12 00:00:00-04:00,71.78351593017578,53.52803421020508,-1.2567873338353177,4.510160529686459,1.246,False,False,0.0,False,False,-1.0,-1.0,0.0074846237196096324,-0.0074846237196096324,3.8673667528163564
2016-05-13 00:00:00-04:00,71.57879638671875,53.98262023925781,-1.2593865281543797,3.593811702923503,0.633,False,False,0.0,False,False,-1.0,-1.0,-0.006565806828492091,0.006565806828492091,3.8739325596448486
2016-05-16 00:00:00-04:00,73.76255798339844,54.53337860107422,-1.2633711539245873,4.866660532752903,1.37,False,False,0.0,False,False,-1.0,-1.0,0.00892235112147196,-0.00892235112147196,3.8650102085233766
2016-05-17 00:00:00-04:00,72.34461975097656,54.236141204833984,-1.2662241259731917,3.669509257727043,0.593,False,False,0.0,False,False,-1.0,-1.0,-0.008489246667488048,0.008489246667488048,3.873499455190865
2016-05-18 00:00:00-04:00,70.94184875488281,55.23274612426758,-1.2653216099837374,1.054661505101521,-0.999,False,False,0.0,False,True,0.0,0.0,-0.018567532852663434,0.018567532852663434,3.892066988043528
2016-05-19 00:00:00-04:00,70.28218078613281,54.7694091796875,-1.2632956597783631,1.092223880808362,-0.931,False,False,0.0,False,False,0.0,0.0,0.00026931813284411846,0.0,3.892066988043528
2016-05-20 00:00:00-04:00,71.08592224121094,55.766029357910156,-1.260529194905224,0.7912141516233646,-1.053,False,False,0.0,False,False,0.0,0.0,-0.0021290733283668567,-0.0,3.892066988043528
2016-05-23 00:00:00-04:00,71.44230651855469,55.57368850708008,-1.258464852136411,1.5047728288171953,-0.595,False,False,0.0,False,False,0.0,0.0,0.005047103435274495,0.0,3.892066988043528
2016-05-24 00:00:00-04:00,71.4043960571289,57.1385383605957,-1.2543262715186536,-0.2659737247426648,-1.534,True,False,1.0,False,False,0.0,1.0,-0.012376372193769308,-0.0,3.892066988043528
2016-05-25 00:00:00-04:00,72.09439086914062,56.67519760131836,-1.251420196658758,1.1699039412248453,-0.666,False,False,1.0,False,False,0.0,1.0,0.01003977718245712,0.01003977718245712,3.902106765225985
2016-05-26 00:00:00-04:00,71.8821029663086,56.36921691894531,-1.2492756102694251,1.4614150994835882,-0.462,False,False,1.0,False,False,0.0,1.0,0.0020485273447698803,0.0020485273447698803,3.904155292570755
2016-05-27 00:00:00-04:00,71.77597045898438,56.46537780761719,-1.247225915209308,1.350887945239677,-0.492,False,False,1.0,False,False,0.0,1.0,-0.0007772597455034867,-0.0007772597455034867,3.9033780328252514
2016-05-31 00:00:00-04:00,72.37494659423828,56.11570358276367,-1.2465811235957256,2.422169770672056,0.176,False,False,1.0,False,False,0.0,1.0,0.007526866865477924,0.007526866865477924,3.9109048996907294
2016-06-01 00:00:00-04:00,72.4811019897461,56.09821319580078,-1.2465299860511896,2.552997077287884,0.238,False,True,0.0,False,False,0.0,0.0,0.0009186716888724057,0.0009186716888724057,3.911823571379602
2016-06-02 00:00:00-04:00,73.6488265991211,56.124446868896484,-1.248000826790923,3.605470503555054,0.822,False,False,0.0,False,False,0.0,0.0,0.007324500237451569,0.0,3.911823571379602
2016-06-03 00:00:00-04:00,74.64212799072266,56.24683380126953,-1.2507999305328295,4.288592179403125,1.162,False,False,0.0,False,False,0.0,0.0,0.00471132486265737,0.0,3.911823571379602
2016-06-06 00:00:00-04:00,75.57477569580078,56.342994689941406,-1.2547468890198943,4.8785783905323825,1.417,False,False,0.0,False,False,0.0,0.0,0.004033515324499449,0.0,3.911823571379602
2016-06-07 00:00:00-04:00,77.38700103759766,55.766029357910156,-1.2617551389771842,7.023926914901992,2.38,False,False,0.0,True,False,-1.0,-1.0,0.014520117990072978,0.0,3.911823571379602
2016-06-08 00:00:00-04:00,77.79644775390625,55.766029357910156,-1.2696405634823262,6.99363481675725,2.152,False,False,0.0,False,False,-1.0,-1.0,-0.000203850934411579,0.000203850934411579,3.9120274223140137
2016-06-09 00:00:00-04:00,77.97840881347656,55.75727844238281,-1.2774759926626096,6.7498241871280555,1.884,False,False,0.0,False,False,-1.0,-1.0,-0.0016340429091718366,0.0016340429091718366,3.9136614652231856
2016-06-10 00:00:00-04:00,77.5841293334961,55.547454833984375,-1.28462688013508,6.226375730670483,1.52,False,False,0.0,False,False,-1.0,-1.0,-0.0035144476901864227,0.0035144476901864227,3.917175912913372
2016-06-13 00:00:00-04:00,76.66633605957031,55.206520080566406,-1.2905463017803298,5.419765735433828,1.045,False,False,0.0,False,False,-1.0,-1.0,-0.005453276627153795,0.005453276627153795,3.9226291895405256
2016-06-14 00:00:00-04:00,76.75813293457031,56.19437026977539,-1.2943353758028742,4.023771573434729,0.3,False,False,0.0,False,False,-1.0,-1.0,-0.00933822242097139,0.00933822242097139,3.931967411961497
2016-06-15 00:00:00-04:00,76.74281311035156,55.99237060546875,-1.297562366437576,4.089220205069765,0.295,False,False,0.0,False,False,-1.0,-1.0,0.00043808705564300527,-0.00043808705564300527,3.931529324905854
2016-06-16 00:00:00-04:00,77.76004028320312,56.61597442626953,-1.3006633066202011,4.121719778406657,0.288,False,False,0.0,False,False,-1.0,-1.0,0.00021466265002961828,-0.00021466265002961828,3.9313146622558244
2016-06-17 00:00:00-04:00,78.09657287597656,55.71131134033203,-1.305305843175489,5.376272652472281,0.9,False,False,0.0,False,False,-1.0,-1.0,0.008318385392051614,-0.008318385392051614,3.9229962768637727
2016-06-20 00:00:00-04:00,78.31835174560547,56.23830032348633,-1.3095221932032002,4.673049363973405,0.495,False,False,0.0,False,False,-1.0,-1.0,-0.004627575537964325,0.004627575537964325,3.927623852401737
2016-06-21 00:00:00-04:00,79.54975128173828,56.4490852355957,-1.3144653277197413,5.349385958051357,0.809,False,False,0.0,False,False,-1.0,-1.0,0.004398933861062757,-0.004398933861062757,3.923224918540674
2016-06-22 00:00:00-04:00,79.90154266357422,56.41396713256836,-1.3197468785390747,5.449385634361178,0.851,False,False,0.0,False,False,-1.0,-1.0,0.0006478605728845632,-0.0006478605728845632,3.9225770579677897
2016-06-23 00:00:00-04:00,80.16923522949219,57.186866760253906,-1.3238799862340582,4.460686850158325,0.35,False,False,0.0,False,False,-1.0,-1.0,-0.006342781898182387,0.006342781898182387,3.928919839865972
2016-06-24 00:00:00-04:00,79.22850036621094,55.09648132324219,-1.3295602180389707,5.974410644900971,1.103,False,False,0.0,False,False,-1.0,-1.0,0.009927190991927726,-0.009927190991927726,3.918992648874044
2016-06-27 00:00:00-04:00,79.63388061523438,54.1039924621582,-1.3373392960223318,7.278485423894182,1.669,False,False,0.0,True,False,-1.0,-1.0,0.008580044691132091,-0.008580044691132091,3.910412604182912
2016-06-28 00:00:00-04:00,81.56121826171875,55.280941009521484,-1.3456415707605307,7.1728859685460264,1.512,False,False,0.0,False,False,-1.0,-1.0,-0.0006771385680331683,0.0006771385680331683,3.9110897427509452
2016-06-29 00:00:00-04:00,82.75437927246094,55.93088150024414,-1.353927189614972,7.02803807014736,1.353,False,False,0.0,False,False,-1.0,-1.0,-0.0009139780407656692,0.0009139780407656692,3.912003720791711
2016-06-30 00:00:00-04:00,83.35858917236328,57.26592254638672,-1.3602371694473636,5.463352782074253,0.61,False,False,0.0,False,False,-1.0,-1.0,-0.009703244450874605,0.009703244450874605,3.9217069652425858
2016-07-01 00:00:00-04:00,83.3662109375,57.41523742675781,-1.3653267820297,4.975649582153565,0.365,False,False,0.0,False,False,-1.0,-1.0,-0.0030150403782646202,0.0030150403782646202,3.9247220056208505
2016-07-05 00:00:00-04:00,85.0718002319336,57.50307083129883,-1.371594054589231,6.200930159100693,0.903,False,False,0.0,False,False,-1.0,-1.0,0.007473835668708783,-0.007473835668708783,3.9172481699521415
2016-07-06 00:00:00-04:00,85.7372055053711,57.65237808227539,-1.3782944752008,6.275251312383233,0.891,False,False,0.0,False,False,-1.0,-1.0,0.00044988820414247025,-0.00044988820414247025,3.916798281747999
2016-07-07 00:00:00-04:00,83.3968276977539,57.696292877197266,-1.3818262646040715,3.670574829753903,-0.33,False,False,0.0,False,True,0.0,0.0,-0.01596755329531311,0.01596755329531311,3.932765835043312
2016-07-08 00:00:00-04:00,84.31463623046875,58.513126373291016,-1.3839953742758222,3.33273999541737,-0.536,False,False,0.0,False,False,0.0,0.0,-0.0020438107762908064,-0.0,3.932765835043312
2016-07-11 00:00:00-04:00,84.01631164550781,58.83808898925781,-1.3847601671792276,2.5396697002368995,-0.978,False,False,0.0,False,False,0.0,0.0,-0.00479216956355452,-0.0,3.932765835043312
2016-07-12 00:00:00-04:00,83.84806823730469,58.820552825927734,-1.3849190420342172,2.386364565697775,-1.086,False,False,0.0,False,False,0.0,0.0,-0.0009273809573919075,-0.0,3.932765835043312
2016-07-13 00:00:00-04:00,83.99341583251953,58.67123794555664,-1.385313333295669,2.715367625577116,-1.049,False,False,0.0,False,False,0.0,0.0,0.0019906827944646548,0.0,3.932765835043312
2016-07-14 00:00:00-04:00,81.86717987060547,58.99620056152344,-1.3827399142198684,0.29077856686639336,-2.306,True,False,1.0,False,False,0.0,1.0,-0.01483440977791856,-0.0,3.932765835043312
2016-07-15 00:00:00-04:00,81.50005340576172,58.58338928222656,-1.379784276051421,0.6676140363461656,-2.042,False,False,1.0,False,False,0.0,1.0,0.0023213804152054218,0.0023213804152054218,3.9350872154585175
2016-07-18 00:00:00-04:00,81.0029067993164,58.53947448730469,-1.3764232594183414,0.42781252086365384,-2.095,False,False,1.0,False,False,0.0,1.0,-0.0014841223055302732,-0.0014841223055302732,3.9336030931529873
2016-07-19 00:00:00-04:00,81.07173919677734,58.873226165771484,-1.3727318822528374,0.2545846279408579,-2.043,False,False,1.0,False,False,0.0,1.0,-0.0010700418595336067,-0.0010700418595336067,3.9325330512934538
2016-07-20 00:00:00-04:00,80.21514892578125,59.35629653930664,-1.3674463233850669,-0.9514005466473918,-2.373,False,False,1.0,False,False,0.0,1.0,-0.0074728744743563,-0.0074728744743563,3.9250601768190974
2016-07-21 00:00:00-04:00,78.05834197998047,59.18063735961914,-1.3598875343790753,-2.420669041974193,-2.619,False,False,1.0,False,False,0.0,1.0,-0.009267648711839332,-0.009267648711839332,3.915792528107258
2016-07-22 00:00:00-04:00,80.80406951904297,59.76911163330078,-1.3545004588514296,-0.15321961340525547,-1.601,False,False,1.0,False,False,0.0,1.0,0.014017250148436702,0.014017250148436702,3.9298097782556947
2016-07-25 00:00:00-04:00,80.27632904052734,59.38266372680664,-1.3500694221767904,0.1056105355588528,-1.406,False,False,1.0,False,False,0.0,1.0,0.0016131811268806009,0.0016131811268806009,3.931422959382575
2016-07-26 00:00:00-04:00,80.42929077148438,60.050167083740234,-1.345337564758853,-0.3584547763169468,-1.476,False,False,1.0,False,False,0.0,1.0,-0.002878512857392637,-0.002878512857392637,3.9285444465251826
2016-07-27 00:00:00-04:00,80.60519409179688,59.88327407836914,-1.341324257436448,0.28230595576509643,-1.172,False,False,1.0,False,False,0.0,1.0,0.003981658907579021,0.003981658907579021,3.932526105432762
2016-07-28 00:00:00-04:00,82.36430358886719,59.41778564453125,-1.3405249218356927,2.7132811320819883,-0.249,False,False,1.0,False,False,0.0,1.0,0.015004600093400398,0.015004600093400398,3.9475307055261624
2016-07-29 00:00:00-04:00,79.89391326904297,59.444129943847656,-1.3377473872913133,0.3726837468554436,-1.056,False,False,1.0,False,False,0.0,1.0,-0.014682403090726348,-0.014682403090726348,3.932848302435436
2016-08-01 00:00:00-04:00,81.59184265136719,60.25218200683594,-1.335349529628421,1.1341197494528075,-0.727,False,False,1.0,False,False,0.0,1.0,0.00469878459715466,0.00469878459715466,3.937547087032591
2016-08-02 00:00:00-04:00,80.01628875732422,59.795475006103516,-1.3321138030769786,0.3619111401492461,-0.963,False,False,1.0,False,False,0.0,1.0,-0.0048362584489525864,-0.0048362584489525864,3.9327108285836383
2016-08-03 00:00:00-04:00,78.06595611572266,59.70762634277344,-1.326782469306637,-1.1530757997802965,-1.42,False,False,1.0,False,False,0.0,1.0,-0.009632114030035555,-0.009632114030035555,3.923078714553603
2016-08-04 00:00:00-04:00,78.83078002929688,59.97111511230469,-1.3217468060705388,-0.4358498268804709,-1.099,False,False,1.0,False,False,0.0,1.0,0.004536607990095373,0.004536607990095373,3.9276153225436983
2016-08-05 00:00:00-04:00,77.20938110351562,60.3927116394043,-1.3146462557181016,-2.185671125890238,-1.592,True,False,1.0,False,False,0.0,1.0,-0.01117351062016147,-0.01117351062016147,3.9164418119235367
2016-08-08 00:00:00-04:00,76.74281311035156,60.15555953979492,-1.3073305332497867,-1.900386620747824,-1.396,False,False,1.0,False,False,0.0,1.0,0.001835972877645723,0.001835972877645723,3.9182777848011825
2016-08-09 00:00:00-04:00,77.93595886230469,60.278533935546875,-1.3016470669461573,-0.5254180347143063,-0.883,False,False,1.0,False,False,0.0,1.0,0.008791509007221362,0.008791509007221362,3.9270692938084037
2016-08-10 00:00:00-04:00,77.71415710449219,61.05144500732422,-1.2953831799259419,-1.3708578681692245,-1.1,False,False,1.0,False,False,0.0,1.0,-0.005391864142234862,-0.005391864142234862,3.9216774296661687
2016-08-11 00:00:00-04:00,77.73710632324219,60.70891189575195,-1.2899480725572652,-0.5742375637318702,-0.784,False,False,1.0,False,False,0.0,1.0,0.0051049549249877835,0.0051049549249877835,3.9267823845911565
2016-08-12 00:00:00-04:00,78.96083068847656,60.146785736083984,-1.2873273258601357,1.5322298477610161,-0.031,False,False,1.0,False,False,0.0,1.0,0.013469371880795455,0.013469371880795455,3.940251756471952
2016-08-15 00:00:00-04:00,77.8594741821289,59.71641540527344,-1.284990780619805,1.1244309346900394,-0.118,False,False,1.0,False,False,0.0,1.0,-0.0026378614187063084,-0.0026378614187063084,3.937613895053246
2016-08-16 00:00:00-04:00,76.9952163696289,58.89958190917969,-1.283097069258312,1.4213354414205668,0.06,False,False,1.0,False,False,0.0,1.0,0.0019460330564250916,0.0019460330564250916,3.939559928109671
2016-08-17 00:00:00-04:00,77.84418487548828,58.53068161010742,-1.282947614023574,2.752386556627485,0.699,False,True,0.0,False,False,0.0,0.0,0.008703322052831971,0.008703322052831971,3.948263250162503
2016-08-18 00:00:00-04:00,77.41586303710938,58.75905990600586,-1.2824388227372632,2.0609634261029015,0.467,False,False,0.0,False,False,0.0,0.0,-0.004525886488615437,-0.0,3.948263250162503
2016-08-19 00:00:00-04:00,77.26288604736328,58.846885681152344,-1.2815675731492746,1.8466255775760771,0.432,False,False,0.0,False,False,0.0,0.0,-0.0014038449481556916,-0.0,3.948263250162503
2016-08-22 00:00:00-04:00,77.71415710449219,59.795475006103516,-1.2797880788945655,1.1886210198429694,0.207,False,False,0.0,False,False,0.0,0.0,-0.004266116873859496,-0.0,3.948263250162503
2016-08-23 00:00:00-04:00,76.21508026123047,60.0326042175293,-1.2758389226150717,-0.3768528254391157,-0.623,False,False,0.0,False,True,0.0,0.0,-0.010244777454801282,-0.0,3.948263250162503
2016-08-24 00:00:00-04:00,75.62616729736328,60.050167083740234,-1.2709023821127807,-0.6917330956326708,-0.781,False,False,0.0,False,False,0.0,0.0,-0.002072343296977129,-0.0,3.948263250162503
2016-08-25 00:00:00-04:00,75.54204559326172,60.673763275146484,-1.2650514411517582,-1.2133860780629533,-1.082,False,False,0.0,False,False,0.0,0.0,-0.0034252240536067104,-0.0,3.948263250162503
2016-08-26 00:00:00-04:00,76.06976318359375,60.603515625,-1.2600774154123835,-0.29535815006025246,-0.402,False,False,0.0,False,False,0.0,0.0,0.0060224267621551385,0.0,3.948263250162503
2016-08-29 00:00:00-04:00,77.00286865234375,60.62986373901367,-1.256701277941733,0.8092414100921275,0.438,False,True,0.0,False,False,0.0,0.0,0.007210344816975341,0.0,3.948263250162503
2016-08-30 00:00:00-04:00,75.7332534790039,60.65620040893555,-1.2524923104882566,-0.23817111662251023,-0.291,False,False,0.0,False,True,0.0,0.0,-0.006904286275202196,-0.0,3.948263250162503
2016-08-31 00:00:00-04:00,75.7867660522461,60.86698913574219,-1.2481234094892477,-0.18274795320144221,-0.236,False,False,0.0,False,False,0.0,0.0,0.0003652116630692161,0.0,3.948263250162503
2016-09-01 00:00:00-04:00,76.06211853027344,61.613548278808594,-1.2432746215928372,-0.5404423910543272,-0.488,False,False,0.0,False,False,0.0,0.0,-0.002343007165362593,-0.0,3.948263250162503
2016-09-02 00:00:00-04:00,76.55925750732422,62.289859771728516,-1.2382604796745529,-0.5718141324769732,-0.488,False,False,0.0,False,False,0.0,0.0,-0.0002041230674482732,-0.0,3.948263250162503
2016-09-06 00:00:00-04:00,77.93595886230469,62.55336380004883,-1.2347576701235794,0.6977131181637475,0.491,False,True,0.0,False,False,0.0,0.0,0.0081813034186997,0.0,3.948263250162503
2016-09-07 00:00:00-04:00,77.85183715820312,62.72023010253906,-1.2315670808636976,0.607666459719681,0.388,False,False,0.0,False,False,0.0,0.0,-0.0005805865649828478,-0.0,3.948263250162503
2016-09-08 00:00:00-04:00,76.83462524414062,62.40403747558594,-1.2279807263684426,0.20366997654708996,0.012,False,False,0.0,False,False,0.0,0.0,-0.0026324891993726304,-0.0,3.948263250162503
2016-09-09 00:00:00-04:00,73.62995910644531,60.9724006652832,-1.2229243032230366,-0.9346714929819626,-0.911,False,False,0.0,False,True,0.0,0.0,-0.007681396951051735,-0.0,3.948263250162503
2016-09-12 00:00:00-04:00,73.49993896484375,61.43791580200195,-1.217056427243616,-1.2734713384348453,-1.135,False,False,0.0,False,False,0.0,0.0,-0.002284967913149596,-0.0,3.948263250162503
2016-09-13 00:00:00-04:00,71.80950164794922,60.652496337890625,-1.2105666272622038,-1.6143862788441936,-1.345,False,False,0.0,False,False,0.0,0.0,-0.0023473592498775946,-0.0,3.948263250162503
2016-09-14 00:00:00-04:00,71.05302429199219,59.9818115234375,-1.2044219760526411,-1.190387670283485,-0.962,False,False,0.0,False,False,0.0,0.0,0.002958891509404725,0.0,3.948263250162503
2016-09-15 00:00:00-04:00,71.5316162109375,60.49367141723633,-1.1986174032832864,-0.9771511382626699,-0.758,False,False,0.0,False,False,0.0,0.0,0.00148039408636945,0.0,3.948263250162503
2016-09-16 00:00:00-04:00,71.47759246826172,60.617191314697266,-1.1930652679613352,-0.8426731306710877,-0.615,False,False,0.0,False,False,0.0,0.0,0.0009351878351953103,0.0,3.948263250162503
2016-09-19 00:00:00-04:00,72.34212493896484,60.5289421081543,-1.1890471569821042,0.37035841012961157,0.411,False,True,0.0,False,False,0.0,0.0,0.008405507802908605,0.0,3.948263250162503
2016-09-20 00:00:00-04:00,72.60453796386719,60.643672943115234,-1.185832711671982,0.6912868319840442,0.669,False,False,0.0,False,False,0.0,0.0,0.0022206845528324635,0.0,3.948263250162503
2016-09-21 00:00:00-04:00,73.70835876464844,61.349666595458984,-1.183341677930417,1.1107413551063559,0.961,False,False,0.0,False,False,0.0,0.0,0.0028669678033036265,0.0,3.948263250162503
2016-09-22 00:00:00-04:00,75.71528625488281,61.63203430175781,-1.183091579107787,2.798945469190869,2.122,False,False,0.0,True,False,-1.0,-1.0,0.011358310123481676,0.0,3.948263250162503
2016-09-23 00:00:00-04:00,75.60725402832031,60.687801361083984,-1.1845615390041861,3.718818649254331,2.533,False,False,0.0,False,False,-1.0,-1.0,0.006236610600346104,-0.006236610600346104,3.942026639562157
2016-09-26 00:00:00-04:00,75.36793518066406,61.65851593017578,-1.184803071166292,2.3147361430360576,1.433,False,False,0.0,False,False,-1.0,-1.0,-0.009460125160835942,0.009460125160835942,3.9514867647229925
2016-09-27 00:00:00-04:00,74.75042724609375,60.95252990722656,-1.1849631372831109,2.5239261818839225,1.477,False,False,0.0,False,False,-1.0,-1.0,0.001423284873706263,-0.001423284873706263,3.950063479849286
2016-09-28 00:00:00-04:00,76.61841583251953,61.217281341552734,-1.1868395412898383,3.963325726100109,2.247,False,False,0.0,True,False,-1.0,-1.0,0.009642699387023038,-0.009642699387023038,3.9404207804622633
2016-09-29 00:00:00-04:00,75.64581298828125,59.461151123046875,-1.1902694724484153,4.871020009876744,2.49,False,False,0.0,False,False,-1.0,-1.0,0.006199225018800687,-0.006199225018800687,3.9342215554434627
2016-09-30 00:00:00-04:00,74.96656799316406,59.82297897338867,-1.1926197699148482,3.620500574300465,1.63,False,False,0.0,False,False,-1.0,-1.0,-0.008546899808445939,0.008546899808445939,3.9427684552519087
2016-10-03 00:00:00-04:00,73.02137756347656,59.63764953613281,-1.1925977882745993,1.897648628788886,0.612,False,False,0.0,False,False,-1.0,-1.0,-0.011952205575105805,0.011952205575105805,3.9547206608270145
2016-10-04 00:00:00-04:00,71.15338134765625,59.42586898803711,-1.190152672985871,0.42752452703571464,-0.221,False,False,0.0,False,True,0.0,0.0,-0.010361798672822877,0.010361798672822877,3.9650824594998375
2016-10-05 00:00:00-04:00,70.111328125,59.40821838378906,-1.1860985974646385,-0.35267637788516026,-0.629,False,False,0.0,False,False,0.0,0.0,-0.005550055549120648,-0.0,3.9650824594998375
2016-10-06 00:00:00-04:00,70.23482513427734,59.93769454956055,-1.1813310300357787,-0.5714333059248986,-0.713,False,False,0.0,False,False,0.0,0.0,-0.001551015650870403,-0.0,3.9650824594998375
2016-10-07 00:00:00-04:00,70.72114562988281,59.028751373291016,-1.1784657554549884,1.1577835491927289,0.318,False,True,0.0,False,False,0.0,0.0,0.012326499079180223,0.0,3.9650824594998375
2016-10-10 00:00:00-04:00,71.400390625,58.781654357910156,-1.1773724342394614,2.1924911450046807,0.902,False,False,0.0,False,False,0.0,0.0,0.007358795096927164,0.0,3.9650824594998375
2016-10-11 00:00:00-04:00,70.64392852783203,57.45793533325195,-1.1777138610478142,2.974921658672244,1.276,False,False,0.0,False,False,0.0,0.0,0.005656958341761725,0.0,3.9650824594998375
2016-10-12 00:00:00-04:00,72.0333480834961,57.678565979003906,-1.1796859516452374,3.9907540870222533,1.714,False,False,0.0,True,False,-1.0,-1.0,0.007252012110474091,0.0,3.9650824594998375
2016-10-13 00:00:00-04:00,73.0059585571289,57.590309143066406,-1.1831803282509714,4.866237681160669,2.005,False,False,0.0,False,False,-1.0,-1.0,0.006202694957824719,-0.006202694957824719,3.958879764542013
2016-10-14 00:00:00-04:00,73.10629272460938,58.01390838623047,-1.1863922900231907,4.2790391010738205,1.573,False,False,0.0,False,False,-1.0,-1.0,-0.0041371373800984665,0.0041371373800984665,3.9630169019221113
2016-10-17 00:00:00-04:00,73.2838134765625,57.81974792480469,-1.1897876707792208,4.49059026806745,1.564,False,False,0.0,False,False,-1.0,-1.0,0.001488989156372789,-0.001488989156372789,3.9615279127657383
2016-10-18 00:00:00-04:00,74.54202270507812,57.802101135253906,-1.1944734783073196,5.498945908579927,1.881,False,False,0.0,False,False,-1.0,-1.0,0.007022703915745844,-0.007022703915745844,3.9545052088499926
2016-10-19 00:00:00-04:00,74.48798370361328,57.35205078125,-1.199747122000749,5.68002583796779,1.804,False,False,0.0,False,False,-1.0,-1.0,0.0012636780037510154,-0.0012636780037510154,3.9532415308462414
2016-10-20 00:00:00-04:00,74.10974884033203,56.6284065246582,-1.2053990731914261,5.849920099201725,1.735,False,False,0.0,False,False,-1.0,-1.0,0.0011933326214775305,-0.0011933326214775305,3.9520481982247637
2016-10-21 00:00:00-04:00,73.85501861572266,56.796077728271484,-1.2102732008170978,5.116247829670854,1.331,False,False,0.0,False,False,-1.0,-1.0,-0.0051451909133550305,0.0051451909133550305,3.957193389138119
2016-10-24 00:00:00-04:00,74.08660888671875,56.999053955078125,-1.2146161855724782,4.8546353905618815,1.148,False,False,0.0,False,False,-1.0,-1.0,-0.0018253909211163911,0.0018253909211163911,3.9590187800592354
2016-10-25 00:00:00-04:00,74.79672241210938,57.43146896362305,-1.218752602625781,4.801970140072029,1.062,False,False,0.0,False,False,-1.0,-1.0,-0.00036373170868476897,0.00036373170868476897,3.95938251176792
2016-10-26 00:00:00-04:00,74.52657318115234,56.91961669921875,-1.2229710415252575,4.91553026329035,1.045,False,False,0.0,False,False,-1.0,-1.0,0.0007878590356337737,-0.0007878590356337737,3.9585946527322866
2016-10-27 00:00:00-04:00,71.02986907958984,56.37248992919922,-1.223678331357179,2.048074668577968,-0.183,False,False,0.0,False,False,-1.0,-1.0,-0.02048011946451061,0.02048011946451061,3.9790747721967974
2016-10-28 00:00:00-04:00,71.48529815673828,56.5401611328125,-1.2236918256589944,2.2975651570732367,-0.126,False,False,0.0,False,False,-1.0,-1.0,0.0017735488205829584,-0.0017735488205829584,3.9773012233762146
2016-10-31 00:00:00-04:00,72.11827087402344,57.06082534790039,-1.2235135613413515,2.3035772395369634,-0.185,False,False,0.0,False,False,-1.0,-1.0,4.235860558923346e-05,-4.235860558923346e-05,3.9772588647706253
2016-11-01 00:00:00-04:00,69.30084991455078,56.59310531616211,-1.2206958888967825,0.21787891520904168,-1.222,False,False,0.0,False,True,0.0,0.0,-0.015071836509166195,0.015071836509166195,3.9923307012797915
2016-11-02 00:00:00-04:00,68.08897399902344,56.49604415893555,-1.2160826874360293,-0.6148872112794947,-1.646,True,False,1.0,False,False,0.0,1.0,-0.006087790528021452,-0.0,3.9923307012797915
2016-11-03 00:00:00-04:00,68.46719360351562,56.58430480957031,-1.2115966010752817,-0.0901577779674767,-1.426,False,False,1.0,False,False,0.0,1.0,0.0038294557618816743,0.0038294557618816743,3.996160157041673
2016-11-04 00:00:00-04:00,70.111328125,56.50486755371094,-1.209456344417455,1.7711575716963068,-0.528,False,False,1.0,False,False,0.0,1.0,0.01344380788530579,0.01344380788530579,4.0096039649269795
2016-11-07 00:00:00-05:00,72.02562713623047,57.51971435546875,-1.208887131636142,2.490784636517631,-0.193,False,False,1.0,False,False,0.0,1.0,0.005083531205229947,0.005083531205229947,4.014687496132209
2016-11-08 00:00:00-05:00,73.23749542236328,57.96095657348633,-1.2095703632855686,3.129640123392363,0.107,False,False,1.0,False,False,0.0,1.0,0.004456757639225272,0.004456757639225272,4.019144253771435
2016-11-09 00:00:00-05:00,70.42008209228516,54.8458137512207,-1.2116491055410326,3.9662009179485267,0.525,False,True,0.0,False,False,0.0,0.0,0.006111905979712126,0.006111905979712126,4.025256159751146
2016-11-10 00:00:00-05:00,68.10438537597656,53.57504653930664,-1.2130756537998475,3.113800767949897,0.09,False,False,0.0,False,False,0.0,0.0,-0.006404450522067666,-0.0,4.025256159751146
2016-11-11 00:00:00-05:00,67.87281799316406,53.50443649291992,-1.214070892273645,2.9146390396062003,-0.023,False,False,0.0,False,False,0.0,0.0,-0.0014993618426546909,-0.0,4.025256159751146
2016-11-14 00:00:00-05:00,69.44750213623047,53.442684173583984,-1.216818312266236,4.417465377152524,0.729,False,True,0.0,False,False,0.0,0.0,0.011175296260562023,0.0,4.025256159751146
2016-11-15 00:00:00-05:00,69.94152069091797,53.830963134765625,-1.2199127219570527,4.27244392761628,0.647,False,False,0.0,False,False,0.0,0.0,-0.001069396140557539,-0.0,4.025256159751146
2016-11-16 00:00:00-05:00,68.80683898925781,55.392948150634766,-1.2193401051687522,1.2639957656555794,-0.859,False,False,0.0,False,True,0.0,0.0,-0.022064211028113078,-0.0,4.025256159751146
2016-11-17 00:00:00-05:00,67.57178497314453,57.2638053894043,-1.213638860528975,-1.9257945492050794,-2.237,True,False,1.0,False,False,0.0,1.0,-0.023271358458552684,-0.0,4.025256159751146
2016-11-18 00:00:00-05:00,68.65243530273438,57.50205993652344,-1.2078388803086042,-0.8007883864343484,-1.598,False,False,1.0,False,False,0.0,1.0,0.008145981641756535,0.008145981641756535,4.033402141392903
2016-11-21 00:00:00-05:00,68.93033599853516,57.96095657348633,-1.202087825751526,-0.743824267365639,-1.524,False,False,1.0,False,False,0.0,1.0,0.00041098319754382724,0.00041098319754382724,4.033813124590447
2016-11-22 00:00:00-05:00,71.0067367553711,57.90800094604492,-1.1992676190841316,1.5595463348861642,-0.525,False,False,1.0,False,False,0.0,1.0,0.016399474536357084,0.016399474536357084,4.050212599126804
2016-11-23 00:00:00-05:00,69.23908233642578,58.155086517333984,-1.19502585455634,-0.25774962574914184,-1.377,False,False,1.0,False,False,0.0,1.0,-0.013098958332619972,-0.013098958332619972,4.0371136407941846
2016-11-25 00:00:00-05:00,70.20396423339844,58.11978530883789,-1.1918716922470478,0.9326373643187083,-0.819,False,False,1.0,False,False,0.0,1.0,0.008534751787635448,0.008534751787635448,4.045648392581819
2016-11-28 00:00:00-05:00,70.65164184570312,58.19039535522461,-1.189658666844586,1.4249336842472218,-0.578,False,False,1.0,False,False,0.0,1.0,0.0035194604447601617,0.0035194604447601617,4.04916785302658
2016-11-29 00:00:00-05:00,72.17229461669922,59.028751373291016,-1.1884666329941869,2.018593222233065,-0.29,False,False,1.0,False,False,0.0,1.0,0.004171125125583318,0.004171125125583318,4.053338978152164
2016-11-30 00:00:00-05:00,71.26915740966797,57.131412506103516,-1.1892131101470524,3.327732656190406,0.323,False,True,0.0,False,False,0.0,0.0,0.009404022407025902,0.009404022407025902,4.062743000559189
2016-12-01 00:00:00-05:00,68.42088317871094,56.64605712890625,-1.1877874933922536,1.1374049710129839,-0.647,False,False,0.0,False,True,0.0,0.0,-0.016140436923324918,-0.0,4.062743000559189
2016-12-02 00:00:00-05:00,68.77594757080078,56.04597091674805,-1.1871106946317376,2.2431761045098426,-0.102,False,False,0.0,False,False,0.0,0.0,0.008172209014806633,0.0,4.062743000559189
2016-12-05 00:00:00-05:00,69.3471450805664,56.51368713378906,-1.1866994681691487,2.2823826146212696,-0.054,False,False,0.0,False,False,0.0,0.0,0.00028741266665491754,0.0,4.062743000559189
2016-12-06 00:00:00-05:00,69.26224517822266,56.5666389465332,-1.1862151908077256,2.162038766909049,-0.067,False,False,0.0,False,False,0.0,0.0,-0.0008825292176065209,-0.0,4.062743000559189
2016-12-07 00:00:00-05:00,71.20740509033203,57.784454345703125,-1.1863272024790432,2.6561350196160447,0.233,False,True,0.0,False,False,0.0,0.0,0.0035353530085887983,0.0,4.062743000559189
2016-12-08 00:00:00-05:00,72.72032928466797,57.89918518066406,-1.1882011478718644,3.92445099215729,0.965,False,False,0.0,False,False,0.0,0.0,0.008962337206849923,0.0,4.062743000559189
2016-12-09 00:00:00-05:00,72.56595611572266,58.031558990478516,-1.190061801313099,3.5048144905064333,0.788,False,False,0.0,False,False,0.0,0.0,-0.002962967598322506,-0.0,4.062743000559189
2016-12-12 00:00:00-05:00,74.4648208618164,57.792076110839844,-1.1943360314632603,5.441662029573251,1.836,False,False,0.0,True,False,-1.0,-1.0,0.013498326084153543,0.0,4.062743000559189
2016-12-13 00:00:00-05:00,75.31391906738281,57.92510223388672,-1.199777054994436,5.816710498958585,1.969,False,False,0.0,False,False,-1.0,-1.0,0.0025899147082713314,-0.0025899147082713314,4.060153085850918
2016-12-14 00:00:00-05:00,73.63909149169922,57.58808135986328,-1.2036835897950158,4.3212629910515545,1.191,False,False,0.0,False,False,-1.0,-1.0,-0.010460826296391168,0.010460826296391168,4.070613912147309
2016-12-15 00:00:00-05:00,73.48328399658203,57.9428596496582,-1.206234905406116,3.590584168116706,0.761,False,False,0.0,False,False,-1.0,-1.0,-0.0050962427837736735,0.0050962427837736735,4.075710154931082
2016-12-16 00:00:00-05:00,73.68582153320312,58.07589340209961,-1.2082952999229042,3.5129924966225587,0.695,False,False,0.0,False,False,-1.0,-1.0,-0.0005393604846620524,0.0005393604846620524,4.0762495154157445
2016-12-19 00:00:00-05:00,75.25160217285156,58.439537048339844,-1.2113919138745042,4.458419541923163,1.143,False,False,0.0,False,False,-1.0,-1.0,0.006473541979406134,-0.006473541979406134,4.069775973436339
2016-12-20 00:00:00-05:00,74.58946228027344,58.838653564453125,-1.2132235269922382,3.2050234793331924,0.447,False,False,0.0,False,False,-1.0,-1.0,-0.00858643944777933,0.00858643944777933,4.078362412884118
2016-12-21 00:00:00-05:00,74.2544937133789,58.17345428466797,-1.2151350419052458,3.5658909034060002,0.594,False,False,0.0,False,False,-1.0,-1.0,0.0024897179150210054,-0.0024897179150210054,4.075872694969097
2016-12-22 00:00:00-05:00,74.93223571777344,58.17345428466797,-1.2177239551876127,4.093026879321783,0.835,False,False,0.0,False,False,-1.0,-1.0,0.003616181327697984,-0.003616181327697984,4.072256513641399
2016-12-23 00:00:00-05:00,75.0568618774414,58.60805130004883,-1.2198499797129436,3.5638316880616827,0.507,False,False,0.0,False,False,-1.0,-1.0,-0.003611024094230025,0.003611024094230025,4.075867537735629
2016-12-27 00:00:00-05:00,75.11140441894531,58.79429626464844,-1.2215057219548173,3.2938351133705055,0.341,False,False,0.0,False,False,-1.0,-1.0,-0.0018375992688644163,0.0018375992688644163,4.077705137004493
2016-12-28 00:00:00-05:00,74.7998046875,58.99828338623047,-1.2222725052584782,2.6878250470624323,0.007,False,False,0.0,False,False,-1.0,-1.0,-0.004124992893390588,0.004124992893390588,4.0818301298978845
2016-12-29 00:00:00-05:00,76.66161346435547,59.290985107421875,-1.224487842760701,4.060523015011597,0.777,False,True,0.0,False,False,-1.0,-1.0,0.009196523525011518,-0.009196523525011518,4.0726336063728725
2016-12-30 00:00:00-05:00,76.54476165771484,58.80317306518555,-1.2274885795372525,4.364538279647007,0.916,False,False,0.0,False,False,-1.0,-1.0,0.002044143857619251,-0.002044143857619251,4.070589462515253
2017-01-03 00:00:00-05:00,77.40164947509766,58.47500228881836,-1.2319458574816895,5.363612639155562,1.388,False,False,0.0,False,False,-1.0,-1.0,0.006685468794608604,-0.006685468794608604,4.063903993720645
2017-01-04 00:00:00-05:00,79.85551452636719,58.865257263183594,-1.2387644964013955,6.935323757200976,2.067,False,False,0.0,True,False,-1.0,-1.0,0.01028770323792683,-0.01028770323792683,4.053616290482718
2017-01-05 00:00:00-05:00,81.98221588134766,58.5637092590332,-1.2486244883863,8.8581343697833,2.65,False,False,0.0,False,False,-1.0,-1.0,0.012396728210921708,-0.012396728210921708,4.041219562271796
2017-01-06 00:00:00-05:00,81.04740142822266,58.80317306518555,-1.2572014086212795,7.119969419270504,1.718,False,False,0.0,False,False,-1.0,-1.0,-0.011215788473277699,0.011215788473277699,4.052435350745074
2017-01-09 00:00:00-05:00,80.08141326904297,58.670135498046875,-1.2639319034060985,5.92635723590287,1.169,False,False,0.0,False,False,-1.0,-1.0,-0.007738845350700331,0.007738845350700331,4.060174196095774
2017-01-10 00:00:00-05:00,79.7386703491211,58.55482864379883,-1.2694894424412018,5.4039335818648055,0.886,False,False,0.0,False,False,-1.0,-1.0,-0.0033907451247797643,0.0033907451247797643,4.0635649412205535
2017-01-11 00:00:00-05:00,79.6140365600586,58.6346549987793,-1.274100607262278,4.907587019499729,0.604,False,False,0.0,False,False,-1.0,-1.0,-0.0032163361774369776,0.0032163361774369776,4.0667812773979914
2017-01-12 00:00:00-05:00,79.84771728515625,58.72336196899414,-1.2782876309915374,4.78237002995219,0.498,False,False,0.0,False,False,-1.0,-1.0,-0.0008083049026179169,0.0008083049026179169,4.067589582300609
2017-01-13 00:00:00-05:00,79.68412780761719,58.732215881347656,-1.2818766545333422,4.396671400305223,0.239,False,False,0.0,False,False,-1.0,-1.0,-0.0024888345279612295,0.0024888345279612295,4.07007841682857
2017-01-17 00:00:00-05:00,80.50209045410156,58.714481353759766,-1.2860312218174905,4.993434260345623,0.536,False,False,0.0,False,False,-1.0,-1.0,0.0038251394398322695,-0.0038251394398322695,4.066253277388738
2017-01-18 00:00:00-05:00,81.50698852539062,58.6346549987793,-1.2913277709373416,5.790430186136902,0.963,False,False,0.0,False,False,-1.0,-1.0,0.005069189327457564,-0.005069189327457564,4.061184088061281
2017-01-19 00:00:00-05:00,81.6004867553711,58.30650329589844,-1.2971629499848658,5.967450936761182,1.014,False,False,0.0,False,False,-1.0,-1.0,0.0011258461155507634,-0.0011258461155507634,4.060058241945731
2017-01-20 00:00:00-05:00,82.41841888427734,58.41291809082031,-1.3035329129122581,6.275257613645195,1.135,False,False,0.0,False,False,-1.0,-1.0,0.001941243752637278,-0.001941243752637278,4.058116998193093
2017-01-23 00:00:00-05:00,82.61318969726562,58.41291809082031,-1.3098407310870939,6.10157036025501,0.99,False,False,0.0,False,False,-1.0,-1.0,-0.0010915158638322166,0.0010915158638322166,4.059208514056925
2017-01-24 00:00:00-05:00,83.6258773803711,59.43288803100586,-1.3153373532129666,5.4515797438652385,0.524,False,False,0.0,False,False,-1.0,-1.0,-0.0040172429746875935,0.0040172429746875935,4.0632257570316135
2017-01-25 00:00:00-05:00,83.65705108642578,59.938438415527344,-1.3195084832340653,4.567773125334867,-0.118,False,False,0.0,False,False,-1.0,-1.0,-0.005430577904293796,0.005430577904293796,4.068656334935907
2017-01-26 00:00:00-05:00,83.79725646972656,59.76992416381836,-1.3234529582192964,4.694573522578153,-0.086,False,False,0.0,False,False,-1.0,-1.0,0.00077839437937907,-0.00077839437937907,4.067877940556528
2017-01-27 00:00:00-05:00,82.90921020507812,59.63689041137695,-1.3262457425002268,3.8160382010368465,-0.783,False,False,0.0,False,True,0.0,0.0,-0.005422977795519432,0.005422977795519432,4.073300918352047
2017-01-30 00:00:00-05:00,82.90142822265625,58.90074920654297,-1.3296533425941486,4.583850158876743,-0.215,False,False,0.0,False,False,0.0,0.0,0.0047625399481481395,0.0,4.073300918352047
2017-01-31 00:00:00-05:00,83.843994140625,59.007164001464844,-1.3339108030452749,5.133700622006799,0.172,False,False,0.0,False,False,0.0,0.0,0.0033825651174621022,0.0,4.073300918352047
2017-02-01 00:00:00-05:00,82.8858413696289,58.42179489135742,-1.3378991905920765,4.723369271545508,-0.132,False,False,0.0,False,False,0.0,0.0,-0.002547877351994477,-0.0,4.073300918352047
2017-02-02 00:00:00-05:00,83.25196075439453,60.293209075927734,-1.3391017147656041,2.513221092098618,-1.711,True,False,1.0,False,True,0.0,1.0,-0.013477277515316641,-0.0,4.073300918352047
2017-02-03 00:00:00-05:00,83.93749237060547,60.8076171875,-1.3394832106708563,2.4867100670486195,-1.623,False,False,1.0,False,False,0.0,1.0,-0.00016029567454058677,-0.00016029567454058677,4.073140622677506
2017-02-06 00:00:00-05:00,83.26753997802734,60.373043060302734,-1.339522327034642,2.3965008477279923,-1.611,False,False,1.0,False,False,0.0,1.0,-0.0005495918132756086,-0.0005495918132756086,4.072591030864231
2017-02-07 00:00:00-05:00,83.4623031616211,60.74552917480469,-1.339121953912493,2.116631441608291,-1.713,False,False,1.0,False,False,0.0,1.0,-0.0016981545117625834,-0.0016981545117625834,4.0708928763524685
2017-02-08 00:00:00-05:00,83.93749237060547,60.4705810546875,-1.3395983127364472,2.931204019553519,-1.113,False,False,1.0,False,False,0.0,1.0,0.004938486158019008,0.004938486158019008,4.075831362510487
2017-02-09 00:00:00-05:00,83.95305633544922,59.58366775512695,-1.3416406870658626,4.0131833905566054,-0.42,False,False,1.0,False,False,0.0,1.0,0.006601745272075412,0.006601745272075412,4.082433107782563
2017-02-10 00:00:00-05:00,83.5090103149414,59.70784378051758,-1.3432542493314266,3.306195438344176,-0.883,False,False,1.0,False,False,0.0,1.0,-0.004318490441269418,-0.004318490441269418,4.078114617341294
2017-02-13 00:00:00-05:00,83.54020690917969,60.20450210571289,-1.3439219164728131,2.630057058978508,-1.272,False,False,1.0,False,False,0.0,1.0,-0.0041115044849369,-0.0041115044849369,4.0740031128563565
2017-02-14 00:00:00-05:00,82.02894592285156,59.92068862915039,-1.343011332220555,1.5547820594432267,-1.839,True,False,1.0,False,False,0.0,1.0,-0.006616950290671908,-0.006616950290671908,4.067386162565684
2017-02-15 00:00:00-05:00,81.3512191772461,60.45284652709961,-1.3401693036988516,0.3341699404094669,-2.334,False,False,1.0,False,False,0.0,1.0,-0.007517553343125339,-0.007517553343125339,4.059868609222558
2017-02-16 00:00:00-05:00,80.34628295898438,60.860843658447266,-1.3352601010634628,-0.9187732952015324,-2.673,False,False,1.0,False,False,0.0,1.0,-0.0077528176037099045,-0.0077528176037099045,4.052115791618849
2017-02-17 00:00:00-05:00,81.13307189941406,60.82537078857422,-1.3311116566965666,0.16771181985208727,-1.938,False,False,1.0,False,False,0.0,1.0,0.006702625693470837,0.006702625693470837,4.05881841731232
2017-02-21 00:00:00-05:00,81.57710266113281,61.32205581665039,-1.327203264291973,0.1902700081798372,-1.775,False,False,1.0,False,False,0.0,1.0,0.00013842442061964675,0.00013842442061964675,4.05895684173294
2017-02-22 00:00:00-05:00,80.78254699707031,61.07371139526367,-1.3231071297825021,-0.024515992281891386,-1.724,False,False,1.0,False,False,0.0,1.0,-0.001329206750853448,-0.001329206750853448,4.057627634982087
2017-02-23 00:00:00-05:00,82.44181060791016,61.1712646484375,-1.3209849069032198,1.6354932711417263,-0.947,False,False,1.0,False,False,0.0,1.0,0.010168626644136224,0.010168626644136224,4.067796261626222
2017-02-24 00:00:00-05:00,83.99980163574219,62.40408706665039,-1.319437027743244,1.6615384774903816,-0.905,False,False,1.0,False,False,0.0,1.0,0.000156579952886381,0.000156579952886381,4.067952841579109
2017-02-27 00:00:00-05:00,83.82841491699219,61.92514419555664,-1.3186694428217594,2.1696195239804013,-0.62,False,False,1.0,False,False,0.0,1.0,0.003070213375029051,0.003070213375029051,4.0710230549541375
2017-02-28 00:00:00-05:00,84.1322250366211,61.49055862426758,-1.3191447251531312,3.017278980699132,-0.166,False,False,1.0,False,False,0.0,1.0,0.005129645797349338,0.005129645797349338,4.0761527007514875
2017-03-01 00:00:00-05:00,84.16339874267578,62.616939544677734,-1.3182611828665476,1.6179179510258166,-0.819,False,False,1.0,False,True,0.0,1.0,-0.00839404015900175,-0.00839404015900175,4.067758660592485
2017-03-02 00:00:00-05:00,83.6336669921875,62.040462493896484,-1.3173570304845097,1.90422755134243,-0.632,False,False,1.0,False,False,0.0,1.0,0.0017313995031446802,0.0017313995031446802,4.06949006009563
2017-03-03 00:00:00-05:00,84.3893051147461,61.75664138793945,-1.3177822698353152,3.007498049141674,-0.045,False,False,1.0,False,False,0.0,1.0,0.006655384543713152,0.006655384543713152,4.076145444639343
2017-03-06 00:00:00-05:00,83.89854431152344,61.25994873046875,-1.3186966375714102,3.1152559028573137,0.03,False,False,1.0,False,False,0.0,1.0,0.0006543396556603235,0.0006543396556603235,4.0767997842950034
2017-03-07 00:00:00-05:00,83.7271499633789,60.869712829589844,-1.320056684316746,3.3756786702380452,0.193,False,False,1.0,False,False,0.0,1.0,0.001587182811425431,0.001587182811425431,4.078386967106429
2017-03-08 00:00:00-05:00,81.3122329711914,60.57701110839844,-1.319157440983649,1.4016180149984336,-0.798,False,False,1.0,False,True,0.0,1.0,-0.012244298377167602,-0.012244298377167602,4.0661426687292614
2017-03-09 00:00:00-05:00,81.00064849853516,60.860843658447266,-1.3169778076556016,0.8482680451629534,-1.044,False,False,1.0,False,False,0.0,1.0,-0.0034336926425417398,-0.0034336926425417398,4.06270897608672
2017-03-10 00:00:00-05:00,80.93831634521484,61.048004150390625,-1.314276457836802,0.7043616924330678,-1.081,False,False,1.0,False,False,0.0,1.0,-0.0008928728982895226,-0.0008928728982895226,4.06181610318843
2017-03-13 00:00:00-04:00,81.0876693725586,61.261871337890625,-1.3114808962204456,0.7438954462001703,-1.02,False,False,1.0,False,False,0.0,1.0,0.00024489500285207304,0.00024489500285207304,4.062060998191281
2017-03-14 00:00:00-04:00,80.49028015136719,61.288631439208984,-1.3081441182259188,0.3159174200498285,-1.23,False,False,1.0,False,False,0.0,1.0,-0.0026637972018700245,-0.0026637972018700245,4.059397200989412
2017-03-15 00:00:00-04:00,82.14881896972656,61.32426834106445,-1.3067127575390673,2.0156151817084975,-0.109,False,False,1.0,False,False,0.0,1.0,0.01047372797537769,0.01047372797537769,4.069870928964789
2017-03-16 00:00:00-04:00,81.2841796875,61.75204849243164,-1.3042615655946785,0.7433562420825979,-0.895,False,False,1.0,False,True,0.0,1.0,-0.007861942932149433,-0.007861942932149433,4.06200898603264
2017-03-17 00:00:00-04:00,80.8754653930664,61.74313735961914,-1.3012794753768226,0.5303880016221143,-0.981,False,False,1.0,False,False,0.0,1.0,-0.0013209745903482006,-0.0013209745903482006,4.060688011442291
2017-03-20 00:00:00-04:00,81.53572845458984,61.030174255371094,-1.3001545089545592,2.1870722141866565,0.207,False,True,0.0,False,False,0.0,0.0,0.010297358663522929,0.010297358663522929,4.070985370105815
2017-03-21 00:00:00-04:00,81.32347869873047,60.37068176269531,-1.30029705939487,2.82365872903425,0.775,False,False,0.0,False,False,0.0,0.0,0.003983064547855887,0.0,4.070985370105815
2017-03-22 00:00:00-04:00,82.24313354492188,60.9232292175293,-1.300975102950859,2.983529141547919,1.008,False,False,0.0,False,False,0.0,0.0,0.0009898928931152287,0.0,4.070985370105815
2017-03-23 00:00:00-04:00,82.45537567138672,60.611305236816406,-1.3024359645099002,3.5130318750697853,1.391,False,False,0.0,False,False,0.0,0.0,0.0032807324370393094,0.0,4.070985370105815
2017-03-24 00:00:00-04:00,81.54358673095703,60.38849639892578,-1.3032972704684114,2.839424206545573,0.828,False,False,0.0,False,False,0.0,0.0,-0.004203539030372034,-0.0,4.070985370105815
2017-03-27 00:00:00-04:00,80.8047103881836,60.20133972167969,-1.30339294719911,2.3387087830086557,0.423,False,False,0.0,False,False,0.0,0.0,-0.003143800999381459,-0.0,4.070985370105815
2017-03-28 00:00:00-04:00,81.35493469238281,60.459774017333984,-1.3035285362907143,2.543893963100089,0.577,False,False,0.0,False,False,0.0,0.0,0.001281078453468328,0.0,4.070985370105815
2017-03-29 00:00:00-04:00,82.8248062133789,60.19242858886719,-1.3057110842957447,4.230885014214948,1.83,False,False,0.0,True,False,-1.0,-1.0,0.010451024352356363,0.0,4.070985370105815
2017-03-30 00:00:00-04:00,82.87985229492188,60.51327133178711,-1.3078564448809404,3.7371803828150547,1.469,False,False,0.0,False,False,-1.0,-1.0,-0.0030471357844607384,0.0030471357844607384,4.074032505890275
2017-03-31 00:00:00-04:00,83.6265640258789,60.557823181152344,-1.3106219780141055,4.258150023968568,1.795,False,False,0.0,True,False,-1.0,-1.0,0.0031962312425643726,-0.0031962312425643726,4.070836274647711
2017-04-03 00:00:00-04:00,83.4693832397461,60.28153610229492,-1.3135875252698057,4.284309411670051,1.704,False,False,0.0,False,False,-1.0,-1.0,0.00016082797958973536,-0.00016082797958973536,4.070675446668121
2017-04-04 00:00:00-04:00,83.22570037841797,59.65769958496094,-1.3170525725559998,4.653373667272163,1.808,False,False,0.0,False,False,-1.0,-1.0,0.0022810182685219955,-0.0022810182685219955,4.0683944283996
2017-04-05 00:00:00-04:00,84.01172637939453,59.6131477355957,-1.3213680648865054,5.240816714217075,2.018,False,False,0.0,False,False,-1.0,-1.0,0.00360875742781351,-0.00360875742781351,4.064785670971785
2017-04-06 00:00:00-04:00,85.07289123535156,59.6666145324707,-1.3267322961940233,5.911266730563028,2.281,False,False,0.0,False,False,-1.0,-1.0,0.004082272312397302,-0.004082272312397302,4.060703398659388
2017-04-07 00:00:00-04:00,85.44229888916016,59.40816879272461,-1.3328116856651213,6.262397298250818,2.265,False,False,0.0,False,False,-1.0,-1.0,0.002132947844603136,-0.002132947844603136,4.058570450814785
2017-04-10 00:00:00-04:00,85.91395568847656,59.62206268310547,-1.3388831880790584,6.086978323470859,1.987,False,False,0.0,False,False,-1.0,-1.0,-0.0010583925862379052,0.0010583925862379052,4.059628843401023
2017-04-11 00:00:00-04:00,86.00826263427734,60.41523361206055,-1.3434528488831996,4.843244922210559,1.191,False,False,0.0,False,False,-1.0,-1.0,-0.007439785823928166,0.007439785823928166,4.067068629224951
2017-04-12 00:00:00-04:00,86.40129089355469,60.30827713012695,-1.3479310691975774,5.109890420078855,1.269,False,False,0.0,False,False,-1.0,-1.0,0.0015900841932621078,-0.0015900841932621078,4.06547854503169
2017-04-13 00:00:00-04:00,86.15763092041016,59.737911224365234,-1.3526740942351085,5.351705963494595,1.323,False,False,0.0,False,False,-1.0,-1.0,0.001448313328888435,-0.001448313328888435,4.064030231702801
2017-04-17 00:00:00-04:00,87.43883514404297,60.459774017333984,-1.3575124961168217,5.363936403112959,1.249,False,False,0.0,False,False,-1.0,-1.0,7.215013992118711e-05,-7.215013992118711e-05,4.0639580815628795
2017-04-18 00:00:00-04:00,88.0362548828125,60.548919677734375,-1.362581678807995,5.533406258314756,1.271,False,False,0.0,False,False,-1.0,-1.0,0.000993730186898352,-0.000993730186898352,4.062964351375982
2017-04-19 00:00:00-04:00,88.83802032470703,60.80738830566406,-1.3678696951940617,5.6614366174913755,1.26,False,False,0.0,False,False,-1.0,-1.0,0.0007442993570061054,-0.0007442993570061054,4.062220052018976
2017-04-20 00:00:00-04:00,89.04236602783203,61.02125549316406,-1.3727470455348676,5.275617834762755,0.988,False,False,0.0,False,False,-1.0,-1.0,-0.002232629826661974,0.002232629826661974,4.064452681845637
2017-04-21 00:00:00-04:00,88.72796630859375,61.01234817504883,-1.376837690954577,4.7238657275428295,0.656,False,False,0.0,False,False,-1.0,-1.0,-0.003194265645952295,0.003194265645952295,4.06764694749159
2017-04-24 00:00:00-04:00,87.99693298339844,61.82334518432617,-1.3783554653201122,2.7823872642106124,-0.392,False,False,0.0,False,True,0.0,0.0,-0.01120871710047487,0.01120871710047487,4.078855664592065
2017-04-25 00:00:00-04:00,88.10699462890625,62.13528823852539,-1.3787488620380772,2.4380366776314446,-0.561,False,False,0.0,False,False,0.0,0.0,-0.001981577896517545,-0.0,4.078855664592065
2017-04-26 00:00:00-04:00,87.42313385009766,62.13528823852539,-1.3780578577498706,1.7971116494446306,-0.92,False,False,0.0,False,False,0.0,0.0,-0.003703716578651489,-0.0,4.078855664592065
2017-04-27 00:00:00-04:00,89.05022430419922,62.55414581298828,-1.3783241163374969,2.8303365532652123,-0.402,False,False,0.0,False,False,0.0,0.0,0.005895043323162645,0.0,4.078855664592065
2017-04-28 00:00:00-04:00,90.26859283447266,62.33135223388672,-1.380527771746289,4.218430025091962,0.33,False,True,0.0,False,False,0.0,0.0,0.007872636502894579,0.0,4.078855664592065
2017-05-01 00:00:00-04:00,89.81270599365234,62.29570007324219,-1.3826047835983144,3.682373074781836,-0.034,False,False,0.0,False,False,0.0,0.0,-0.0030467641892706434,-0.0,4.078855664592065
2017-05-02 00:00:00-04:00,88.64149475097656,62.34913635253906,-1.3831057149797896,2.4060479377256314,-0.904,False,False,0.0,False,True,0.0,0.0,-0.007298418680243475,-0.0,4.078855664592065
2017-05-03 00:00:00-04:00,87.65109252929688,61.82334518432617,-1.3828811722791003,2.1567524665804285,-1.072,False,False,0.0,False,False,0.0,0.0,-0.0014398039117360013,-0.0,4.078855664592065
2017-05-04 00:00:00-04:00,87.93406677246094,61.645111083984375,-1.3830836998010563,2.6737184597767225,-0.816,False,False,0.0,False,False,0.0,0.0,0.002984888357642163,0.0,4.078855664592065
2017-05-05 00:00:00-04:00,89.45896911621094,61.41339111328125,-1.3854453152328714,4.374074105751376,0.3,False,True,0.0,False,False,0.0,0.0,0.009741709652655944,0.0,4.078855664592065
2017-05-08 00:00:00-04:00,89.24674987792969,60.94104766845703,-1.3886802000415814,4.619123610953224,0.442,False,False,0.0,False,False,0.0,0.0,0.0014093480053531582,0.0,4.078855664592065
2017-05-09 00:00:00-04:00,89.60831451416016,60.9232292175293,-1.3923475441057929,4.782005934138951,0.528,False,False,0.0,False,False,0.0,0.0,0.0009337728960940445,0.0,4.078855664592065
2017-05-10 00:00:00-04:00,89.94633483886719,63.06214904785156,-1.3929170652872207,2.1059912564284957,-1.497,False,False,0.0,False,True,0.0,0.0,-0.01505182897544793,-0.0,4.078855664592065
2017-05-11 00:00:00-04:00,89.34893798828125,63.0977897644043,-1.391943928482248,1.5203526250693642,-1.803,True,False,1.0,False,False,0.0,1.0,-0.0033053776815545276,-0.0,4.078855664592065
2017-05-12 00:00:00-04:00,90.45726013183594,63.33841323852539,-1.3915208527743248,2.3205373287905076,-1.201,False,False,1.0,False,False,0.0,1.0,0.004480468437802327,0.004480468437802327,4.083336133029867
2017-05-15 00:00:00-04:00,91.14895629882812,64.20288848876953,-1.3906945084291362,1.8623518522081355,-1.497,False,False,1.0,False,False,0.0,1.0,-0.0025393302444896844,-0.0025393302444896844,4.080796802785377
2017-05-16 00:00:00-04:00,90.56727600097656,65.10299682617188,-1.387786975941293,0.21818491086789038,-2.399,True,False,1.0,False,False,0.0,1.0,-0.009087994457198352,-0.009087994457198352,4.071708808328179
2017-05-17 00:00:00-04:00,90.55943298339844,64.61283874511719,-1.3853339347665141,1.049074848190969,-1.717,False,False,1.0,False,False,0.0,1.0,0.004614266125159214,0.004614266125159214,4.076323074453338
2017-05-18 00:00:00-04:00,90.12711334228516,64.4613265991211,-1.382926791619123,0.9818177650501809,-1.635,False,False,1.0,False,False,0.0,1.0,-0.00037516695149102135,-0.00037516695149102135,4.075947907501847
2017-05-19 00:00:00-04:00,90.26859283447266,65.37036895751953,-1.3794723166340794,0.09197852941868234,-1.962,False,False,1.0,False,False,0.0,1.0,-0.004931354230669276,-0.004931354230669276,4.071016553271178
2017-05-22 00:00:00-04:00,91.08607482910156,66.07442474365234,-1.3758523261743454,0.17742384491576502,-1.76,False,False,1.0,False,False,0.0,1.0,0.00046949336094905865,0.00046949336094905865,4.071486046632128
2017-05-23 00:00:00-04:00,91.32974243164062,66.04769134521484,-1.3727764236423772,0.6610289169209977,-1.405,False,False,1.0,False,False,0.0,1.0,0.0026571932684295073,0.0026571932684295073,4.0741432399005575
2017-05-24 00:00:00-04:00,92.10006713867188,66.7339096069336,-1.3698746143242446,0.6829784535247114,-1.307,False,False,1.0,False,False,0.0,1.0,0.00011960482116879456,0.00011960482116879456,4.074262844721726
2017-05-25 00:00:00-04:00,93.3498764038086,67.53600311279297,-1.3674018952774307,1.001017747913025,-1.084,False,False,1.0,False,False,0.0,1.0,0.0017126626860762425,0.0017126626860762425,4.075975507407803
2017-05-26 00:00:00-04:00,92.6031265258789,66.98345184326172,-1.3652326818036356,1.1551289294380354,-0.954,False,False,1.0,False,False,0.0,1.0,0.0008373281188034944,0.0008373281188034944,4.076812835526606
2017-05-30 00:00:00-04:00,92.75247955322266,67.05473327636719,-1.3633560978047476,1.3330000542165266,-0.813,False,False,1.0,False,False,0.0,1.0,0.0009657883083496401,0.0009657883083496401,4.077778623834956
2017-05-31 00:00:00-04:00,92.90182495117188,67.63404846191406,-1.3609939132680822,0.8522966648283443,-1.016,False,False,1.0,False,False,0.0,1.0,-0.00259908014174333,-0.00259908014174333,4.075179543693212
2017-06-01 00:00:00-04:00,92.59529113769531,68.97087860107422,-1.3563933593232471,-0.9563505834915986,-1.857,True,False,1.0,False,False,0.0,1.0,-0.00971623448499727,-0.00971623448499727,4.065463309208214
2017-06-02 00:00:00-04:00,94.1437759399414,69.20259094238281,-1.3529670109216532,0.5149533245918576,-1.016,False,False,1.0,False,False,0.0,1.0,0.007835562373869053,0.007835562373869053,4.073298871582083
2017-06-05 00:00:00-04:00,93.5070571899414,68.51636505126953,-1.35039468631783,0.9829218988943609,-0.716,False,False,1.0,False,False,0.0,1.0,0.0025155382173359317,0.0025155382173359317,4.075814409799419
2017-06-06 00:00:00-04:00,93.40489959716797,67.59839630126953,-1.349436883583975,2.1851303571083065,0.02,False,False,1.0,False,False,0.0,1.0,0.006511635014895327,0.006511635014895327,4.082326044814314
2017-06-07 00:00:00-04:00,92.76820373535156,67.80339050292969,-1.3479402607447248,1.373283861456116,-0.419,False,False,1.0,False,True,0.0,1.0,-0.004408301074295131,-0.004408301074295131,4.07791774374002
2017-06-08 00:00:00-04:00,91.76992797851562,66.60914611816406,-1.3470863740499601,2.0416548556340217,0.077,False,False,1.0,False,False,0.0,1.0,0.003682521314933079,0.003682521314933079,4.081600265054952
2017-06-09 00:00:00-04:00,89.0738296508789,66.1635513305664,-1.3441960478131252,0.13704544305070954,-1.19,False,False,1.0,False,True,0.0,1.0,-0.010699414890479864,-0.010699414890479864,4.070900850164472
2017-06-12 00:00:00-04:00,90.15853118896484,66.39525604248047,-1.341871714282297,1.0646151430295419,-0.49,False,False,1.0,False,False,0.0,1.0,0.005174655712026653,0.005174655712026653,4.076075505876499
2017-06-13 00:00:00-04:00,91.4185562133789,67.30833435058594,-1.339880045851667,1.2334620975164796,-0.344,False,False,1.0,False,False,0.0,1.0,0.0009297552895045,0.0009297552895045,4.077005261166004
2017-06-14 00:00:00-04:00,93.0748062133789,67.28147888183594,-1.3399208067205886,2.9229527526750587,0.843,False,True,0.0,False,False,0.0,0.0,0.009220768736186026,0.009220768736186026,4.086226029902189
2017-06-15 00:00:00-04:00,93.31256103515625,67.7648696899414,-1.3399843584689803,2.508695596946069,0.556,False,False,0.0,False,False,0.0,0.0,-0.0022499739087045263,-0.0,4.086226029902189
2017-06-16 00:00:00-04:00,92.40914154052734,67.46053314208984,-1.3395190470468694,2.0444724727613988,0.283,False,False,0.0,False,False,0.0,0.0,-0.002539877691665341,-0.0,4.086226029902189
2017-06-19 00:00:00-04:00,92.36161041259766,68.07819366455078,-1.3380336498605572,1.2706964677049086,-0.257,False,False,0.0,False,True,0.0,0.0,-0.004217854225590528,-0.0,4.086226029902189
2017-06-20 00:00:00-04:00,93.22537994384766,67.72013092041016,-1.3378581392250088,2.625451602593742,0.796,False,True,0.0,False,False,0.0,0.0,0.007369796615750496,0.0,4.086226029902189
2017-06-21 00:00:00-04:00,94.36653137207031,67.9618148803711,-1.3388632843723043,3.3749526894341244,1.319,False,False,0.0,False,False,0.0,0.0,0.004043530043649965,0.0,4.086226029902189
2017-06-22 00:00:00-04:00,95.42843627929688,68.22142028808594,-1.3408219815035722,3.955656347637486,1.671,False,False,0.0,True,False,-1.0,-1.0,0.0031070084506454945,0.0,4.086226029902189
2017-06-23 00:00:00-04:00,95.52352142333984,68.42733764648438,-1.3426590268435674,3.6489388494149324,1.504,False,False,0.0,False,False,-1.0,-1.0,-0.0016367161229498385,0.0016367161229498385,4.08786274602514
2017-06-26 00:00:00-04:00,95.2144546508789,68.50788116455078,-1.3438896784915142,3.1474202585158935,1.231,False,False,0.0,False,False,-1.0,-1.0,-0.002677886605137158,0.002677886605137158,4.090540632630276
2017-06-27 00:00:00-04:00,92.43292236328125,67.65746307373047,-1.3431545189181442,1.5584950972626928,0.035,False,False,0.0,False,False,-1.0,-1.0,-0.008668093038639555,0.008668093038639555,4.099208725668916
2017-06-28 00:00:00-04:00,91.4185562133789,68.05134582519531,-1.3403941865441127,0.2029278827841381,-1.115,False,False,0.0,False,True,0.0,0.0,-0.007422308248936652,0.007422308248936652,4.106631033917853
2017-06-29 00:00:00-04:00,89.4928970336914,67.20986938476562,-1.3365341577721466,-0.33538913845229956,-1.488,False,False,0.0,False,False,0.0,0.0,-0.003001971164881991,-0.0,4.106631033917853
2017-06-30 00:00:00-04:00,89.50872039794922,67.6395263671875,-1.3321093266980415,-0.5945235292193445,-1.586,True,False,1.0,False,False,0.0,1.0,-0.0014427457087323127,-0.0,4.106631033917853
2017-07-03 00:00:00-04:00,89.79400634765625,67.32626342773438,-1.328620638498481,0.3429432445828695,-0.769,False,False,1.0,False,False,0.0,1.0,0.005230084022254806,0.005230084022254806,4.111861117940108
2017-07-05 00:00:00-04:00,87.96343231201172,67.69328308105469,-1.3231333008276842,-1.6038047748869957,-2.173,True,False,1.0,False,False,0.0,1.0,-0.01096569976365905,-0.01096569976365905,4.1008954181764485
2017-07-06 00:00:00-04:00,86.66378784179688,66.68171691894531,-1.3176329239889508,-1.1982377987165336,-1.725,False,False,1.0,False,False,0.0,1.0,0.0023238222935518353,0.0023238222935518353,4.1032192404700005
2017-07-07 00:00:00-04:00,87.28983306884766,67.34416961669922,-1.3122524799516646,-1.0827205209514403,-1.536,False,False,1.0,False,False,0.0,1.0,0.0006576096338117642,0.0006576096338117642,4.103876850103813
2017-07-10 00:00:00-04:00,87.21852111816406,66.9323501586914,-1.3077808916385625,-0.31432745183386146,-0.979,False,False,1.0,False,False,0.0,1.0,0.0043970646438351284,0.0043970646438351284,4.108273914747647
2017-07-11 00:00:00-04:00,86.8539810180664,66.70856475830078,-1.3037528236259037,-0.1174986455996958,-0.832,False,False,1.0,False,False,0.0,1.0,0.001132335881419301,0.001132335881419301,4.109406250629067
2017-07-12 00:00:00-04:00,88.75588989257812,67.42472076416016,-1.3011354157705994,1.0271978078860258,-0.042,False,False,1.0,False,False,0.0,1.0,0.006486098902583734,0.006486098902583734,4.11589234953165
2017-07-13 00:00:00-04:00,89.1521224975586,66.97711181640625,-1.300062658775822,2.0776804323959652,0.658,False,True,0.0,False,False,0.0,0.0,0.005960977717045943,0.005960977717045943,4.121853327248696
2017-07-14 00:00:00-04:00,89.09664916992188,67.32626342773438,-1.2988729143914142,1.6483891764564476,0.346,False,False,0.0,False,False,0.0,0.0,-0.0024316263661968342,-0.0,4.121853327248696
2017-07-17 00:00:00-04:00,89.31854248046875,66.95921325683594,-1.2984837397587041,2.37309283943182,0.815,False,False,0.0,False,False,0.0,0.0,0.004111467431622709,0.0,4.121853327248696
2017-07-18 00:00:00-04:00,89.55628967285156,66.78913116455078,-1.2987895425578442,2.811264559808805,1.066,False,False,0.0,False,False,0.0,0.0,0.002485357076940205,0.0,4.121853327248696
2017-07-19 00:00:00-04:00,89.03324890136719,67.61272430419922,-1.2975385747649657,1.3031309717199804,0.042,False,False,0.0,False,False,0.0,0.0,-0.008531935180498112,-0.0,4.121853327248696
2017-07-20 00:00:00-04:00,88.84306335449219,67.3620376586914,-1.2961702690864991,1.5303928762112662,0.151,False,False,0.0,False,False,0.0,0.0,0.0012901192572421652,0.0,4.121853327248696
2017-07-21 00:00:00-04:00,89.12041473388672,67.37101745605469,-1.295155733891312,1.8644551775858247,0.357,False,True,0.0,False,False,0.0,0.0,0.0018940308911494814,0.0,4.121853327248696
2017-07-24 00:00:00-04:00,89.7464599609375,68.02448272705078,-1.2940597773171796,1.7187129910538346,0.24,False,False,0.0,False,False,0.0,0.0,-0.0008198162660835497,-0.0,4.121853327248696
2017-07-25 00:00:00-04:00,89.10458374023438,68.624267578125,-1.2915208782750265,0.47490940675395166,-0.594,False,False,0.0,False,True,0.0,0.0,-0.006998108286946116,-0.0,4.121853327248696
2017-07-26 00:00:00-04:00,89.80194854736328,68.10506439208984,-1.2902960358022357,1.9262539441937605,0.408,False,True,0.0,False,False,0.0,0.0,0.008168413941703373,0.0,4.121853327248696
2017-07-27 00:00:00-04:00,90.45968627929688,67.58584594726562,-1.290861431267649,3.215724446374736,1.256,False,False,0.0,False,False,0.0,0.0,0.0072562973010361674,0.0,4.121853327248696
2017-07-28 00:00:00-04:00,89.69100952148438,67.55004119873047,-1.291022101899864,2.4824133496769605,0.711,False,False,0.0,False,False,0.0,0.0,-0.00414535178766418,-0.0,4.121853327248696
2017-07-31 00:00:00-04:00,91.40271759033203,67.90811920166016,-1.2924040299460473,3.637990668049895,1.406,False,False,0.0,False,False,0.0,0.0,0.006449705868811321,0.0,4.121853327248696
2017-08-01 00:00:00-04:00,93.18575286865234,68.463134765625,-1.2950881984724076,4.519955003265409,1.826,False,False,0.0,True,False,-1.0,-1.0,0.004849913743685368,0.0,4.121853327248696
2017-08-02 00:00:00-04:00,92.82122802734375,67.77381896972656,-1.2984260939915306,4.821932987592589,1.887,False,False,0.0,False,False,-1.0,-1.0,0.0016700426434179112,-0.0016700426434179112,4.120183284605279
2017-08-03 00:00:00-04:00,91.7276382446289,68.33780670166016,-1.2997384923942463,2.9063603886837086,0.729,False,False,0.0,False,False,-1.0,-1.0,-0.010609715307522633,0.010609715307522633,4.130792999912801
2017-08-04 00:00:00-04:00,91.29177856445312,67.72906494140625,-1.3008781820789155,3.1845156895717537,0.865,False,False,0.0,False,False,-1.0,-1.0,0.0015504837632151227,-0.0015504837632151227,4.129242516149586
2017-08-07 00:00:00-04:00,90.78459930419922,67.67537689208984,-1.30143526945774,2.709476942988161,0.558,False,False,0.0,False,False,-1.0,-1.0,-0.0026559291391062283,0.0026559291391062283,4.131898445288693
2017-08-08 00:00:00-04:00,90.1585464477539,67.19195556640625,-1.3018256204798706,2.686337201261196,0.543,False,False,0.0,False,False,-1.0,-1.0,-0.00013026877939310735,0.00013026877939310735,4.132028714068085
2017-08-09 00:00:00-04:00,90.66573333740234,66.82494354248047,-1.303193268613451,3.5799167373678955,1.06,False,False,0.0,False,False,-1.0,-1.0,0.005027126550633244,-0.005027126550633244,4.1270015875174515
2017-08-10 00:00:00-04:00,89.42950439453125,64.7033920288086,-1.3063031717532014,4.907258164107773,1.775,False,False,0.0,True,False,-1.0,-1.0,0.007630514909859495,-0.007630514909859495,4.119371072607592
2017-08-11 00:00:00-04:00,88.61324310302734,66.48478698730469,-1.3062651541585875,1.7664825798549373,0.015,False,False,0.0,False,False,-1.0,-1.0,-0.017900236631386086,0.017900236631386086,4.137271309238979
2017-08-14 00:00:00-04:00,91.014404296875,67.79174041748047,-1.30625518756996,2.461091702145012,0.433,False,True,0.0,False,False,-1.0,-1.0,0.0038682294028907853,-0.0038682294028907853,4.1334030798360875
2017-08-15 00:00:00-04:00,91.23631286621094,68.10506439208984,-1.3060533768625449,2.2874635354809385,0.319,False,False,0.0,False,False,-1.0,-1.0,-0.0009636096809919306,0.0009636096809919306,4.13436668951708
2017-08-16 00:00:00-04:00,92.31404876708984,69.0091552734375,-1.3057138611109325,2.2078381830059044,0.241,False,False,0.0,False,False,-1.0,-1.0,-0.0004364940207751204,0.0004364940207751204,4.134803183537855
2017-08-17 00:00:00-04:00,91.52156829833984,68.4452133178711,-1.3053093510113847,2.179391322553741,0.185,False,False,0.0,False,False,-1.0,-1.0,-0.00015728337599693092,0.00015728337599693092,4.134960466913852
2017-08-18 00:00:00-04:00,91.02233123779297,68.302001953125,-1.3045893178091712,1.9162691047649503,-0.02,False,False,0.0,False,False,-1.0,-1.0,-0.0014607481522755524,0.0014607481522755524,4.136421215066127
2017-08-21 00:00:00-04:00,92.27442169189453,68.39151000976562,-1.3050524412494102,3.0199145929164217,0.63,False,True,0.0,False,False,-1.0,-1.0,0.006079722364378119,-0.006079722364378119,4.130341492701749
2017-08-22 00:00:00-04:00,93.21745300292969,68.83016967773438,-1.3061377120980617,3.315772656732321,0.787,False,False,0.0,False,False,-1.0,-1.0,0.0016156589341859158,-0.0016156589341859158,4.128725833767563
2017-08-23 00:00:00-04:00,93.62162017822266,68.8927993774414,-1.3076221242235033,3.5358715125890825,0.912,False,False,0.0,False,False,-1.0,-1.0,0.0011980948681695868,-0.0011980948681695868,4.127527738899394
2017-08-24 00:00:00-04:00,93.46311950683594,68.56159973144531,-1.3093757680003362,3.690222203143094,1.015,False,False,0.0,False,False,-1.0,-1.0,0.0008423599969083276,-0.0008423599969083276,4.126685378902485
2017-08-25 00:00:00-04:00,93.62162017822266,68.81224060058594,-1.3108823648827626,3.4168674868449074,0.758,False,False,0.0,False,False,-1.0,-1.0,-0.0014870266547232268,0.0014870266547232268,4.128172405557208
2017-08-28 00:00:00-04:00,93.16991424560547,68.84805297851562,-1.3116979304862317,2.862065635680082,0.208,False,False,0.0,False,False,-1.0,-1.0,-0.003023809765991492,0.003023809765991492,4.1311962153232
2017-08-29 00:00:00-04:00,93.0114517211914,68.7316665649414,-1.312294438360009,2.8152679488042054,0.115,False,False,0.0,False,False,-1.0,-1.0,-0.0002554352429133177,0.0002554352429133177,4.131451650566113
2017-08-30 00:00:00-04:00,93.55821990966797,68.71378326416016,-1.3133993823421863,3.30957941212516,0.581,False,True,0.0,False,False,-1.0,-1.0,0.002689298224374452,-0.002689298224374452,4.128762352341739
2017-08-31 00:00:00-04:00,93.78009796142578,69.9401626586914,-1.3130746581613764,1.9434427866135024,-0.823,False,False,0.0,False,True,0.0,0.0,-0.007359985574733911,0.007359985574733911,4.136122337916473
2017-09-01 00:00:00-04:00,93.2808609008789,69.8327407836914,-1.3120820798653055,1.6545731307183473,-1.08,False,False,0.0,False,False,0.0,0.0,-0.001562241687091671,-0.0,4.136122337916473
2017-09-05 00:00:00-04:00,94.44578552246094,70.09233856201172,-1.3118820359361556,2.4929057062026914,-0.225,False,False,0.0,False,False,0.0,0.0,0.004497524560924008,0.0,4.136122337916473
2017-09-06 00:00:00-04:00,94.84994506835938,70.30718231201172,-1.3119992049515374,2.606977772617199,-0.153,False,False,0.0,False,False,0.0,0.0,0.0006097081122587486,0.0,4.136122337916473
2017-09-07 00:00:00-04:00,96.22881317138672,70.78162384033203,-1.312968906637321,3.294741907731847,0.52,False,True,0.0,False,False,0.0,0.0,0.003635830237885941,0.0,4.136122337916473
2017-09-08 00:00:00-04:00,95.59485626220703,70.79059600830078,-1.3133760685912006,2.6201815835970166,-0.225,False,False,0.0,False,True,0.0,0.0,-0.0035772498386631864,-0.0,4.136122337916473
2017-09-11 00:00:00-04:00,99.882080078125,71.75737762451172,-1.3167791700665614,5.393459923567619,2.449,False,True,0.0,True,False,-1.0,-1.0,0.01426798553820454,0.0,4.136122337916473
2017-09-12 00:00:00-04:00,98.88357543945312,72.0438461303711,-1.3191356150676414,3.8479721624275385,0.887,False,False,0.0,False,False,-1.0,-1.0,-0.007969751993430597,0.007969751993430597,4.144092089909904
2017-09-13 00:00:00-04:00,96.31600189208984,71.2113265991211,-1.3195570600804651,2.3485931205237875,-0.775,False,False,0.0,False,True,0.0,0.0,-0.007879714982374615,0.007879714982374615,4.151971804892279
2017-09-14 00:00:00-04:00,96.571533203125,71.31473541259766,-1.3196546686129462,2.4607096749934954,-0.623,False,False,0.0,False,False,0.0,0.0,0.000587975502252274,0.0,4.151971804892279
2017-09-15 00:00:00-04:00,93.90430450439453,71.1888198852539,-1.3170827322223373,0.14273910624045527,-2.731,True,False,1.0,False,False,0.0,1.0,-0.012351583002048904,-0.0,4.151971804892279
2017-09-18 00:00:00-04:00,93.51299285888672,70.8830795288086,-1.3141433921841512,0.3624622784392244,-2.241,False,False,1.0,False,False,0.0,1.0,0.001177108243487,0.001177108243487,4.153148913135765
2017-09-19 00:00:00-04:00,93.64075469970703,71.14386749267578,-1.311120913707999,0.36254214798914575,-2.058,False,False,1.0,False,False,0.0,1.0,4.2729505248072684e-07,4.2729505248072684e-07,4.153149340430818
2017-09-20 00:00:00-04:00,91.79605865478516,71.66546630859375,-1.3056918428838324,-1.7769561208118176,-3.239,False,False,1.0,False,False,0.0,1.0,-0.011541829654796658,-0.011541829654796658,4.141607510776021
2017-09-21 00:00:00-04:00,92.81822967529297,71.82732391357422,-1.300996746894356,-0.628885074394276,-2.133,False,False,1.0,False,False,0.0,1.0,0.006163632048472313,0.006163632048472313,4.147771142824493
2017-09-22 00:00:00-04:00,91.44468688964844,72.7806167602539,-1.2941169511218364,-2.7419429728981726,-2.974,False,False,1.0,False,False,0.0,1.0,-0.011383089531841669,-0.011383089531841669,4.136388053292651
2017-09-25 00:00:00-04:00,91.21310424804688,73.34716796875,-1.2863126705067747,-3.1342872559448978,-2.724,False,False,1.0,False,False,0.0,1.0,-0.002114373975218347,-0.002114373975218347,4.134273679317433
2017-09-26 00:00:00-04:00,90.4704360961914,73.14929962158203,-1.2784193635319228,-3.0450449688374164,-2.358,False,False,1.0,False,False,0.0,1.0,0.0004850495542508375,0.0004850495542508375,4.134758728871684
2017-09-27 00:00:00-04:00,92.03562927246094,73.00541687011719,-1.272908937679258,-0.8936183605113115,-1.255,False,False,1.0,False,False,0.0,1.0,0.01163154131919901,0.01163154131919901,4.146390270190883
2017-09-28 00:00:00-04:00,92.76233673095703,72.50182342529297,-1.2697186312589417,0.7054207276165698,-0.465,False,False,1.0,False,False,0.0,1.0,0.008651907550057649,0.008651907550057649,4.15504217774094
2017-09-29 00:00:00-04:00,94.49523162841797,72.68167114257812,-1.268792028889069,2.277306636378171,0.285,False,True,0.0,False,False,0.0,0.0,0.00841872065800302,0.00841872065800302,4.163460898398943
2017-10-02 00:00:00-04:00,94.59906005859375,72.9334716796875,-1.268187211727992,2.105763967488386,0.207,False,False,0.0,False,False,0.0,0.0,-0.0009168876399874279,-0.0,4.163460898398943
2017-10-03 00:00:00-04:00,93.03386688232422,73.48204803466797,-1.2653875044754608,0.05060149598978114,-0.745,False,False,0.0,False,True,0.0,0.0,-0.011048242957161595,-0.0,4.163460898398943
2017-10-04 00:00:00-04:00,93.47307586669922,73.48204803466797,-1.2627942576374263,0.6803675690829891,-0.422,False,False,0.0,False,False,0.0,0.0,0.0033810078212628473,0.0,4.163460898398943
2017-10-05 00:00:00-04:00,94.55912017822266,73.46405792236328,-1.2615702885663356,1.8790474258528178,0.155,False,False,0.0,False,False,0.0,0.0,0.0064018640435721495,0.0,4.163460898398943
2017-10-06 00:00:00-04:00,94.40739440917969,73.45506286621094,-1.2605793419034668,1.8114596018137235,0.124,False,False,0.0,False,False,0.0,0.0,-0.00036142577954229456,-0.0,4.163460898398943
2017-10-09 00:00:00-04:00,94.99834442138672,73.84178161621094,-1.2598166728116111,1.9712367911702557,0.216,False,True,0.0,False,False,0.0,0.0,0.000849763623026322,0.0,4.163460898398943
2017-10-10 00:00:00-04:00,95.63717651367188,73.69788360595703,-1.259991113370936,2.778498095920426,0.616,False,False,0.0,False,False,0.0,0.0,0.00428264751521385,0.0,4.163460898398943
2017-10-11 00:00:00-04:00,96.323974609375,73.74283599853516,-1.2609830735341243,3.335506620819274,0.891,False,False,0.0,False,False,0.0,0.0,0.0029422710797823493,0.0,4.163460898398943
2017-10-12 00:00:00-04:00,98.02494049072266,73.93170166015625,-1.2635480496611498,4.60868304990224,1.471,False,False,0.0,False,False,0.0,0.0,0.006650482982969202,0.0,4.163460898398943
2017-10-13 00:00:00-04:00,97.25033569335938,74.27346801757812,-1.2650194129428054,3.2929567845364573,0.846,False,False,0.0,False,False,0.0,0.0,-0.006881135879392837,-0.0,4.163460898398943
2017-10-16 00:00:00-04:00,97.21836853027344,74.73207092285156,-1.2655370771786152,2.6421619230629005,0.539,False,False,0.0,False,False,0.0,0.0,-0.003393187012755955,-0.0,4.163460898398943
2017-10-17 00:00:00-04:00,98.0009765625,74.63317108154297,-1.266736545613259,3.4604112385028714,0.915,False,False,0.0,False,False,0.0,0.0,0.004249728694508571,0.0,4.163460898398943
2017-10-18 00:00:00-04:00,98.90336608886719,75.19071960449219,-1.2681796836716452,3.548023085798917,0.951,False,False,0.0,False,False,0.0,0.0,0.0004510060202993638,0.0,4.163460898398943
2017-10-19 00:00:00-04:00,98.92731475830078,75.24471282958984,-1.2695154965939528,3.402985784374664,0.852,False,False,0.0,False,False,0.0,0.0,-0.0007458785055269534,-0.0,4.163460898398943
2017-10-20 00:00:00-04:00,98.5360336303711,75.86520385742188,-1.2695426218201529,2.2219238202993523,0.29,False,False,0.0,False,False,0.0,0.0,-0.00606138616693557,-0.0,4.163460898398943
2017-10-23 00:00:00-04:00,96.00454711914062,75.8382339477539,-1.2668020631117962,-0.06748410862908827,-0.743,False,False,0.0,False,True,0.0,0.0,-0.011919245691650811,-0.0,4.163460898398943
2017-10-24 00:00:00-04:00,96.7791519165039,75.8831787109375,-1.2644392468664882,0.8294825774109569,-0.301,False,False,0.0,False,False,0.0,0.0,0.00465403503324751,0.0,4.163460898398943
2017-10-25 00:00:00-04:00,98.20861053466797,75.7752685546875,-1.2638993812900947,2.436295491307675,0.464,False,True,0.0,False,False,0.0,0.0,0.008283355227369416,0.0,4.163460898398943
2017-10-26 00:00:00-04:00,92.48283386230469,76.5127182006836,-1.2571214912551079,-3.7029485421205095,-2.169,True,False,1.0,False,True,0.0,1.0,-0.032539826468800936,-0.0,4.163460898398943
2017-10-27 00:00:00-04:00,93.07377624511719,77.29508972167969,-1.2492477217391158,-3.4869384913117045,-1.943,False,False,1.0,False,False,0.0,1.0,0.0011390863006552198,0.0011390863006552198,4.164599984699599
2017-10-30 00:00:00-04:00,93.90430450439453,77.01631164550781,-1.24295351175795,-1.8233905180341026,-1.154,False,False,1.0,False,False,0.0,1.0,0.008772506630887977,0.008772506630887977,4.173372491330486
2017-10-31 00:00:00-04:00,94.58309173583984,77.26811218261719,-1.2378261218410513,-1.0613959091484872,-0.778,False,False,1.0,False,False,0.0,1.0,0.004005699969299047,0.004005699969299047,4.177378191299786
2017-11-01 00:00:00-04:00,93.38523864746094,77.71776580810547,-1.2315936759712263,-2.33147023241456,-1.246,False,False,1.0,False,False,0.0,1.0,-0.006716347133772759,-0.006716347133772759,4.170661844166013
2017-11-02 00:00:00-04:00,94.84662628173828,77.5738754272461,-1.227257369437176,-0.3564840121509434,-0.398,False,False,1.0,False,False,0.0,1.0,0.010391944002919993,0.010391944002919993,4.181053788168933
2017-11-03 00:00:00-04:00,95.07819366455078,78.095458984375,-1.2232270780692,-0.4502864393793118,-0.427,False,False,1.0,False,False,0.0,1.0,-0.0004921256185515566,-0.0004921256185515566,4.180561662550382
2017-11-06 00:00:00-05:00,97.29024505615234,78.38325500488281,-1.221406066902914,1.552461849590273,0.407,False,True,0.0,False,False,0.0,0.0,0.010375427377022213,0.010375427377022213,4.190937089927404
2017-11-07 00:00:00-05:00,97.43399047851562,78.57209777832031,-1.2200701298210304,1.5705209418096757,0.378,False,False,0.0,False,False,0.0,0.0,9.34264331149552e-05,0.0,4.190937089927404
2017-11-08 00:00:00-05:00,98.62386322021484,81.36894226074219,-1.2167567051781947,-0.38234286880057766,-0.463,False,False,0.0,False,True,0.0,0.0,-0.00988141034123012,-0.0,4.190937089927404
2017-11-09 00:00:00-05:00,97.61768341064453,78.98580169677734,-1.2151918612495816,1.6347800344473171,0.359,False,True,0.0,False,False,0.0,0.0,0.010418991681408429,0.0,4.190937089927404
2017-11-10 00:00:00-05:00,96.50762939453125,79.54335021972656,-1.2123391035907702,0.07411549254125305,-0.394,False,False,0.0,False,True,0.0,0.0,-0.008088811516512886,-0.0,4.190937089927404
2017-11-13 00:00:00-05:00,97.98500061035156,78.76095581054688,-1.2118299193684434,2.5401178810750054,0.712,False,True,0.0,False,False,0.0,0.0,0.012748818052089165,0.0,4.190937089927404
2017-11-14 00:00:00-05:00,98.0009765625,80.67648315429688,-1.2095630143694143,0.41768640966540715,-0.349,False,False,0.0,False,True,0.0,0.0,-0.010851749514692385,-0.0,4.190937089927404
2017-11-15 00:00:00-05:00,95.94864654541016,79.78617095947266,-1.2062037742806009,-0.2897340013030316,-0.681,False,False,0.0,False,False,0.0,0.0,-0.0036808957486466677,-0.0,4.190937089927404
2017-11-16 00:00:00-05:00,96.04447174072266,79.73220825195312,-1.2030612198177308,0.12174402236658466,-0.448,False,False,0.0,False,False,0.0,0.0,0.002143480890636894,0.0,4.190937089927404
2017-11-17 00:00:00-05:00,94.31957244873047,80.26280975341797,-1.1979234703740866,-1.8291311530590804,-1.321,False,False,0.0,False,False,0.0,0.0,-0.010242520255227242,-0.0,4.190937089927404
2017-11-20 00:00:00-05:00,93.76055908203125,80.77540588378906,-1.1916919741008034,-2.4988438144149825,-1.551,True,False,1.0,False,False,0.0,1.0,-0.0035244331931387125,-0.0,4.190937089927404
2017-11-21 00:00:00-05:00,94.455322265625,81.5667953491211,-1.185518667132295,-2.2436362389177162,-1.352,False,False,1.0,False,False,0.0,1.0,0.0013350868966628706,0.0013350868966628706,4.1922721768240665
2017-11-22 00:00:00-05:00,93.6008529663086,79.81315612792969,-1.1810295125077954,-0.6608399071687643,-0.603,False,False,1.0,False,False,0.0,1.0,0.008425289483188424,0.008425289483188424,4.200697466307255
2017-11-24 00:00:00-05:00,93.86437225341797,80.34373474121094,-1.1768491274380846,-0.688081871893047,-0.582,False,False,1.0,False,False,0.0,1.0,-0.00014458350269378164,-0.00014458350269378164,4.200552882804561
2017-11-27 00:00:00-05:00,94.27961730957031,80.07395935058594,-1.1737548596741074,0.2924183884731377,-0.119,False,False,1.0,False,False,0.0,1.0,0.005208035489190301,0.005208035489190301,4.205760918293752
2017-11-28 00:00:00-05:00,94.65495300292969,81.12613677978516,-1.1702774056536287,-0.28513187841871,-0.344,False,False,1.0,False,True,0.0,1.0,-0.003046230921108618,-0.003046230921108618,4.202714687372643
2017-11-29 00:00:00-05:00,93.42514038085938,80.14588165283203,-1.1669258343498632,-0.09915943657703963,-0.219,False,False,1.0,False,False,0.0,1.0,0.0009947739968860611,0.0009947739968860611,4.203709461369529
2017-11-30 00:00:00-05:00,93.19355010986328,81.17110443115234,-1.1624927072464353,-1.1672668304901208,-0.681,False,False,1.0,False,False,0.0,1.0,-0.005694921481764811,-0.005694921481764811,4.1980145398877635
2017-12-01 00:00:00-05:00,94.87857055664062,81.05416870117188,-1.1599506584363635,0.8597342027042316,0.382,False,True,0.0,False,False,0.0,0.0,0.01073069803522461,0.01073069803522461,4.208745237922988
2017-12-04 00:00:00-05:00,88.31427001953125,81.09017944335938,-1.1516547216184183,-5.073618013298372,-2.401,True,False,1.0,False,True,0.0,1.0,-0.0326542748836962,-0.0,4.208745237922988
2017-12-05 00:00:00-05:00,90.25481414794922,79.64227294921875,-1.1463998555535624,-1.0470760569925517,-0.41,False,False,1.0,False,False,0.0,1.0,0.022177875340144135,0.022177875340144135,4.230923113263133
2017-12-06 00:00:00-05:00,89.95133972167969,79.72322082519531,-1.1417155147000586,-1.0698983763046073,-0.374,False,False,1.0,False,False,0.0,1.0,-0.0001261092679731712,-0.0001261092679731712,4.230797003995159
2017-12-07 00:00:00-05:00,91.14921569824219,80.2807846069336,-1.1380254488108985,-0.2123602349544882,0.153,False,False,1.0,False,False,0.0,1.0,0.004698561294292265,0.004698561294292265,4.235495565289451
2017-12-08 00:00:00-05:00,91.68425750732422,80.51459503173828,-1.135055727167807,0.2957052959530273,0.494,False,True,0.0,False,False,0.0,0.0,0.002775210211107782,0.002775210211107782,4.23827077550056
2017-12-11 00:00:00-05:00,91.79605865478516,80.7574234008789,-1.132290040850925,0.3552324131885314,0.521,False,False,0.0,False,False,0.0,0.0,0.00032486427210965703,0.0,4.23827077550056
2017-12-12 00:00:00-05:00,91.75613403320312,80.37970733642578,-1.1301442478355632,0.9154701442355133,0.85,False,False,0.0,False,False,0.0,0.0,0.003068168431331283,0.0,4.23827077550056
2017-12-13 00:00:00-05:00,92.08356475830078,80.46961975097656,-1.1284898483764463,1.2744157666109572,1.116,False,False,0.0,False,False,0.0,0.0,0.0019626020906776684,0.0,4.23827077550056
2017-12-14 00:00:00-05:00,92.80005645751953,80.22130584716797,-1.1279987328852494,2.3105251115140106,1.667,False,False,0.0,True,False,-1.0,-1.0,0.005652854356428024,0.0,4.23827077550056
2017-12-15 00:00:00-05:00,92.14794158935547,81.29586791992188,-1.1259838450181714,0.6101076447924214,0.569,False,False,0.0,False,False,-1.0,-1.0,-0.00925720819578432,0.00925720819578432,4.247527983696344
2017-12-18 00:00:00-05:00,91.85814666748047,82.09953308105469,-1.1227186225994106,-0.31652802933599844,-0.069,False,False,0.0,False,False,-1.0,-1.0,-0.005035165288772727,0.005035165288772727,4.252563148985116
2017-12-19 00:00:00-05:00,89.99037170410156,82.31624603271484,-1.1174877880737717,-1.997027997533337,-1.153,False,False,0.0,False,True,0.0,0.0,-0.009234644183275036,0.009234644183275036,4.261797793168391
2017-12-20 00:00:00-05:00,88.89549255371094,82.31624603271484,-1.1112851586819967,-2.5813299808608576,-1.521,True,False,1.0,False,False,0.0,1.0,-0.003239421654268482,-0.0,4.261797793168391
2017-12-21 00:00:00-05:00,88.0018539428711,82.72259521484375,-1.1041305271829251,-3.334688721634052,-1.848,False,False,1.0,False,False,0.0,1.0,-0.004200766567700028,-0.004200766567700028,4.257597026600692
2017-12-22 00:00:00-05:00,89.34632873535156,82.12661743164062,-1.0992659223074979,-0.9326631216358976,-0.359,False,False,1.0,False,False,0.0,1.0,0.013372422062085384,0.013372422062085384,4.270969448662777
2017-12-26 00:00:00-05:00,89.83740997314453,82.04534912109375,-1.0957365846882436,-0.06268066235732306,0.21,False,True,0.0,False,False,0.0,0.0,0.004840294631518446,0.004840294631518446,4.275809743294295
2017-12-27 00:00:00-05:00,90.57003784179688,82.01827239990234,-1.0934380846245866,0.8881351646300573,0.831,False,False,0.0,False,False,0.0,0.0,0.005274926995237248,0.0,4.275809743294295
2017-12-28 00:00:00-05:00,91.8017807006836,82.06339263916016,-1.0926501124099097,2.1352055087666884,1.52,False,False,0.0,True,False,-1.0,-1.0,0.006872109123392798,0.0,4.275809743294295
2017-12-29 00:00:00-05:00,91.6971206665039,81.7925033569336,-1.0923707883982245,2.3493792894259258,1.608,False,False,0.0,False,False,-1.0,-1.0,0.0011829873449138845,-0.0011829873449138845,4.274626755949381
2018-01-02 00:00:00-05:00,90.69884490966797,81.9911880493164,-1.091059929618521,1.2415450472418854,0.91,False,False,0.0,False,False,-1.0,-1.0,-0.006149300339355632,0.006149300339355632,4.280776056288737
2018-01-03 00:00:00-05:00,91.5280532836914,81.91893768310547,-1.0905222816508426,2.1936264510980408,1.497,False,False,0.0,False,False,-1.0,-1.0,0.005264117816166287,-0.005264117816166287,4.275511938472571
2018-01-04 00:00:00-05:00,90.39290618896484,82.56907653808594,-1.088430144056844,0.5222343179753892,0.49,False,False,0.0,False,False,-1.0,-1.0,-0.00927193474749935,0.00927193474749935,4.2847838732200705
2018-01-05 00:00:00-05:00,90.9725570678711,83.58042907714844,-1.0857400073322163,0.22594138881815695,0.303,False,False,0.0,False,False,-1.0,-1.0,-0.0016304989984181383,0.0016304989984181383,4.286414372218489
2018-01-08 00:00:00-05:00,91.89837646484375,84.09512329101562,-1.083504662488014,0.7809182865239421,0.621,False,False,0.0,False,False,-1.0,-1.0,0.0030323982555272083,-0.0030323982555272083,4.283381973962961
2018-01-09 00:00:00-05:00,90.6505355834961,84.25767517089844,-1.080197560636532,-0.3643996010136874,-0.089,False,False,0.0,False,False,-1.0,-1.0,-0.006304543635594056,0.006304543635594056,4.289686517598556
2018-01-10 00:00:00-05:00,88.18704986572266,83.9596939086914,-1.0749702148548228,-2.0671203344485036,-1.137,False,False,0.0,False,True,0.0,0.0,-0.009542193966203798,0.009542193966203798,4.2992287115647585
2018-01-11 00:00:00-05:00,86.89894104003906,84.38407897949219,-1.0682006977004175,-3.240191000661625,-1.786,True,False,1.0,False,False,0.0,1.0,-0.006626092601437952,-0.0,4.2992287115647585
2018-01-12 00:00:00-05:00,85.15998077392578,84.9168472290039,-1.0595604788328359,-4.81455453701237,-2.4,False,False,1.0,False,False,0.0,1.0,-0.008989453201719897,-0.008989453201719897,4.290239258363039
2018-01-16 00:00:00-05:00,86.5285873413086,84.94393157958984,-1.0525416926261317,-2.878442181791229,-1.289,False,False,1.0,False,False,0.0,1.0,0.011004664034078335,0.011004664034078335,4.301243922397117
2018-01-17 00:00:00-05:00,86.15019989013672,85.94625854492188,-1.0450407389840506,-3.667141652562705,-1.58,True,False,1.0,False,False,0.0,1.0,-0.004482073593512754,-0.004482073593512754,4.296761848803604
2018-01-18 00:00:00-05:00,86.10995483398438,85.9011001586914,-1.038079266141181,-3.0621961794700923,-1.205,False,False,1.0,False,False,0.0,1.0,0.003451267715936402,0.003451267715936402,4.300213116519541
2018-01-19 00:00:00-05:00,86.3836669921875,86.62348175048828,-1.0313394443094115,-2.954546540507536,-1.091,False,False,1.0,False,False,0.0,1.0,0.000612613743041025,0.000612613743041025,4.3008257302625825
2018-01-22 00:00:00-05:00,88.02603912353516,87.4632568359375,-1.0259096383390138,-1.7033590649737675,-0.476,False,False,1.0,False,False,0.0,1.0,0.007038814083292138,0.007038814083292138,4.307864544345874
2018-01-23 00:00:00-05:00,89.45098114013672,87.27362823486328,-1.022641058856934,0.2013855517497234,0.456,False,True,0.0,False,False,0.0,0.0,0.010658861048988773,0.010658861048988773,4.318523405394863
2018-01-24 00:00:00-05:00,89.24166107177734,86.84925079345703,-1.0202105445661347,0.6371396246237424,0.628,False,False,0.0,False,False,0.0,0.0,0.0024501738901684597,0.0,4.318523405394863
2018-01-25 00:00:00-05:00,89.6924819946289,87.02983856201172,-1.0183620387017207,1.064598168737021,0.811,False,False,0.0,False,False,0.0,0.0,0.0023971381067236872,0.0,4.318523405394863
2018-01-26 00:00:00-05:00,89.88571166992188,87.97798156738281,-1.0160566607402934,0.495097499895806,0.492,False,False,0.0,False,False,0.0,0.0,-0.0031766641031546273,-0.0,4.318523405394863
2018-01-29 00:00:00-05:00,86.44003295898438,87.42713928222656,-1.0112366904152978,-1.9694980212516953,-0.743,False,False,0.0,False,True,0.0,0.0,-0.01409551997512685,-0.0,4.318523405394863
2018-01-30 00:00:00-05:00,85.78792572021484,87.06596374511719,-1.006131538924875,-1.8118863706372963,-0.629,False,False,0.0,False,False,0.0,0.0,0.0009090126707007475,0.0,4.318523405394863
2018-01-31 00:00:00-05:00,90.12724304199219,87.05692291259766,-1.0053401676785434,2.6054215634632385,1.529,False,True,0.0,True,False,-1.0,-1.0,0.024865359950095707,0.0,4.318523405394863
2018-02-01 00:00:00-05:00,86.9311294555664,86.84925079345703,-1.002611267264857,-0.1449079434649434,0.195,False,False,0.0,False,False,-1.0,-1.0,-0.015805840395219966,0.015805840395219966,4.334329245790083
2018-02-02 00:00:00-05:00,86.71376037597656,85.5760269165039,-1.0007409634759998,1.0743247491063528,0.803,False,True,0.0,False,False,-1.0,-1.0,0.007074035880084046,-0.007074035880084046,4.327255209909999
2018-02-05 00:00:00-05:00,83.99263000488281,81.8286361694336,-1.0000890517790022,2.1567068498250137,1.347,False,False,0.0,False,False,-1.0,-1.0,0.006527115385700255,-0.006527115385700255,4.3207280945242985
2018-02-06 00:00:00-05:00,84.12948608398438,82.05436706542969,-0.9996037226604193,2.10763530483635,1.274,False,False,0.0,False,False,-1.0,-1.0,-0.0002953424625712547,0.0002953424625712547,4.32102343698687
2018-02-07 00:00:00-05:00,83.86382293701172,82.74967193603516,-0.9983043235179878,1.2544676735727194,0.827,False,False,0.0,False,False,-1.0,-1.0,-0.005124955506263776,0.005124955506263776,4.326148392493133
2018-02-08 00:00:00-05:00,79.66942596435547,81.93698120117188,-0.9938698037027679,-1.7652654580506066,-0.634,False,False,0.0,False,True,0.0,0.0,-0.018743984825501842,0.018743984825501842,4.344892377318635
2018-02-09 00:00:00-05:00,82.28587341308594,83.2463150024414,-0.9904387333900956,-0.16450137732503833,0.107,False,False,0.0,False,False,0.0,0.0,0.009717133285372395,0.0,4.344892377318635
2018-02-12 00:00:00-05:00,84.5722885131836,84.77237701416016,-0.9881470407036469,0.8047150332273816,0.539,False,True,0.0,False,False,0.0,0.0,0.00575749795132847,0.0,4.344892377318635
2018-02-13 00:00:00-05:00,84.62862396240234,86.22618103027344,-0.9849623669315131,-0.30091939664090717,-0.03,False,False,0.0,False,False,0.0,0.0,-0.006520679288613949,-0.0,4.344892377318635
2018-02-14 00:00:00-05:00,84.74937438964844,87.89669799804688,-0.9804917708568883,-1.4326146829296533,-0.58,False,False,0.0,False,True,0.0,0.0,-0.006620758551070911,-0.0,4.344892377318635
2018-02-15 00:00:00-05:00,84.89430236816406,89.3956527709961,-0.974972127809882,-2.263967430927366,-0.944,False,False,0.0,False,False,0.0,0.0,-0.004831969307552921,-0.0,4.344892377318635
2018-02-16 00:00:00-05:00,82.27784729003906,89.19699096679688,-0.9675452398217553,-4.024276726309367,-1.696,True,False,1.0,False,False,0.0,1.0,-0.010441983598292988,-0.0,4.344892377318635
2018-02-20 00:00:00-05:00,80.16856384277344,89.02542114257812,-0.9586665153809367,-5.177126424302301,-2.069,False,False,1.0,False,False,0.0,1.0,-0.006965259301641818,-0.006965259301641818,4.337927118016994
2018-02-21 00:00:00-05:00,78.85630798339844,89.5220718383789,-0.9486735944884697,-6.070917693571488,-2.227,False,False,1.0,False,False,0.0,1.0,-0.0054571497469495765,-0.0054571497469495765,4.332469968270043
2018-02-22 00:00:00-05:00,81.17489624023438,90.16320037841797,-0.9408794672952311,-3.657807701444696,-1.106,False,False,1.0,False,False,0.0,1.0,0.014536141655457172,0.014536141655457172,4.347006109925501
2018-02-23 00:00:00-05:00,82.27784729003906,91.54476928710938,-0.9339240585493956,-3.2180151815461926,-0.86,False,False,1.0,False,False,0.0,1.0,0.0026213434782086423,0.0026213434782086423,4.349627453403709
2018-02-26 00:00:00-05:00,81.77869415283203,91.1745376586914,-0.9275631811974895,-2.791450042074075,-0.632,False,False,1.0,False,False,0.0,1.0,0.002564280843250731,0.002564280843250731,4.3521917342469605
2018-02-27 00:00:00-05:00,80.74822235107422,91.0300521850586,-0.9210344890351407,-3.0935952500334167,-0.72,False,False,1.0,False,False,0.0,1.0,-0.0018357441801892965,-0.0018357441801892965,4.350355990066771
2018-02-28 00:00:00-05:00,81.02191925048828,90.64176177978516,-0.9155885414016597,-1.9686392075419121,-0.198,False,False,1.0,False,False,0.0,1.0,0.006858966209209805,0.006858966209209805,4.357214956275981
2018-03-01 00:00:00-05:00,79.6211166381836,89.838134765625,-0.9101715589477529,-2.146998534403636,-0.277,False,False,1.0,False,True,0.0,1.0,-0.0011051501073556784,-0.0011051501073556784,4.356109806168625
2018-03-02 00:00:00-05:00,79.07367706298828,92.41162872314453,-0.9026388063780832,-4.340645183125488,-1.225,False,False,1.0,False,False,0.0,1.0,-0.013500360999269016,-0.013500360999269016,4.342609445169356
2018-03-05 00:00:00-05:00,80.79650115966797,93.29655456542969,-0.8962359147931505,-2.819221768328987,-0.597,False,False,1.0,False,False,0.0,1.0,0.00925371226646308,0.00925371226646308,4.351863157435819
2018-03-06 00:00:00-05:00,81.45664978027344,95.31023406982422,-0.8895557345102357,-3.32711549405154,-0.817,False,False,1.0,False,False,0.0,1.0,-0.0030551759964972747,-0.0030551759964972747,4.348807981439322
2018-03-07 00:00:00-05:00,82.97018432617188,95.7797622680664,-0.8843874149375073,-1.7362320294123776,-0.128,False,False,1.0,False,False,0.0,1.0,0.009487808425092057,0.009487808425092057,4.358295789864414
2018-03-08 00:00:00-05:00,83.50154113769531,96.42089080810547,-0.8798774907456665,-1.3370303220024198,0.032,False,False,1.0,False,False,0.0,1.0,0.002371399788502577,0.002371399788502577,4.360667189652917
2018-03-09 00:00:00-05:00,83.03459930419922,97.83858489990234,-0.8743800810593905,-2.513510491313454,-0.519,False,False,1.0,False,True,0.0,1.0,-0.006978652648268806,-0.006978652648268806,4.353688537004647
2018-03-12 00:00:00-04:00,84.00873565673828,98.03724670410156,-0.8699226255376523,-1.276083396576297,0.049,False,False,1.0,False,False,0.0,1.0,0.007309357387270203,0.007309357387270203,4.360997894391918
2018-03-13 00:00:00-04:00,85.06336212158203,97.85665130615234,-0.8670608467873739,0.21569117629279333,0.739,False,True,0.0,False,False,0.0,0.0,0.00877973929027892,0.00877973929027892,4.3697776336821965
2018-03-14 00:00:00-04:00,85.7298812866211,97.6799545288086,-0.8653890878764272,1.1987145331245443,1.177,False,False,0.0,False,False,0.0,0.0,0.005773624491023494,0.0,4.3697776336821965
2018-03-15 00:00:00-04:00,85.6161117553711,97.0548095703125,-0.8644017929334913,1.721760349974403,1.392,False,False,0.0,False,False,0.0,0.0,0.0030856255542986125,0.0,4.3697776336821965
2018-03-16 00:00:00-04:00,86.46145629882812,97.19976806640625,-0.864212089052594,2.4602416827315636,1.646,False,False,0.0,True,False,-1.0,-1.0,0.004332217304782966,0.0,4.3697776336821965
2018-03-19 00:00:00-04:00,85.14466857910156,96.87358093261719,-0.8632741909688493,1.5162063732411184,1.162,False,False,0.0,False,False,-1.0,-1.0,-0.005593516604804018,0.005593516604804018,4.375371150287
2018-03-20 00:00:00-04:00,85.32347106933594,98.66754150390625,-0.8611474753852332,0.3561668007793628,0.632,False,False,0.0,False,False,-1.0,-1.0,-0.006812110463176848,0.006812110463176848,4.382183260750177
2018-03-21 00:00:00-04:00,84.0229263305664,98.51350402832031,-0.8580483436234347,-0.5064226254744,0.314,False,False,0.0,False,False,-1.0,-1.0,-0.005117637390459494,0.005117637390459494,4.387300898140637
2018-03-22 00:00:00-04:00,83.6490478515625,96.33904266357422,-0.8563332759147201,1.15071984897601,1.023,False,False,0.0,False,False,-1.0,-1.0,0.009973931071322594,-0.009973931071322594,4.377326967069314
2018-03-23 00:00:00-04:00,83.15321350097656,94.85313415527344,-0.8556092851630199,1.9959911909110275,1.363,False,False,0.0,False,False,-1.0,-1.0,0.005144355790688086,-0.005144355790688086,4.372182611278626
2018-03-26 00:00:00-04:00,82.99063110351562,97.85211944580078,-0.8527863359418253,-0.45631930281065536,0.343,False,False,0.0,False,False,-1.0,-1.0,-0.014734115164829352,0.014734115164829352,4.386916726443456
2018-03-27 00:00:00-04:00,83.48645782470703,97.25411987304688,-0.8507496507587318,0.7475493078645741,0.92,False,False,0.0,False,False,-1.0,-1.0,0.007242388073319661,-0.007242388073319661,4.379674338370136
2018-03-28 00:00:00-04:00,85.38037109375,97.07290649414062,-0.8507131328854938,2.799174691819033,1.782,False,False,0.0,True,False,-1.0,-1.0,0.01221485018593444,-0.01221485018593444,4.367459488184202
2018-03-29 00:00:00-04:00,85.6567611694336,99.38331604003906,-0.8495451627285772,1.2261457716929982,1.029,False,False,0.0,False,False,-1.0,-1.0,-0.009248357825689573,0.009248357825689573,4.376707846009891
2018-04-02 00:00:00-04:00,83.66529846191406,97.40816497802734,-0.8480557247675081,1.0577465132000867,0.929,False,False,0.0,False,False,-1.0,-1.0,-0.001012788666802981,0.001012788666802981,4.3777206346766935
2018-04-03 00:00:00-04:00,83.73843383789062,97.84305572509766,-0.8463973019466576,0.9243354579515,0.869,False,False,0.0,False,False,-1.0,-1.0,-0.0008010148718369642,0.0008010148718369642,4.3785216495485315
2018-04-04 00:00:00-04:00,85.0227279663086,98.37760925292969,-0.8455475891042842,1.8397776406505812,1.21,False,False,0.0,False,False,-1.0,-1.0,0.005442397616982246,-0.005442397616982246,4.373079251931548
2018-04-05 00:00:00-04:00,85.51854705810547,98.76720428466797,-0.8450200744559332,2.0582767396709727,1.23,False,False,0.0,False,False,-1.0,-1.0,0.0012930561499522402,-0.0012930561499522402,4.371786195781596
2018-04-06 00:00:00-04:00,84.77888488769531,96.53836822509766,-0.8455336235519629,3.152448590534817,1.56,False,False,0.0,True,False,-1.0,-1.0,0.006575341720282817,-0.006575341720282817,4.3652108540613135
2018-04-09 00:00:00-04:00,84.84391021728516,96.846435546875,-0.8459872409968592,2.9130614086042215,1.378,False,False,0.0,False,False,-1.0,-1.0,-0.0014353921620316908,0.0014353921620316908,4.366646246223345
2018-04-10 00:00:00-04:00,84.11235046386719,97.98802947998047,-0.8449830154439943,1.314129836458278,0.701,False,False,0.0,False,False,-1.0,-1.0,-0.009579570435185664,0.009579570435185664,4.376225816658531
2018-04-11 00:00:00-04:00,84.98210144042969,97.15446472167969,-0.8451690294833591,2.870156781632417,1.326,False,False,0.0,False,False,-1.0,-1.0,0.009312282403228837,-0.009312282403228837,4.366913534255302
2018-04-12 00:00:00-04:00,82.08837890625,97.12728118896484,-0.8431167403793045,0.1987421883058147,0.09,False,False,0.0,False,False,-1.0,-1.0,-0.016291297239801744,0.016291297239801744,4.383204831495104
2018-04-13 00:00:00-04:00,83.26700592041016,96.97325134277344,-0.8420093555452581,1.6146210521531543,0.7,False,True,0.0,False,False,-1.0,-1.0,0.00858527828096146,-0.00858527828096146,4.374619553214142
2018-04-16 00:00:00-04:00,83.87661743164062,99.40143585205078,-0.8399308348201958,0.38628643410146424,0.072,False,False,0.0,False,False,-1.0,-1.0,-0.007339170783599796,0.007339170783599796,4.381958723997743
2018-04-17 00:00:00-04:00,84.94955444335938,101.58499145507812,-0.8372652929341932,-0.10403318499412251,-0.223,False,False,0.0,False,True,0.0,0.0,-0.002884179745858779,0.002884179745858779,4.384842903743602
2018-04-18 00:00:00-04:00,84.63255310058594,101.2044448852539,-0.8347531492342739,0.15182401611373564,-0.126,False,False,0.0,False,False,0.0,0.0,0.0015129338027268457,0.0,4.384842903743602
2018-04-19 00:00:00-04:00,83.86036682128906,100.53399658203125,-0.8323023328750399,0.1856869328131694,-0.148,False,False,0.0,False,False,0.0,0.0,0.00020212437555287957,0.0,4.384842903743602
2018-04-20 00:00:00-04:00,83.1694564819336,99.52830505371094,-0.8301866650050354,0.5423848357895054,-0.037,False,False,0.0,False,False,0.0,0.0,0.0021514196165844145,0.0,4.384842903743602
2018-04-23 00:00:00-04:00,82.73866271972656,99.4920425415039,-0.827961979529675,0.363034229612353,-0.219,False,False,0.0,False,True,0.0,0.0,-0.001086220973744901,-0.0,4.384842903743602
2018-04-24 00:00:00-04:00,82.4297866821289,98.56787872314453,-0.8262808266239181,0.9850383722029363,0.119,False,False,0.0,False,False,0.0,0.0,0.0037956119455700666,0.0,4.384842903743602
2018-04-25 00:00:00-04:00,82.47856140136719,97.27225494384766,-0.8257293303050306,2.158007469323664,0.942,False,True,0.0,False,False,0.0,0.0,0.007205009036557111,0.0,4.384842903743602
2018-04-26 00:00:00-04:00,84.12858581542969,97.96990203857422,-0.826258148568366,3.1801559416131653,1.64,False,False,0.0,True,False,-1.0,-1.0,0.006191949060998734,0.0,4.384842903743602
2018-04-27 00:00:00-04:00,87.62380981445312,97.31755065917969,-0.8302125901967531,6.829554010091826,3.705,False,False,0.0,False,False,-1.0,-1.0,0.02166868533414017,-0.02166868533414017,4.363174218409461
2018-04-30 00:00:00-04:00,85.90872955322266,97.1363296508789,-0.8330282629059386,4.991421599092391,2.258,False,False,0.0,False,False,-1.0,-1.0,-0.011018258531246473,0.011018258531246473,4.374192476940708
2018-05-01 00:00:00-04:00,85.35600280761719,97.8611831665039,-0.8345119294806406,3.689678022079633,1.32,False,False,0.0,False,False,-1.0,-1.0,-0.007793829697929013,0.007793829697929013,4.381986306638637
2018-05-02 00:00:00-04:00,85.62423706054688,97.29943084716797,-0.8363031981155852,4.252411868234077,1.563,False,False,0.0,True,False,-1.0,-1.0,0.0033697432056953047,-0.0033697432056953047,4.378616563432941
2018-05-03 00:00:00-04:00,85.32347106933594,97.6799545288086,-0.8374826302552346,3.518205827337596,1.058,False,False,0.0,False,False,-1.0,-1.0,-0.004393056856055993,0.004393056856055993,4.383009620288997
2018-05-04 00:00:00-04:00,86.47770690917969,98.3685531616211,-0.838960097183407,3.950415988914912,1.264,False,False,0.0,False,False,-1.0,-1.0,0.002557380948068127,-0.002557380948068127,4.380452239340929
2018-05-07 00:00:00-04:00,86.69718170166016,98.25984191894531,-0.8406140162948693,4.098581345676578,1.274,False,False,0.0,False,False,-1.0,-1.0,0.0008751863452287138,-0.0008751863452287138,4.3795770529957005
2018-05-08 00:00:00-04:00,84.97396850585938,101.65747833251953,-0.8383851872895338,-0.25415550533173814,-1.218,False,False,0.0,False,True,0.0,0.0,-0.0255739326505182,0.0255739326505182,4.405150985646219
2018-05-09 00:00:00-04:00,86.09565734863281,103.17961120605469,-0.835698353076778,-0.1313738073693571,-1.164,False,False,0.0,False,False,0.0,0.0,0.0007125103434019285,0.0,4.405150985646219
2018-05-10 00:00:00-04:00,88.07087707519531,106.25108337402344,-0.8327067340006044,-0.4051155452136612,-1.266,False,False,0.0,False,False,0.0,0.0,-0.0015505329452528934,-0.0,4.405150985646219
2018-05-11 00:00:00-04:00,88.42851257324219,106.47758483886719,-0.8300875477877543,0.042795279984360945,-0.967,False,False,0.0,False,False,0.0,0.0,0.0025332283806354734,0.0,4.405150985646219
2018-05-14 00:00:00-04:00,87.97331237792969,105.12757110595703,-0.8282937548007472,0.8968017734940048,-0.526,False,False,0.0,False,False,0.0,0.0,0.004878648141196219,0.0,4.405150985646219
2018-05-15 00:00:00-04:00,87.16048431396484,104.74706268310547,-0.8263642087044922,0.6012607457205519,-0.69,False,False,0.0,False,False,0.0,0.0,-0.0017012521571464123,-0.0,4.405150985646219
2018-05-16 00:00:00-04:00,86.89225769042969,104.27590942382812,-0.8246826122556755,0.8977283114508907,-0.491,False,False,0.0,False,False,0.0,0.0,0.00171480753824939,0.0,4.405150985646219
2018-05-17 00:00:00-04:00,85.75428009033203,103.11620330810547,-0.823031083773954,0.8864395270066154,-0.49,False,False,0.0,False,False,0.0,0.0,-6.616249054359233e-05,-0.0,4.405150985646219
2018-05-18 00:00:00-04:00,85.54295349121094,103.97691345214844,-0.8207847237734982,0.20029130456835276,-0.856,False,False,0.0,False,False,0.0,0.0,-0.004015248560954135,-0.0,4.405150985646219
2018-05-21 00:00:00-04:00,86.64026641845703,104.68363952636719,-0.8190681244613522,0.897234129807174,-0.465,False,False,0.0,False,False,0.0,0.0,0.0040429834587571226,0.0,4.405150985646219
2018-05-22 00:00:00-04:00,86.43706512451172,103.56919860839844,-0.8181334574413816,1.7036385825895763,-0.012,False,False,0.0,False,False,0.0,0.0,0.004711118399740722,0.0,4.405150985646219
2018-05-23 00:00:00-04:00,86.65653228759766,105.12757110595703,-0.81653472428905,0.8162199994175268,-0.486,False,False,0.0,False,True,0.0,0.0,-0.005144549660340059,-0.0,4.405150985646219
2018-05-24 00:00:00-04:00,86.39641571044922,105.3269271850586,-0.8146521063543214,0.5916126233129972,-0.573,False,False,0.0,False,False,0.0,0.0,-0.001304330931411961,-0.0,4.405150985646219
2018-05-25 00:00:00-04:00,86.61587524414062,105.01887512207031,-0.8132691138225645,1.207267738971936,-0.201,False,False,0.0,False,False,0.0,0.0,0.0035788807838250027,0.0,4.405150985646219
2018-05-29 00:00:00-04:00,86.98977661132812,103.45142364501953,-0.8133763403763666,2.8448362402170204,0.694,False,True,0.0,False,False,0.0,0.0,0.00956888543785725,0.0,4.405150985646219
2018-05-30 00:00:00-04:00,87.80262756347656,105.26350402832031,-0.8131375632235528,2.2089184015155467,0.351,False,False,0.0,False,False,0.0,0.0,-0.003667423722500034,-0.0,4.405150985646219
2018-05-31 00:00:00-04:00,87.36370086669922,104.60210418701172,-0.812953903943512,2.32701190716206,0.385,False,False,0.0,False,False,0.0,0.0,0.0006849955836268144,0.0,4.405150985646219
2018-06-01 00:00:00-04:00,88.20092010498047,105.35411834716797,-0.8129714946245781,2.551025047428638,0.495,False,False,0.0,False,False,0.0,0.0,0.0012885366114455624,0.0,4.405150985646219
2018-06-04 00:00:00-04:00,88.48542022705078,106.78563690185547,-0.8123177608737303,1.7415507654603601,0.013,False,False,0.0,False,False,0.0,0.0,-0.004619514713588148,-0.0,4.405150985646219
2018-06-05 00:00:00-04:00,87.95707702636719,106.72221374511719,-0.8112608284357866,1.3775254910023307,-0.223,False,False,0.0,False,True,0.0,0.0,-0.002085666931106538,-0.0,4.405150985646219
2018-06-06 00:00:00-04:00,88.07898712158203,108.38934326171875,-0.8092775392918792,0.3619261212754594,-0.819,False,False,0.0,False,False,0.0,0.0,-0.005777145621741754,-0.0,4.405150985646219
2018-06-07 00:00:00-04:00,87.86766052246094,107.61013793945312,-0.8076830930366213,0.9527714694259686,-0.493,False,False,0.0,False,False,0.0,0.0,0.003380459603006868,0.0,4.405150985646219
2018-06-08 00:00:00-04:00,89.06253051757812,108.18094635009766,-0.8068492467467951,1.7768154426463667,-0.03,False,False,0.0,False,False,0.0,0.0,0.004672822065519874,0.0,4.405150985646219
2018-06-11 00:00:00-04:00,88.83494567871094,106.29639434814453,-0.8071914453223384,3.033405492278902,0.673,False,True,0.0,False,False,0.0,0.0,0.00719546115124473,0.0,4.405150985646219
2018-06-12 00:00:00-04:00,88.40414428710938,105.30880737304688,-0.8079350353893668,3.3214692753547297,0.799,False,False,0.0,False,False,0.0,0.0,0.0016604361313442657,0.0,4.405150985646219
2018-06-13 00:00:00-04:00,86.00626373291016,104.8648452758789,-0.8070721469139217,1.372767920310352,-0.342,False,False,0.0,False,True,0.0,0.0,-0.011419972462658419,-0.0,4.405150985646219
2018-06-14 00:00:00-04:00,87.50808715820312,104.42402648925781,-0.8075363889325644,3.1818858892694237,0.729,False,True,0.0,False,False,0.0,0.0,0.010528271077435137,0.0,4.405150985646219
2018-06-15 00:00:00-04:00,87.1798095703125,103.96049499511719,-0.8081614255117973,3.162947738146528,0.897,False,False,0.0,False,False,0.0,0.0,-0.00011062219240450548,-0.0,4.405150985646219
2018-06-18 00:00:00-04:00,86.94181823730469,105.85100555419922,-0.8073731918338991,1.4805540241830784,-0.19,False,False,0.0,False,False,0.0,0.0,-0.009758489755815208,-0.0,4.405150985646219
2018-06-19 00:00:00-04:00,87.20442962646484,105.57833862304688,-0.8068552623210556,2.0179915213451096,0.248,False,True,0.0,False,False,0.0,0.0,0.0031175520155674965,0.0,4.405150985646219
2018-06-20 00:00:00-04:00,87.66400909423828,106.260009765625,-0.8063427566070323,1.9820199027340522,0.289,False,False,0.0,False,False,0.0,0.0,-0.00020751340652099776,-0.0,4.405150985646219
2018-06-21 00:00:00-04:00,88.02511596679688,106.15093231201172,-0.8062247576715796,2.443606286932976,0.707,False,False,0.0,False,False,0.0,0.0,0.0026588062666363,0.0,4.405150985646219
2018-06-22 00:00:00-04:00,88.5421142578125,105.86919403076172,-0.8067459295542448,3.1325729083069263,1.345,False,False,0.0,False,False,0.0,0.0,0.003960678724031447,0.0,4.405150985646219
2018-06-25 00:00:00-04:00,88.67343139648438,104.0331802368164,-0.8085622781384099,4.556126182220311,2.488,False,False,0.0,True,False,-1.0,-1.0,0.008238597171561756,0.0,4.405150985646219
2018-06-26 00:00:00-04:00,89.6418228149414,104.49674224853516,-0.8108544379129877,4.910175615267079,2.481,False,False,0.0,False,False,-1.0,-1.0,0.002030408828918138,-0.002030408828918138,4.403120576817301
2018-06-27 00:00:00-04:00,89.97828674316406,102.89705657958984,-0.8142991179325629,6.189304332547039,2.947,False,False,0.0,False,False,-1.0,-1.0,0.007361160266309719,-0.007361160266309719,4.395759416550991
2018-06-28 00:00:00-04:00,90.59379577636719,104.0968246459961,-0.8173278154795858,5.512565490093692,2.256,False,False,0.0,False,False,-1.0,-1.0,-0.003852219963309075,0.003852219963309075,4.3996116365143
2018-06-29 00:00:00-04:00,91.57040405273438,104.61491394042969,-0.8204929250331467,5.734607311660298,2.179,False,False,0.0,False,False,-1.0,-1.0,0.0012516012437731835,-0.0012516012437731835,4.398360035270526
2018-07-02 00:00:00-04:00,91.85762786865234,105.35111999511719,-0.8231664153047095,5.136124073935434,1.668,False,False,0.0,False,False,-1.0,-1.0,-0.0033513615625202784,0.0033513615625202784,4.401711396833047
2018-07-03 00:00:00-04:00,92.31720733642578,105.62377166748047,-0.8257417833753532,5.0992457528893596,1.535,False,False,0.0,False,False,-1.0,-1.0,-0.0002054100111299941,0.0002054100111299941,4.401916806844177
2018-07-05 00:00:00-04:00,94.04882049560547,105.3420181274414,-0.8296294562171675,6.653979279717248,2.205,False,False,0.0,False,False,-1.0,-1.0,0.008568684693433977,-0.008568684693433977,4.393348122150743
2018-07-06 00:00:00-04:00,94.62329864501953,105.9691390991211,-0.8333975840665803,6.308874134196628,1.848,False,False,0.0,False,False,-1.0,-1.0,-0.0018864624505391316,0.0018864624505391316,4.395234584601282
2018-07-09 00:00:00-04:00,93.9503402709961,106.65084075927734,-0.8358643808580155,4.804701291755933,0.989,False,False,0.0,False,False,-1.0,-1.0,-0.008215215039675726,0.008215215039675726,4.403449799640958
2018-07-10 00:00:00-04:00,95.05823516845703,106.61448669433594,-0.8388533125208002,5.62431984220855,1.347,False,False,0.0,False,False,-1.0,-1.0,0.004442565975055606,-0.004442565975055606,4.399007233665902
2018-07-11 00:00:00-04:00,95.39472961425781,106.79625701904297,-0.8417976128474,5.493895394590055,1.2,False,False,0.0,False,False,-1.0,-1.0,-0.0007038724776778252,0.0007038724776778252,4.39971110614358
2018-07-12 00:00:00-04:00,95.41114044189453,108.523193359375,-0.8433661700420323,3.8863504976675216,0.306,False,False,0.0,False,False,-1.0,-1.0,-0.008599443101185007,0.008599443101185007,4.408310549244765
2018-07-13 00:00:00-04:00,95.39472961425781,107.22344207763672,-0.8454732443185263,4.740178173878704,0.724,False,False,0.0,False,False,-1.0,-1.0,0.004589255445499083,-0.004589255445499083,4.403721293799266
2018-07-16 00:00:00-04:00,94.91873931884766,106.9962387084961,-0.8472471458134554,4.26648146029919,0.418,False,False,0.0,False,False,-1.0,-1.0,-0.002552644113490886,0.002552644113490886,4.406273937912757
2018-07-17 00:00:00-04:00,95.14030456542969,107.487060546875,-0.8486807516105396,3.918105232100231,0.201,False,False,0.0,False,False,-1.0,-1.0,-0.0018693472179801402,0.0018693472179801402,4.408143285130738
2018-07-18 00:00:00-04:00,94.59867095947266,107.40522003173828,-0.8495858439772521,3.3487164512458207,-0.145,False,False,0.0,False,False,-1.0,-1.0,-0.0030637233900520306,0.0030637233900520306,4.411207008520789
2018-07-19 00:00:00-04:00,95.75582122802734,107.87786102294922,-0.8509368894602117,3.9585697275379204,0.181,False,False,0.0,False,False,-1.0,-1.0,0.0032516304180996423,-0.0032516304180996423,4.40795537810269
2018-07-20 00:00:00-04:00,95.1977767944336,107.70518493652344,-0.8519086823233343,3.442794615768875,-0.136,False,False,0.0,False,False,-1.0,-1.0,-0.002758852635297364,0.002758852635297364,4.410714230737987
2018-07-23 00:00:00-04:00,95.05823516845703,108.06874084472656,-0.8524053581281837,2.9398614262460114,-0.459,False,False,0.0,False,True,0.0,0.0,-0.0026869446585758676,0.0026869446585758676,4.413401175396563
2018-07-24 00:00:00-04:00,94.59046936035156,107.38703155517578,-0.8528909676045097,3.0010401090816714,-0.464,False,False,0.0,False,False,0.0,0.0,0.00032859982893900425,0.0,4.413401175396563
2018-07-25 00:00:00-04:00,96.03484344482422,109.03217315673828,-0.8533662384280786,2.9904679704195445,-0.554,False,False,0.0,False,False,0.0,0.0,-5.5913805454438326e-05,-0.0,4.413401175396563
2018-07-26 00:00:00-04:00,96.0184326171875,108.50499725341797,-0.8541340710650923,3.340617582218954,-0.392,False,False,0.0,False,False,0.0,0.0,0.0018556257273588056,0.0,4.413401175396563
2018-07-27 00:00:00-04:00,99.39140319824219,106.6326675415039,-0.858708091884134,7.82506872116214,2.432,False,True,0.0,True,False,-1.0,-1.0,0.02348399804865681,0.0,4.413401175396563
2018-07-30 00:00:00-04:00,99.0959701538086,102.79708099365234,-0.8656858894457065,10.105987661396341,3.158,False,False,0.0,False,False,-1.0,-1.0,0.01212700315012085,-0.01212700315012085,4.401274172246442
2018-07-31 00:00:00-04:00,99.64579010009766,102.68804168701172,-0.8729162530430778,10.007729518340014,2.658,False,False,0.0,False,False,-1.0,-1.0,-0.0005191047345157702,0.0005191047345157702,4.401793276980958
2018-08-01 00:00:00-04:00,99.73609924316406,102.30628967285156,-0.879950631518016,9.711615037273248,2.277,False,False,0.0,False,False,-1.0,-1.0,-0.0015604635888267291,0.0015604635888267291,4.403353740569784
2018-08-02 00:00:00-04:00,99.33393096923828,104.07864379882812,-0.8848876416615739,7.236025310758279,1.079,False,False,0.0,False,False,-1.0,-1.0,-0.012931964557856187,0.012931964557856187,4.416285705127641
2018-08-03 00:00:00-04:00,100.59778594970703,104.5149154663086,-0.8898588770932315,7.594260633363646,1.167,False,False,0.0,False,False,-1.0,-1.0,0.0018503765303173672,-0.0018503765303173672,4.414435328597324
2018-08-06 00:00:00-04:00,100.18745422363281,105.61470031738281,-0.8933480125799474,5.836771595872136,0.337,False,False,0.0,False,False,-1.0,-1.0,-0.009034161969146673,0.009034161969146673,4.42346949056647
2018-08-07 00:00:00-04:00,100.22846984863281,117.4031753540039,-0.8882192298488443,-4.051288146109357,-3.429,True,False,1.0,False,True,0.0,1.0,-0.04835042504771191,0.04835042504771191,4.471819915614182
2018-08-08 00:00:00-04:00,99.74427795410156,117.65766906738281,-0.8820185534298572,-4.031969116640283,-2.928,False,False,1.0,False,False,0.0,1.0,9.49242316799029e-05,9.49242316799029e-05,4.471914839845862
2018-08-09 00:00:00-04:00,99.97406005859375,117.91213989257812,-0.8763014360708913,-3.352517459464295,-2.415,False,False,1.0,False,False,0.0,1.0,0.00334210293324737,0.00334210293324737,4.47525694277911
2018-08-10 00:00:00-04:00,99.2682876586914,117.58494567871094,-0.8708732798691672,-3.1332996477654405,-2.13,False,False,1.0,False,False,0.0,1.0,0.0010870131780303758,0.0010870131780303758,4.476343955957139
2018-08-13 00:00:00-04:00,99.71144104003906,117.26686096191406,-0.8665363690892967,-1.904558872397331,-1.653,False,False,1.0,False,False,0.0,1.0,0.006103195717160887,0.006103195717160887,4.4824471516743
2018-08-14 00:00:00-04:00,99.44064331054688,118.24847412109375,-0.861887479778147,-2.4762360372940435,-1.672,False,False,1.0,False,False,0.0,1.0,-0.0028391150097063366,-0.0028391150097063366,4.479608036664594
2018-08-15 00:00:00-04:00,99.68683624267578,118.03031921386719,-0.8579639094954167,-1.5789178690457106,-1.348,False,False,1.0,False,False,0.0,1.0,0.0044653227244587125,0.0044653227244587125,4.484073359389052
2018-08-16 00:00:00-04:00,100.42542266845703,120.25714111328125,-0.8536163886380264,-2.2280438365956314,-1.413,False,False,1.0,False,False,0.0,1.0,-0.0031964226818047563,-0.0031964226818047563,4.480876936707248
2018-08-17 00:00:00-04:00,101.7877426147461,121.09333038330078,-0.8501152543325896,-1.1555447420339533,-1.085,False,False,1.0,False,False,0.0,1.0,0.005238576168501866,0.005238576168501866,4.48611551287575
2018-08-20 00:00:00-04:00,101.59901428222656,121.17514038085938,-0.8468482549182716,-1.017941888780797,-0.995,False,False,1.0,False,False,0.0,1.0,0.0006738104416993568,0.0006738104416993568,4.486789323317449
2018-08-21 00:00:00-04:00,100.81936645507812,120.74798583984375,-0.8436066615791666,-1.0444387716809445,-0.948,False,False,1.0,False,False,0.0,1.0,-0.00013073055192633907,-0.00013073055192633907,4.486658592765522
2018-08-22 00:00:00-04:00,100.14639282226562,120.6297836303711,-0.8402492406224923,-1.2126912696092376,-0.931,False,False,1.0,False,False,0.0,1.0,-0.0008349772944384228,-0.0008349772944384228,4.485823615471084
2018-08-23 00:00:00-04:00,100.38439178466797,121.0842514038086,-0.8370830406670634,-0.9731815573272655,-0.825,False,False,1.0,False,False,0.0,1.0,0.0011872081851269588,0.0011872081851269588,4.487010823656211
2018-08-24 00:00:00-04:00,101.46769714355469,122.09314727783203,-0.8344006900176727,-0.40690919149768945,-0.654,False,False,1.0,False,False,0.0,1.0,0.0027848232076762704,0.0027848232076762704,4.489795646863888
2018-08-27 00:00:00-04:00,101.11479949951172,121.6750259399414,-0.8320125216094748,-0.12034564967719064,-0.549,False,False,1.0,False,False,0.0,1.0,0.001416178009428178,0.001416178009428178,4.491211824873316
2018-08-28 00:00:00-04:00,102.00931549072266,120.9842758178711,-0.8309273335645562,1.4801737821402128,-0.145,False,False,1.0,False,False,0.0,1.0,0.007902298921149749,0.007902298921149749,4.499114123794465
2018-08-29 00:00:00-04:00,101.85340881347656,123.02021789550781,-0.8287504788867117,-0.09965568017315718,-0.493,False,False,1.0,False,True,0.0,1.0,-0.007751615719941559,-0.007751615719941559,4.491362508074523
2018-08-30 00:00:00-04:00,101.51692199707031,122.38398742675781,-0.8267968696235785,0.3302243005755656,-0.361,False,False,1.0,False,False,0.0,1.0,0.0021207316445487705,0.0021207316445487705,4.4934832397190725
2018-08-31 00:00:00-04:00,101.99292755126953,122.82935333251953,-0.8251190878104299,0.6440835731960277,-0.262,False,False,1.0,False,False,0.0,1.0,0.0015435061387530549,0.0015435061387530549,4.4950267458578255
2018-09-04 00:00:00-04:00,101.32818603515625,124.17455291748047,-0.8223618150769053,-0.7882246884262116,-0.572,False,False,1.0,False,False,0.0,1.0,-0.0070402865666704725,-0.0070402865666704725,4.487986459291156
2018-09-05 00:00:00-04:00,101.3199691772461,123.2837905883789,-0.8202596164013058,0.1952544007234991,-0.314,False,False,1.0,False,False,0.0,1.0,0.004858013902574509,0.004858013902574509,4.492844473193729
2018-09-06 00:00:00-04:00,101.93547058105469,124.50172424316406,-0.8181416898196109,0.0754195232972279,-0.317,False,False,1.0,False,False,0.0,1.0,-0.0005880152638420346,-0.0005880152638420346,4.492256457929887
2018-09-07 00:00:00-04:00,100.65522766113281,123.79275512695312,-0.8157208546966002,-0.3251043562723197,-0.387,False,False,1.0,False,False,0.0,1.0,-0.0019863752217520155,-0.0019863752217520155,4.490270082708136
2018-09-10 00:00:00-04:00,101.24610137939453,124.36537170410156,-0.8135737880683145,0.06569481756464768,-0.273,False,False,1.0,False,False,0.0,1.0,0.001930573114220979,0.001930573114220979,4.492200655822357
2018-09-11 00:00:00-04:00,100.97528076171875,124.25630950927734,-0.8115184135269407,0.13899759803749134,-0.235,False,False,1.0,False,False,0.0,1.0,0.00036322388592132494,0.00036322388592132494,4.492563879708278
2018-09-12 00:00:00-04:00,100.86860656738281,124.35628509521484,-0.8095238524846458,0.19922757642555666,-0.201,False,False,1.0,False,False,0.0,1.0,0.0002988517436115302,0.0002988517436115302,4.49286273145189
2018-09-13 00:00:00-04:00,101.49747467041016,124.39265441894531,-0.8081306817450061,0.9719540507569349,0.004,False,False,1.0,False,False,0.0,1.0,0.003824943161652971,0.003824943161652971,4.496687674613543
2018-09-14 00:00:00-04:00,100.86032104492188,125.17430877685547,-0.806036180324997,-0.034700676396454355,-0.194,False,False,1.0,False,False,0.0,1.0,-0.004989482376780126,-0.004989482376780126,4.491698192236763
2018-09-17 00:00:00-04:00,101.27406311035156,122.94418334960938,-0.8055968564604705,2.230615483806531,0.489,False,True,0.0,False,False,0.0,0.0,0.011308627747368146,0.011308627747368146,4.503006819984131
2018-09-18 00:00:00-04:00,101.62158966064453,123.45497131347656,-0.8053107881564099,2.201969410361741,0.615,False,False,0.0,False,False,0.0,0.0,-0.00014248856469517777,-0.0,4.503006819984131
2018-09-19 00:00:00-04:00,100.6865463256836,121.00138092041016,-0.8057878272415808,3.185106500595424,1.142,False,False,0.0,False,False,0.0,0.0,0.004960629094266895,0.0,4.503006819984131
2018-09-20 00:00:00-04:00,100.8189468383789,121.3023681640625,-0.8062221054696012,3.022296178699719,1.242,False,False,0.0,False,False,0.0,0.0,-0.0008197257614538402,-0.0,4.503006819984131
2018-09-21 00:00:00-04:00,100.05767822265625,120.99224853515625,-0.8062599013094492,2.5064798594928135,1.272,False,False,0.0,False,False,0.0,0.0,-0.0026102892143253045,-0.0,4.503006819984131
2018-09-24 00:00:00-04:00,95.92032623291016,121.7310791015625,-0.8029598247144848,-1.8248397047855462,-0.752,False,False,0.0,False,True,0.0,0.0,-0.022364952660036966,-0.0,4.503006819984131
2018-09-25 00:00:00-04:00,93.95921325683594,122.36043548583984,-0.797899050954922,-3.672062091746625,-1.772,True,False,1.0,False,False,0.0,1.0,-0.009641514045957896,-0.0,4.503006819984131
2018-09-26 00:00:00-04:00,92.27945709228516,120.66386413574219,-0.7928691033722735,-3.3911926744545724,-1.661,False,False,1.0,False,False,0.0,1.0,0.0014943828550346252,0.0014943828550346252,4.504501202839165
2018-09-27 00:00:00-04:00,92.34563446044922,119.70616912841797,-0.788834787232826,-2.082755994423053,-0.984,False,False,1.0,False,False,0.0,1.0,0.007005453143844444,0.007005453143844444,4.51150665598301
2018-09-28 00:00:00-04:00,93.07384490966797,120.3537826538086,-0.7853820013068117,-1.4498497758252569,-0.673,False,False,1.0,False,False,0.0,1.0,0.003373744772791897,0.003373744772791897,4.514880400755802
2018-10-01 00:00:00-04:00,92.09741973876953,118.63899993896484,-0.7825299442414535,-0.7411502683304292,-0.278,False,False,1.0,False,False,0.0,1.0,0.0038321340722738163,0.0038321340722738163,4.518712534828076
2018-10-02 00:00:00-04:00,91.96502685546875,118.19205474853516,-0.7801201265268076,-0.2389738494218676,-0.018,False,False,1.0,False,False,0.0,1.0,0.002726714831265419,0.002726714831265419,4.521439249659341
2018-10-03 00:00:00-04:00,90.69070434570312,118.31974792480469,-0.7769847854000903,-1.241939604244024,-0.644,False,False,1.0,False,True,0.0,1.0,-0.005491990833496536,-0.005491990833496536,4.515947258825844
2018-10-04 00:00:00-04:00,90.62450408935547,116.35869598388672,-0.7750562432916979,0.43997030576345253,0.355,False,True,0.0,False,False,0.0,0.0,0.009302134062509286,0.009302134062509286,4.5252493928883535
2018-10-05 00:00:00-04:00,90.84793853759766,115.74758911132812,-0.7738915206690912,1.2718607864507874,0.832,False,False,0.0,False,False,0.0,0.0,0.00461075248073408,0.0,4.5252493928883535
2018-10-08 00:00:00-04:00,91.64229583740234,114.16048431396484,-0.7743262516488607,3.244835932151389,1.892,False,False,0.0,True,False,-1.0,-1.0,0.010958552668338147,0.0,4.5252493928883535
2018-10-09 00:00:00-04:00,92.43667602539062,114.55271911621094,-0.7752362896582011,3.631251087481175,1.931,False,False,0.0,False,False,-1.0,-1.0,0.0021320386007224203,-0.0021320386007224203,4.523117354287631
2018-10-10 00:00:00-04:00,90.93067169189453,108.4050521850586,-0.7784543301507402,6.542289408218707,2.966,False,False,0.0,False,False,-1.0,-1.0,0.016604232424977425,-0.016604232424977425,4.506513121862653
2018-10-11 00:00:00-04:00,88.95301055908203,105.55924224853516,-0.7818551928038937,6.420968858620654,2.526,False,False,0.0,False,False,-1.0,-1.0,-0.0007074701147388284,0.0007074701147388284,4.507220591977392
2018-10-12 00:00:00-04:00,88.89511108398438,107.03688049316406,-0.7841610271752791,4.960960930827241,1.735,False,False,0.0,False,False,-1.0,-1.0,-0.008447689455723096,0.008447689455723096,4.515668281433115
2018-10-15 00:00:00-04:00,88.77099609375,105.57747650146484,-0.7869315382760204,5.688750103151875,1.863,False,False,0.0,False,False,-1.0,-1.0,0.004234945838074003,-0.004234945838074003,4.511433335595042
2018-10-16 00:00:00-04:00,91.01341247558594,108.2226333618164,-0.7896703944662232,5.553202898586932,1.683,False,False,0.0,False,False,-1.0,-1.0,-0.0007680876211888124,0.0007680876211888124,4.51220142321623
2018-10-17 00:00:00-04:00,91.791259765625,108.36856079101562,-0.7926869361820476,5.888917333736856,1.671,False,False,0.0,False,False,-1.0,-1.0,0.0018892882523522997,-0.0018892882523522997,4.510312134963877
2018-10-18 00:00:00-04:00,92.46975708007812,108.16790008544922,-0.7961227207485597,6.3548341663919246,1.697,False,False,0.0,False,False,-1.0,-1.0,0.0026089406586910866,-0.0026089406586910866,4.507703194305186
2018-10-19 00:00:00-04:00,93.15657806396484,106.68115234375,-0.8007307743002837,7.733696344507379,1.974,False,False,0.0,False,False,-1.0,-1.0,0.007721280934479878,-0.007721280934479878,4.499981913370707
2018-10-22 00:00:00-04:00,93.12348937988281,107.8851318359375,-0.8043776481068534,6.34310076799359,1.421,False,False,0.0,False,False,-1.0,-1.0,-0.007729658704618853,0.007729658704618853,4.507711572075326
2018-10-23 00:00:00-04:00,93.64479064941406,106.6081771850586,-0.8087935854075545,7.420780790146665,1.631,False,False,0.0,True,False,-1.0,-1.0,0.0059914783392412746,-0.0059914783392412746,4.501720093736084
2018-10-24 00:00:00-04:00,95.72173309326172,102.59488677978516,-0.8169621038806085,11.905598542255603,2.591,False,False,0.0,False,False,-1.0,-1.0,0.02497978733375096,-0.02497978733375096,4.476740306402333
2018-10-25 00:00:00-04:00,96.64850616455078,106.37103271484375,-0.8233324207047209,9.069786306577413,1.676,False,False,0.0,False,False,-1.0,-1.0,-0.015393013817249118,0.015393013817249118,4.492133320219582
2018-10-26 00:00:00-04:00,87.72008514404297,104.15458679199219,-0.8236380556591832,1.9344037907008698,-0.222,False,False,0.0,False,True,0.0,0.0,-0.04112475717620648,0.04112475717620648,4.533258077395789
2018-10-29 00:00:00-04:00,87.86077880859375,103.3427963256836,-0.8238402163309784,2.722827127394339,-0.033,False,False,0.0,False,False,0.0,0.0,0.004557393770817215,0.0,4.533258077395789
2018-10-30 00:00:00-04:00,86.03205871582031,104.20929718017578,-0.8220775310998732,0.36393697228842825,-0.666,False,False,0.0,False,True,0.0,0.0,-0.013738425602088098,-0.0,4.533258077395789
2018-10-31 00:00:00-04:00,85.44457244873047,106.66289520263672,-0.8182337373188475,-1.8306069261715407,-1.209,False,False,0.0,False,False,0.0,0.0,-0.012705807386180481,-0.0,4.533258077395789
2018-11-01 00:00:00-04:00,87.48013305664062,106.45310974121094,-0.816142869512067,0.5991866039657481,-0.577,False,False,0.0,False,False,0.0,0.0,0.013935412289113944,0.0,4.533258077395789
2018-11-02 00:00:00-04:00,88.97785949707031,106.08827209472656,-0.8157993604767155,2.4311149681125954,-0.095,False,False,0.0,False,False,0.0,0.0,0.010436875071230447,0.0,4.533258077395789
2018-11-05 00:00:00-05:00,91.41888427734375,106.33454895019531,-0.8174059635471901,4.5003898343534985,0.431,False,True,0.0,False,False,0.0,0.0,0.011603147254316822,0.0,4.533258077395789
2018-11-06 00:00:00-05:00,92.01465606689453,96.01850128173828,-0.8260839229264657,12.695315854556299,2.297,False,False,0.0,True,False,-1.0,-1.0,0.04783012244019023,0.0,4.533258077395789
2018-11-07 00:00:00-05:00,92.61045837402344,99.12882995605469,-0.833487586816911,9.9878091099675,1.537,False,False,0.0,False,False,-1.0,-1.0,-0.015450885857601704,0.015450885857601704,4.548708963253391
2018-11-08 00:00:00-05:00,92.67665100097656,98.07077026367188,-0.8409465861102801,10.204371550536123,1.482,False,False,0.0,False,False,-1.0,-1.0,0.001236447405133846,-0.001236447405133846,4.547472515848257
2018-11-09 00:00:00-05:00,91.53474426269531,97.78800964355469,-0.8471728853812295,8.691393977277599,1.08,False,False,0.0,False,False,-1.0,-1.0,-0.008676419920628708,0.008676419920628708,4.556148935768886
2018-11-12 00:00:00-05:00,92.31255340576172,96.90324401855469,-0.8540064441890247,9.556558551094454,1.215,False,False,0.0,False,False,-1.0,-1.0,0.004941861815920535,-0.004941861815920535,4.551207073952965
2018-11-13 00:00:00-05:00,92.79248046875,96.15531158447266,-0.8613172689416204,9.972250100581462,1.252,False,False,0.0,False,False,-1.0,-1.0,0.0023670926068275126,-0.0023670926068275126,4.548839981346138
2018-11-14 00:00:00-05:00,92.3622055053711,96.2282943725586,-0.8677759211580692,8.857608714754207,0.939,False,False,0.0,False,False,-1.0,-1.0,-0.006337986312796474,0.006337986312796474,4.555177967658935
2018-11-15 00:00:00-05:00,92.03947448730469,96.58402252197266,-0.8731548546381714,7.706666341761775,0.615,False,False,0.0,False,False,-1.0,-1.0,-0.006525641987569766,0.006525641987569766,4.561703609646504
2018-11-16 00:00:00-05:00,92.18843841552734,95.51683044433594,-0.8788711827202753,8.241448673221825,0.702,False,False,0.0,False,False,-1.0,-1.0,0.0030361996848290982,-0.0030361996848290982,4.558667409961675
2018-11-19 00:00:00-05:00,92.70146179199219,92.26970672607422,-0.8869447636713395,10.863328565810491,1.305,False,False,0.0,False,False,-1.0,-1.0,0.015021691165925208,-0.015021691165925208,4.54364571879575
2018-11-20 00:00:00-05:00,89.36676025390625,89.76139831542969,-0.8938816666035726,9.130691931042847,0.811,False,False,0.0,False,False,-1.0,-1.0,-0.010215847514496949,0.010215847514496949,4.553861566310246
2018-11-21 00:00:00-05:00,90.36798095703125,91.39407348632812,-0.899832617670127,8.128612572292667,0.494,False,False,0.0,False,False,-1.0,-1.0,-0.0058055428263718975,0.0058055428263718975,4.559667109136619
2018-11-23 00:00:00-05:00,90.50868225097656,90.25391387939453,-0.9062011517753887,8.720481541232502,0.616,False,False,0.0,False,False,-1.0,-1.0,0.0034351693354473874,-0.0034351693354473874,4.556231939801171
2018-11-26 00:00:00-05:00,91.60091400146484,90.21743774414062,-0.9131226312200319,9.221329866605743,0.715,False,False,0.0,False,False,-1.0,-1.0,0.0028787613022052427,-0.0028787613022052427,4.553353178498966
2018-11-27 00:00:00-05:00,92.31255340576172,90.01677703857422,-0.9203856434454888,9.462404150224486,0.739,False,False,0.0,False,False,-1.0,-1.0,0.001376287759643067,-0.001376287759643067,4.551976890739322
2018-11-28 00:00:00-05:00,93.68617248535156,93.43721008300781,-0.9256962505922336,7.191697445712393,0.067,False,False,0.0,False,False,-1.0,-1.0,-0.012602389522421662,0.012602389522421662,4.564579280261745
2018-11-29 00:00:00-05:00,94.07506561279297,92.82608795166016,-0.9311296731354469,7.6419406799214045,0.189,False,False,0.0,False,False,-1.0,-1.0,0.0024943091659605896,-0.0024943091659605896,4.562084971095784
2018-11-30 00:00:00-05:00,95.19216918945312,96.5657730102539,-0.9341811344856916,4.982245806246354,-0.591,False,False,0.0,False,True,0.0,0.0,-0.014345549377403625,0.014345549377403625,4.576430520473187
2018-12-03 00:00:00-05:00,95.89550018310547,95.45299530029297,-0.9381105134831573,6.350041748442223,-0.196,False,False,0.0,False,False,0.0,0.0,0.007375910653132314,0.0,4.576430520473187
2018-12-04 00:00:00-05:00,94.00060272216797,94.03009033203125,-0.9413826058887572,5.482311253445161,-0.45,False,False,0.0,False,True,0.0,0.0,-0.004754195442853877,-0.0,4.576430520473187
2018-12-06 00:00:00-05:00,96.73126220703125,91.86837005615234,-0.9483171871918469,9.610907923481165,0.725,False,True,0.0,False,False,0.0,0.0,0.022456134728886162,0.0,4.576430520473187
2018-12-07 00:00:00-05:00,95.75484466552734,89.97115325927734,-0.9559531181654376,9.746640162380686,0.73,False,False,0.0,False,False,0.0,0.0,0.0007467537517681249,0.0,4.576430520473187
2018-12-10 00:00:00-05:00,96.27613067626953,90.6461181640625,-0.9630324730950001,8.980975324270815,0.496,False,False,0.0,False,False,0.0,0.0,-0.004170940100032667,-0.0,4.576430520473187
2018-12-11 00:00:00-05:00,96.6402359008789,90.1080093383789,-0.9702599828808943,9.21204030279192,0.537,False,False,0.0,False,False,0.0,0.0,0.0012553210598874596,0.0,4.576430520473187
2018-12-12 00:00:00-05:00,95.6555404663086,91.20252990722656,-0.9752337963655454,6.7117509867418335,-0.176,False,False,0.0,False,False,0.0,0.0,-0.013544411655140745,-0.0,4.576430520473187
2018-12-13 00:00:00-05:00,96.29830169677734,89.7406234741211,-0.9812713077710785,8.238402740134589,0.301,False,True,0.0,False,False,0.0,0.0,0.008280899618144726,0.0,4.576430520473187
2018-12-14 00:00:00-05:00,95.43016815185547,88.5674057006836,-0.987264505835368,7.990712129649523,0.239,False,False,0.0,False,False,0.0,0.0,-0.0013544655740600493,-0.0,4.576430520473187
2018-12-17 00:00:00-05:00,89.74542999267578,86.88094329833984,-0.9893672228588654,3.7882724022387464,-1.045,False,False,0.0,False,True,0.0,0.0,-0.023917915980735865,-0.0,4.576430520473187
2018-12-18 00:00:00-05:00,90.98921203613281,87.99915313720703,-0.9908632921734336,3.7940814501257165,-1.066,False,False,0.0,False,False,0.0,0.0,3.2601337477159054e-05,0.0,4.576430520473187
2018-12-19 00:00:00-05:00,90.58019256591797,88.17328643798828,-0.9916565213203764,3.1425780634373837,-1.351,False,False,0.0,False,False,0.0,0.0,-0.003659765264033447,-0.0,4.576430520473187
2018-12-20 00:00:00-05:00,88.56838989257812,87.67835998535156,-0.9909662614538729,1.6820932874874472,-2.027,True,False,1.0,False,False,0.0,1.0,-0.008323999803615057,-0.0,4.576430520473187
2018-12-21 00:00:00-05:00,88.56838989257812,86.09269714355469,-0.9914698834343257,3.2100734911112454,-1.608,False,False,1.0,False,False,0.0,1.0,0.008785195995378393,0.008785195995378393,4.585215716468566
2018-12-24 00:00:00-05:00,85.48810577392578,84.13124084472656,-0.9911269671677003,2.103364191436583,-2.001,False,False,1.0,False,False,0.0,1.0,-0.006553506481352177,-0.006553506481352177,4.578662209987213
2018-12-26 00:00:00-05:00,87.3830337524414,87.54086303710938,-0.9893760720561809,0.7721985363780135,-2.288,False,False,1.0,False,False,0.0,1.0,-0.007650646904687936,-0.007650646904687936,4.571011563082525
2018-12-27 00:00:00-05:00,87.49153900146484,87.86167907714844,-0.9873555823528787,0.7408196897452086,-2.13,False,False,1.0,False,False,0.0,1.0,-0.00018008746521411744,-0.00018008746521411744,4.570831475617311
2018-12-28 00:00:00-05:00,88.54334259033203,87.19258117675781,-0.9869534822001381,2.4883209759126856,-1.441,False,False,1.0,False,False,0.0,1.0,0.010008692201252146,0.010008692201252146,4.580840167818564
2018-12-31 00:00:00-05:00,88.94404602050781,88.21912384033203,-0.98629289618331,1.9341508692726421,-1.517,True,False,1.0,False,False,0.0,1.0,-0.003149518009938384,-0.003149518009938384,4.577690649808625
2019-01-02 00:00:00-05:00,86.13922882080078,87.14674377441406,-0.9841004867346107,0.37807585506349994,-1.85,False,False,1.0,False,False,0.0,1.0,-0.009052190565472044,-0.009052190565472044,4.568638459243154
2019-01-03 00:00:00-05:00,85.70516204833984,85.83605194091797,-0.9825899832651637,1.3635172081655327,-1.444,False,False,1.0,False,False,0.0,1.0,0.005795118244990666,0.005795118244990666,4.5744335774881435
2019-01-04 00:00:00-05:00,87.49153900146484,88.79656219482422,-0.9803046535274289,0.443855864640895,-1.606,True,False,1.0,False,False,0.0,1.0,-0.0052690812543898175,-0.0052690812543898175,4.569164496233754
2019-01-07 00:00:00-05:00,88.65187072753906,89.04402923583984,-0.9788906131750409,1.487506349291536,-1.217,False,False,1.0,False,False,0.0,1.0,0.005936030219408854,0.005936030219408854,4.575100526453163
2019-01-08 00:00:00-05:00,89.60350799560547,90.15308380126953,-0.9776068266700393,1.4692378261282357,-1.151,False,False,1.0,False,False,0.0,1.0,-0.00010278356887263661,-0.00010278356887263661,4.574997742884291
2019-01-09 00:00:00-05:00,85.00396728515625,90.29972076416016,-0.9722535752633633,-2.7902590730818275,-2.145,True,False,1.0,False,False,0.0,1.0,-0.02465012399377529,-0.02465012399377529,4.550347618890516
2019-01-10 00:00:00-05:00,87.7169418334961,90.84966278076172,-0.968623344072908,-0.282162337101326,-1.387,False,False,1.0,False,False,0.0,1.0,0.01427357827026265,0.01427357827026265,4.564621197160778
2019-01-11 00:00:00-05:00,89.0191879272461,90.53802490234375,-0.9669721825975929,1.4714363793515446,-0.854,False,False,1.0,False,False,0.0,1.0,0.009931636815281406,0.009931636815281406,4.5745528339760595
2019-01-14 00:00:00-05:00,88.91062927246094,90.64801025390625,-0.9655723314013006,1.38341867470767,-0.827,False,False,1.0,False,False,0.0,1.0,-0.0004988595683818136,-0.0004988595683818136,4.574053974407677
2019-01-15 00:00:00-05:00,89.561767578125,91.69288635253906,-0.9640102234585745,1.1688877158521507,-0.836,False,False,1.0,False,False,0.0,1.0,-0.0012055372643604149,-0.0012055372643604149,4.572848437143318
2019-01-16 00:00:00-05:00,89.26958465576172,91.07879638671875,-0.962814944865784,1.5775583342411323,-0.675,False,False,1.0,False,False,0.0,1.0,0.0023093744238203468,0.0023093744238203468,4.575157811567138
2019-01-17 00:00:00-05:00,89.00247955322266,91.75706481933594,-0.960965569441341,0.8270995088434603,-0.844,False,False,1.0,False,False,0.0,1.0,-0.004235624175063856,-0.004235624175063856,4.570922187392074
2019-01-18 00:00:00-05:00,89.52835845947266,92.8569107055664,-0.9587027387942082,0.5061838500769085,-0.885,False,False,1.0,False,False,0.0,1.0,-0.0017973380042655602,-0.0017973380042655602,4.5691248493878085
2019-01-22 00:00:00-05:00,87.73363494873047,91.32627868652344,-0.9562779548347412,0.40032794371421687,-0.865,False,False,1.0,False,False,0.0,1.0,-0.0006046595958171194,-0.0006046595958171194,4.568520189791991
2019-01-23 00:00:00-05:00,86.84043884277344,91.48208618164062,-0.9531128657464324,-0.35231448227216333,-1.033,False,False,1.0,False,False,0.0,1.0,-0.0043247062046682,-0.0043247062046682,4.564195483587323
2019-01-24 00:00:00-05:00,86.89051818847656,92.38949584960938,-0.9493801111276193,-0.8222316482503089,-1.106,False,False,1.0,False,False,0.0,1.0,-0.0026913423287719595,-0.0026913423287719595,4.561504141258551
2019-01-25 00:00:00-05:00,86.95731353759766,93.34271240234375,-0.9451381284406829,-1.2644429659304421,-1.164,False,False,1.0,False,False,0.0,1.0,-0.002524338767047444,-0.002524338767047444,4.558979802491503
2019-01-28 00:00:00-05:00,88.23448944091797,92.16033172607422,-0.9432557611095567,1.3037255945306043,-0.358,False,False,1.0,False,False,0.0,1.0,0.014661404087080825,0.014661404087080825,4.573641206578584
2019-01-29 00:00:00-05:00,89.02752685546875,91.5645751953125,-0.9430610773489168,2.676539924781437,0.155,False,False,1.0,False,False,0.0,1.0,0.007827722453645283,0.007827722453645283,4.58146892903223
2019-01-30 00:00:00-05:00,89.67862701416016,92.38949584960938,-0.9430266060075918,2.5528743123505393,0.195,False,False,1.0,False,False,0.0,1.0,-0.0006994488068087595,-0.0006994488068087595,4.58076948022542
2019-01-31 00:00:00-05:00,90.43827819824219,92.41697692871094,-0.9436564088616092,3.2284056318486307,0.589,False,True,0.0,False,False,0.0,0.0,0.003802636371898383,0.003802636371898383,4.58457211659732
2019-02-01 00:00:00-05:00,90.62191009521484,94.38758850097656,-0.9428812782420569,1.625619999228789,-0.04,False,False,0.0,False,False,0.0,0.0,-0.008923291909804797,-0.0,4.58457211659732
2019-02-04 00:00:00-05:00,91.22294616699219,94.7908706665039,-0.9421518477236823,1.9155522212089267,0.213,False,True,0.0,False,False,0.0,0.0,0.001606002746125776,0.0,4.58457211659732
2019-02-05 00:00:00-05:00,92.516845703125,95.6432876586914,-0.9419145407669093,2.429042330651285,0.743,False,False,0.0,False,False,0.0,0.0,0.002812031961079875,0.0,4.58457211659732
2019-02-06 00:00:00-05:00,90.07096862792969,94.90087127685547,-0.9402665712815141,0.8388517808124618,-0.319,False,False,0.0,False,True,0.0,0.0,-0.008868729423287728,-0.0,4.58457211659732
2019-02-07 00:00:00-05:00,91.86571502685547,88.80571746826172,-0.9450272121394246,7.94189542578269,3.765,False,True,0.0,True,False,-1.0,-1.0,0.04040652169655238,0.0,4.58457211659732
2019-02-08 00:00:00-05:00,93.76062774658203,89.39231872558594,-0.9515431806377161,8.699976461857517,3.359,False,False,0.0,False,False,-1.0,-1.0,0.004239322300910894,-0.004239322300910894,4.5803327942964085
2019-02-11 00:00:00-05:00,94.52024841308594,90.10723114013672,-0.9578983160352569,8.206683441349313,2.676,False,False,0.0,False,False,-1.0,-1.0,-0.0027278804294109224,0.0027278804294109224,4.58306067472582
2019-02-12 00:00:00-05:00,93.16793823242188,91.08795166015625,-0.9617565201779305,5.5635068136144525,1.504,False,False,0.0,False,False,-1.0,-1.0,-0.014621574264000835,0.014621574264000835,4.59768224898982
2019-02-13 00:00:00-05:00,93.65211486816406,91.41793060302734,-0.9650818081925034,5.4263331005776365,1.368,False,False,0.0,False,False,-1.0,-1.0,-0.0007542077161335103,0.0007542077161335103,4.5984364567059535
2019-02-14 00:00:00-05:00,95.0044174194336,91.1612777709961,-0.9694505760364979,6.628064172118243,1.694,False,False,0.0,True,False,-1.0,-1.0,0.006553201119022823,-0.006553201119022823,4.5918832555869304
2019-02-15 00:00:00-05:00,96.02283477783203,91.97702026367188,-0.9738282320341008,6.453015746695783,1.515,False,False,0.0,False,False,-1.0,-1.0,-0.0009431861759067183,0.0009431861759067183,4.592826441762837
2019-02-19 00:00:00-05:00,97.17481231689453,91.50041961669922,-0.9792574982700439,7.572340312386402,1.771,False,False,0.0,False,False,-1.0,-1.0,0.005992830283175694,-0.005992830283175694,4.586833611479662
2019-02-20 00:00:00-05:00,98.91112518310547,91.8028793334961,-0.9856613315821237,8.424576896178692,1.885,False,False,0.0,False,False,-1.0,-1.0,0.004499720446286986,-0.004499720446286986,4.582333891033374
2019-02-21 00:00:00-05:00,97.14140319824219,91.28960418701172,-0.9906077110791442,6.70921734922544,1.248,False,False,0.0,False,False,-1.0,-1.0,-0.009144995069220908,0.009144995069220908,4.591478886102595
2019-02-22 00:00:00-05:00,98.91112518310547,92.42613220214844,-0.9955014911351832,6.9007727560091325,1.231,False,False,0.0,False,False,-1.0,-1.0,0.001003320365950575,-0.001003320365950575,4.590475565736645
2019-02-25 00:00:00-05:00,97.75914764404297,91.2529525756836,-1.0000083307733407,6.505434860694791,1.044,False,False,0.0,False,False,-1.0,-1.0,-0.0020915925742852268,0.0020915925742852268,4.5925671583109295
2019-02-26 00:00:00-05:00,96.03119659423828,92.44447326660156,-1.0015734906387286,3.4412628143495283,0.079,False,False,0.0,False,False,-1.0,-1.0,-0.016245115487684366,0.016245115487684366,4.608812273798614
2019-02-27 00:00:00-05:00,95.28824615478516,93.54435729980469,-1.0009760882156011,1.6525813101841464,-0.478,False,False,0.0,False,True,0.0,0.0,-0.009467734892335536,0.009467734892335536,4.61828000869095
2019-02-28 00:00:00-05:00,94.42842864990234,92.80194854736328,-1.0000038584098299,1.6261220345885619,-0.555,False,False,0.0,False,False,0.0,0.0,-0.00014131908181690622,-0.0,4.61828000869095
2019-03-01 00:00:00-05:00,95.70561218261719,93.02191162109375,-0.9999672639550946,2.686745730999448,-0.242,False,False,0.0,False,False,0.0,0.0,0.005619958280380101,0.0,4.61828000869095
2019-03-04 00:00:00-05:00,94.66215515136719,91.33543395996094,-1.0006280428404617,3.269358626027241,-0.065,False,False,0.0,False,False,0.0,0.0,0.003131402253889772,0.0,4.61828000869095
2019-03-05 00:00:00-05:00,94.44512176513672,91.19795227050781,-1.0012723281987086,3.1311357682906618,-0.13,False,False,0.0,False,False,0.0,0.0,-0.0007440973387624545,-0.0,4.61828000869095
2019-03-06 00:00:00-05:00,93.96096801757812,90.60218811035156,-1.0019610542981168,3.181104096813968,-0.134,False,False,0.0,False,False,0.0,0.0,0.000270477987995546,0.0,4.61828000869095
2019-03-07 00:00:00-05:00,94.0361099243164,90.39137268066406,-1.0028510116252292,3.3870303893193494,-0.082,False,False,0.0,False,False,0.0,0.0,0.0011150124875105242,0.0,4.61828000869095
2019-03-08 00:00:00-05:00,93.48516082763672,90.68468475341797,-1.002970424230915,2.5311040892543133,-0.4,False,False,0.0,False,True,0.0,0.0,-0.004640695787806959,-0.0,4.61828000869095
2019-03-11 00:00:00-04:00,95.11296081542969,91.18878936767578,-1.003937293508362,3.5651344193411774,-0.071,False,False,0.0,False,False,0.0,0.0,0.005539622678838984,0.0,4.61828000869095
2019-03-12 00:00:00-04:00,95.83084106445312,92.05952453613281,-1.0048195053428477,3.3276351579583974,-0.191,False,False,0.0,False,False,0.0,0.0,-0.0012610532466252175,-0.0,4.61828000869095
2019-03-13 00:00:00-04:00,96.8075180053711,94.84587860107422,-1.004039913458311,1.578470262871079,-0.871,False,False,0.0,False,True,0.0,0.0,-0.009108499145854515,-0.0,4.61828000869095
2019-03-14 00:00:00-04:00,97.21197509765625,95.41221618652344,-1.0029364437151471,1.5195863085636319,-0.954,False,False,0.0,False,False,0.0,0.0,-0.0003052494672542345,-0.0,4.61828000869095
2019-03-15 00:00:00-04:00,97.09400939941406,95.35694885253906,-1.0018247629857973,1.5630567161703226,-1.021,False,False,0.0,False,False,0.0,0.0,0.00022567380227717858,0.0,4.61828000869095
2019-03-18 00:00:00-04:00,97.43103790283203,95.15435028076172,-1.0012695982879267,2.155879821865085,-0.797,False,False,0.0,False,False,0.0,0.0,0.0030763053708174576,0.0,4.61828000869095
2019-03-19 00:00:00-04:00,97.43103790283203,94.82284545898438,-1.0011274011850282,2.501289055509446,-0.651,False,False,0.0,False,False,0.0,0.0,0.0017956322568642396,0.0,4.61828000869095
2019-03-20 00:00:00-04:00,98.22309875488281,93.70858001708984,-1.0026921610236659,4.26224015108788,0.055,False,False,0.0,False,False,0.0,0.0,0.009162841268233057,0.0,4.61828000869095
2019-03-21 00:00:00-04:00,100.6161117553711,94.64788055419922,-1.0056222665108114,5.43609559201272,0.514,False,True,0.0,False,False,0.0,0.0,0.0059952944596130125,0.0,4.61828000869095
2019-03-22 00:00:00-04:00,100.37175750732422,92.42858123779297,-1.0102148164267364,6.999035279603504,1.095,False,False,0.0,False,False,0.0,0.0,0.008067015327240192,0.0,4.61828000869095
2019-03-25 00:00:00-04:00,99.17523956298828,92.41014099121094,-1.0136815729556607,5.5007824859631995,0.437,False,False,0.0,False,False,0.0,0.0,-0.007769018151151398,-0.0,4.61828000869095
2019-03-26 00:00:00-04:00,100.1779556274414,92.78768920898438,-1.0172413513928076,5.790481263878306,0.52,False,False,0.0,False,False,0.0,0.0,0.001488952985782212,0.0,4.61828000869095
2019-03-27 00:00:00-04:00,100.07684326171875,93.07317352294922,-1.0201966591485498,5.123902577252693,0.193,False,False,0.0,False,False,0.0,0.0,-0.003417830205921491,-0.0,4.61828000869095
2019-03-28 00:00:00-04:00,100.80992126464844,94.57421112060547,-1.0221425002725026,4.141600648533242,-0.196,False,False,0.0,False,False,0.0,0.0,-0.004974228651035694,-0.0,4.61828000869095
2019-03-29 00:00:00-04:00,100.2706298828125,95.48587036132812,-1.0225223024757577,2.6341978670455575,-0.837,False,False,0.0,False,True,0.0,0.0,-0.007616720530468873,-0.0,4.61828000869095
2019-04-01 00:00:00-04:00,101.13854217529297,96.68301391601562,-1.0223381008183108,2.2958133470032465,-0.953,False,False,0.0,False,False,0.0,0.0,-0.00169208105511165,-0.0,4.61828000869095
2019-04-02 00:00:00-04:00,102.5541000366211,96.85798645019531,-1.023140440430049,3.454777120800543,-0.35,False,False,0.0,False,False,0.0,0.0,0.005747305237018609,0.0,4.61828000869095
2019-04-03 00:00:00-04:00,102.51197814941406,99.08650970458984,-1.0220457433421595,1.2410326832064413,-1.358,False,False,0.0,False,False,0.0,0.0,-0.010863248000944861,-0.0,4.61828000869095
2019-04-04 00:00:00-04:00,102.73949432373047,98.84708404541016,-1.021174408003411,1.799381790795337,-1.026,False,False,0.0,False,False,0.0,0.0,0.0027413108077227384,0.0,4.61828000869095
2019-04-05 00:00:00-04:00,103.14395141601562,100.53228759765625,-1.0193016514864317,0.6712246400156943,-1.481,False,False,0.0,False,False,0.0,0.0,-0.0054867005959804045,-0.0,4.61828000869095
2019-04-08 00:00:00-04:00,102.30133819580078,100.5783462524414,-1.0167070167773775,0.04262782507895224,-1.696,True,False,1.0,False,False,0.0,1.0,-0.0030729207357042807,-0.0,4.61828000869095
2019-04-09 00:00:00-04:00,101.55984497070312,100.58753967285156,-1.0136116917123075,-0.39686128227478434,-1.863,False,False,1.0,False,False,0.0,1.0,-0.0021594759969704026,-0.0021594759969704026,4.616120532693979
2019-04-10 00:00:00-04:00,102.78162384033203,100.83617401123047,-1.0115259235170457,0.7832197996966102,-1.204,False,False,1.0,False,False,0.0,1.0,0.00576267663493698,0.00576267663493698,4.6218832093289155
2019-04-11 00:00:00-04:00,102.56253051757812,101.57288360595703,-1.0089610051356275,0.07945177998762176,-1.515,True,False,1.0,False,False,0.0,1.0,-0.003432251108743253,-0.003432251108743253,4.618450958220173
2019-04-12 00:00:00-04:00,103.41357421875,102.6687240600586,-1.0063456795107253,0.09334734003118683,-1.449,False,False,1.0,False,False,0.0,1.0,6.721474654748755e-05,6.721474654748755e-05,4.61851817296672
2019-04-15 00:00:00-04:00,102.71421813964844,103.55276489257812,-1.0026466109496943,-1.1126106343655096,-1.933,True,False,1.0,False,False,0.0,1.0,-0.005838829580934617,-0.005838829580934617,4.612679343385786
2019-04-16 00:00:00-04:00,100.32962036132812,104.28948211669922,-0.9965689263481046,-3.602036861110662,-2.771,False,False,1.0,False,False,0.0,1.0,-0.012187460375225776,-0.012187460375225776,4.600491883010561
2019-04-17 00:00:00-04:00,100.37175750732422,104.98013305664062,-0.990191540409214,-3.578682156395004,-2.433,False,False,1.0,False,False,0.0,1.0,0.00011430331622807908,0.00011430331622807908,4.600606186326788
2019-04-18 00:00:00-04:00,101.4924087524414,103.86585998535156,-0.986156692846065,-0.9356042303253247,-1.251,False,False,1.0,False,False,0.0,1.0,0.0129613204189119,0.0129613204189119,4.6135675067457
2019-04-22 00:00:00-04:00,100.59082794189453,104.41838073730469,-0.9816107201611505,-1.9073739717123317,-1.532,True,False,1.0,False,False,0.0,1.0,-0.004784944524470006,-0.004784944524470006,4.60878256222123
2019-04-23 00:00:00-04:00,98.83819580078125,105.96546936035156,-0.9747543130418965,-4.452102491730372,-2.252,False,False,1.0,False,False,0.0,1.0,-0.012589657541521656,-0.012589657541521656,4.596192904679708
2019-04-24 00:00:00-04:00,100.48971557617188,107.69670867919922,-0.9681872450580807,-3.780864101764706,-1.837,False,False,1.0,False,False,0.0,1.0,0.0032781667419098798,0.0032781667419098798,4.599471071421618
2019-04-25 00:00:00-04:00,100.95315551757812,107.79801177978516,-0.9625506036152414,-2.8078857895769715,-1.403,False,False,1.0,False,False,0.0,1.0,0.004752861927894299,0.004752861927894299,4.6042239333495125
2019-04-26 00:00:00-04:00,98.40848541259766,108.59919738769531,-0.9548997797947104,-5.292864258794893,-2.023,True,False,1.0,False,False,0.0,1.0,-0.012295188248435538,-0.012295188248435538,4.591928745101077
2019-04-29 00:00:00-04:00,98.68653869628906,108.45183563232422,-0.948022425133969,-4.128233530097532,-1.54,False,False,1.0,False,False,0.0,1.0,0.005779767503072363,0.005779767503072363,4.597708512604149
2019-04-30 00:00:00-04:00,99.18365478515625,108.78335571289062,-0.9420064256346754,-3.290965298489297,-1.207,False,False,1.0,False,False,0.0,1.0,0.0041519160676791395,0.0041519160676791395,4.601860428671829
2019-05-01 00:00:00-04:00,99.12469482421875,107.79801177978516,-0.9373209599028896,-1.9166410528324747,-0.756,False,False,1.0,False,False,0.0,1.0,0.006865921459510178,0.006865921459510178,4.608726350131339
2019-05-02 00:00:00-04:00,100.10211181640625,107.7427749633789,-0.9340205971276824,-0.5318591910824182,-0.324,False,False,1.0,False,False,0.0,1.0,0.0068985198987115874,0.0068985198987115874,4.61562487003005
2019-05-03 00:00:00-04:00,101.70307922363281,108.45183563232422,-0.9319160366296114,0.6350743959511647,0.032,False,False,1.0,False,False,0.0,1.0,0.0057549309483312305,0.0057549309483312305,4.6213798009783815
2019-05-06 00:00:00-04:00,100.59925079345703,108.69127655029297,-0.9291045177528096,-0.38630528974017864,-0.251,False,False,1.0,False,True,0.0,1.0,-0.0050667493325342984,-0.0050667493325342984,4.6163130516458475
2019-05-07 00:00:00-04:00,98.93932342529297,106.1128158569336,-0.9270248333086952,0.5701079936028322,0.053,False,False,1.0,False,False,0.0,1.0,0.00484729798762666,0.00484729798762666,4.621160349633474
2019-05-08 00:00:00-04:00,99.15839385986328,106.61927795410156,-0.9250126345835675,0.5342146621421193,0.077,False,False,1.0,False,False,0.0,1.0,-0.00018147873650254553,-0.00018147873650254553,4.6209788708969715
2019-05-09 00:00:00-04:00,99.09101104736328,107.80722045898438,-0.9222694410331814,-0.33629390468519205,-0.145,False,False,1.0,False,False,0.0,1.0,-0.0043850289704749,-0.0043850289704749,4.6165938419264965
2019-05-10 00:00:00-04:00,99.07414245605469,109.76870727539062,-0.9182542824110328,-1.7214430742958484,-0.548,False,False,1.0,False,True,0.0,1.0,-0.006930259942640597,-0.006930259942640597,4.609663581983856
2019-05-13 00:00:00-04:00,98.34104919433594,108.01903533935547,-0.9151147460175085,-0.5087628952946233,-0.071,False,False,1.0,False,False,0.0,1.0,0.0061497788036682585,0.0061497788036682585,4.615813360787525
2019-05-14 00:00:00-04:00,98.49274444580078,109.31746673583984,-0.9115458882979006,-1.1551428763965532,-0.255,False,False,1.0,False,True,0.0,1.0,-0.003262228324066177,-0.003262228324066177,4.612551132463459
2019-05-15 00:00:00-04:00,99.12469482421875,111.10397338867188,-0.9074675970768938,-1.6985609324944733,-0.428,False,False,1.0,False,False,0.0,1.0,-0.0027177975794153656,-0.0027177975794153656,4.609833334884043
2019-05-16 00:00:00-04:00,99.72293853759766,112.74312591552734,-0.9030090469614077,-2.0851241468326833,-0.556,False,False,1.0,False,False,0.0,1.0,-0.0019181327537411024,-0.0019181327537411024,4.607915202130302
2019-05-17 00:00:00-04:00,99.41117095947266,112.01563262939453,-0.8991730302665527,-1.310264869124964,-0.142,False,False,1.0,False,False,0.0,1.0,0.0038717293006044423,0.0038717293006044423,4.611786931430906
2019-05-20 00:00:00-04:00,97.88603973388672,112.49449920654297,-0.8942550173493992,-2.712730605772336,-0.787,False,False,1.0,False,True,0.0,1.0,-0.007065859277229869,-0.007065859277229869,4.604721072153676
2019-05-21 00:00:00-04:00,98.58540344238281,114.08763885498047,-0.8890988004401728,-2.84977940863196,-0.829,False,False,1.0,False,False,0.0,1.0,-0.0006851734883858201,-0.0006851734883858201,4.604035898665291
2019-05-22 00:00:00-04:00,99.72293853759766,113.42459106445312,-0.8856935223721483,-0.736487045898329,0.387,False,True,0.0,False,False,0.0,0.0,0.010556835873190434,0.010556835873190434,4.614592734538482
2019-05-23 00:00:00-04:00,100.53185272216797,113.2127914428711,-0.8835477631573502,0.5029440820196243,1.157,False,False,0.0,False,False,0.0,0.0,0.006179828594083269,0.0,4.614592734538482
2019-05-24 00:00:00-04:00,101.09639739990234,114.09683227539062,-0.8815725852072477,0.5117580069284884,1.169,False,False,0.0,False,False,0.0,0.0,4.370229868421348e-05,0.0,4.614592734538482
2019-05-28 00:00:00-04:00,100.33804321289062,114.02316284179688,-0.879269966314991,0.08090066185515354,0.912,False,False,0.0,False,False,0.0,0.0,-0.0021478947434979655,-0.0,4.614592734538482
2019-05-29 00:00:00-04:00,98.9898681640625,113.99552154541016,-0.8761384177534411,-0.885987713711458,0.347,False,False,0.0,False,False,0.0,0.0,-0.004862016218356472,-0.0,4.614592734538482
2019-05-30 00:00:00-04:00,99.19209289550781,114.7598648071289,-0.8728391984251497,-0.974815514125126,0.334,False,False,0.0,False,False,0.0,0.0,-0.00044556704152880135,-0.0,4.614592734538482
2019-05-31 00:00:00-04:00,99.19209289550781,114.9900894165039,-0.8696632821358647,-0.8105656795455332,0.456,False,False,0.0,False,False,0.0,0.0,0.0008245690881261358,0.0,4.614592734538482
2019-06-03 00:00:00-04:00,96.7822265625,113.3785400390625,-0.8660265968994089,-1.406604628952664,0.116,False,False,0.0,False,False,0.0,0.0,-0.003057063731783787,-0.0,4.614592734538482
2019-06-04 00:00:00-04:00,95.04646301269531,116.30693817138672,-0.8594728910275288,-4.916197384026475,-1.91,True,False,1.0,False,True,0.0,1.0,-0.017997069540718374,-0.0,4.614592734538482
2019-06-05 00:00:00-04:00,96.7738037109375,117.69745635986328,-0.853582263755222,-3.6906575269460404,-1.178,False,False,1.0,False,False,0.0,1.0,0.0062134994819511066,0.0062134994819511066,4.620806234020433
2019-06-06 00:00:00-04:00,97.32150268554688,118.16712188720703,-0.8484092291197071,-2.9325741020729055,-0.747,False,False,1.0,False,False,0.0,1.0,0.003836928768699841,0.003836928768699841,4.624643162789132
2019-06-07 00:00:00-04:00,97.74280548095703,120.65347290039062,-0.8425463112735176,-3.913333053606408,-1.255,False,False,1.0,False,False,0.0,1.0,-0.00491857645673973,-0.00491857645673973,4.619724586332393
2019-06-10 00:00:00-04:00,98.4421615600586,121.68488311767578,-0.8370350764215465,-3.4123538796921054,-0.923,False,False,1.0,False,False,0.0,1.0,0.002501185648300993,0.002501185648300993,4.622225771980694
2019-06-11 00:00:00-04:00,100.45602416992188,120.68113708496094,-0.834158822536984,-0.2112110432935026,0.88,False,True,0.0,False,False,0.0,0.0,0.015916323384062042,0.015916323384062042,4.638142095364756
2019-06-12 00:00:00-04:00,100.59925079345703,121.05867004394531,-0.8317010202806855,-0.08536859591514201,0.901,False,False,0.0,False,False,0.0,0.0,0.0006251988659799515,0.0,4.638142095364756
2019-06-13 00:00:00-04:00,101.1434326171875,121.22042846679688,-0.8298089401807273,0.5536373429011263,1.207,False,False,0.0,False,False,0.0,0.0,0.003167579012615777,0.0,4.638142095364756
2019-06-14 00:00:00-04:00,101.83219909667969,120.29612731933594,-0.8291986545552658,2.0828121752773825,2.02,False,False,0.0,True,False,-1.0,-1.0,0.00758588550959753,0.0,4.638142095364756
2019-06-17 00:00:00-04:00,104.15351104736328,119.88020324707031,-0.830696765144161,4.56941400519743,2.997,False,False,0.0,False,False,-1.0,-1.0,0.012204923053908395,-0.012204923053908395,4.625937172310847
2019-06-18 00:00:00-04:00,104.1025161743164,120.1944580078125,-0.8320562851895894,4.09396194395984,2.428,False,False,0.0,False,False,-1.0,-1.0,-0.0023293790988159198,0.0023293790988159198,4.628266551409663
2019-06-19 00:00:00-04:00,105.43749237060547,120.67509460449219,-0.8339519430404188,4.8002627486028615,2.432,False,False,0.0,False,False,-1.0,-1.0,0.0034274014678440587,-0.0034274014678440587,4.624839149941819
2019-06-20 00:00:00-04:00,106.18573760986328,120.66584014892578,-0.8362759189688688,5.275801251169753,2.34,False,False,0.0,False,False,-1.0,-1.0,0.002296226152165265,-0.002296226152165265,4.622542923789654
2019-06-21 00:00:00-04:00,104.71471405029297,118.97441101074219,-0.8383999841293875,4.966569747083483,2.024,False,False,0.0,False,False,-1.0,-1.0,-0.0015124091807013171,0.0015124091807013171,4.6240553329703555
2019-06-24 00:00:00-04:00,104.76573181152344,118.7155990600586,-0.840513420088756,4.9836776276680865,1.86,False,False,0.0,False,False,-1.0,-1.0,8.363757398474199e-05,-8.363757398474199e-05,4.623971695396371
2019-06-25 00:00:00-04:00,102.88656616210938,118.36436462402344,-0.8413139441701669,3.3049757110764375,1.196,False,False,0.0,False,False,-1.0,-1.0,-0.008291189808178872,0.008291189808178872,4.632262885204549
2019-06-26 00:00:00-04:00,99.69794464111328,117.68964385986328,-0.8400396439571398,0.8339781156311403,0.315,False,False,0.0,False,False,-1.0,-1.0,-0.012444469238473966,0.012444469238473966,4.644707354443023
2019-06-27 00:00:00-04:00,99.99556732177734,118.9559326171875,-0.8381139167471198,0.2969447156798708,0.117,False,False,0.0,False,False,-1.0,-1.0,-0.002689279042846636,0.002689279042846636,4.64739663348587
2019-06-28 00:00:00-04:00,100.15708923339844,118.01313781738281,-0.8369655773326106,1.3841552072397008,0.472,False,True,0.0,False,False,-1.0,-1.0,0.005465291129742012,-0.005465291129742012,4.641931342356127
2019-07-01 00:00:00-04:00,99.54487609863281,119.57518768310547,-0.834623458039043,-0.25538054110826636,-0.114,False,False,0.0,False,False,-1.0,-1.0,-0.008224608877206647,0.008224608877206647,4.650155951233334
2019-07-02 00:00:00-04:00,101.29650115966797,121.16494750976562,-0.8326662740202283,0.4065357748548877,0.106,False,False,0.0,False,False,-1.0,-1.0,0.0032737914029351335,-0.0032737914029351335,4.646882159830399
2019-07-03 00:00:00-04:00,102.8355484008789,121.867431640625,-0.8315998964689958,1.4906048655927293,0.46,False,True,0.0,False,False,-1.0,-1.0,0.005309366631738573,-0.005309366631738573,4.641572793198661
2019-07-05 00:00:00-04:00,102.92058563232422,122.4220199584961,-0.8304512665762486,1.2550641009683545,0.344,False,False,0.0,False,False,-1.0,-1.0,-0.0011513038098717489,0.0011513038098717489,4.642724097008532
2019-07-08 00:00:00-04:00,102.40190124511719,121.28511810302734,-0.8296975484570278,1.7719360907143198,0.498,False,False,0.0,False,False,-1.0,-1.0,0.0025457678093195476,-0.0025457678093195476,4.6401783291992125
2019-07-09 00:00:00-04:00,103.46476745605469,121.13722229003906,-0.8298882165317185,2.9344140941678347,0.866,False,False,0.0,False,False,-1.0,-1.0,0.0056985578811514104,-0.0056985578811514104,4.634479771318061
2019-07-10 00:00:00-04:00,103.83891296386719,121.22965240478516,-0.8303670800020303,3.173800486844627,0.899,False,False,0.0,False,False,-1.0,-1.0,0.001170570565350484,-0.001170570565350484,4.63330920075271
2019-07-11 00:00:00-04:00,102.9120864868164,122.18168640136719,-0.8296204593259164,1.5476596932990816,0.275,False,False,0.0,False,False,-1.0,-1.0,-0.007960488298103814,0.007960488298103814,4.641269689050814
2019-07-12 00:00:00-04:00,102.09578704833984,122.34803771972656,-0.8281446926771927,0.77390895127931,-0.014,False,False,0.0,False,False,-1.0,-1.0,-0.003803753924059173,0.003803753924059173,4.645073442974873
2019-07-15 00:00:00-04:00,101.73016357421875,122.5513916015625,-0.8263502005927386,0.45979654134832515,-0.13,False,False,0.0,False,False,-1.0,-1.0,-0.001547347728558181,0.001547347728558181,4.646620790703432
2019-07-16 00:00:00-04:00,101.69612884521484,122.23713684082031,-0.8248398831633124,0.8700631752147956,0.014,False,False,0.0,False,False,-1.0,-1.0,0.0020257860371725744,-0.0020257860371725744,4.644595004666259
2019-07-17 00:00:00-04:00,101.50056457519531,123.1152114868164,-0.8228438649872634,0.19596811665897462,-0.249,False,False,0.0,False,True,0.0,0.0,-0.003323855542530803,0.003323855542530803,4.64791886020879
2019-07-18 00:00:00-04:00,102.26585388183594,124.6587905883789,-0.8206233217129631,-0.03205693152023059,-0.347,False,False,0.0,False,False,0.0,0.0,-0.001114689341579978,-0.0,4.64791886020879
2019-07-19 00:00:00-04:00,100.1060791015625,123.041259765625,-0.8179959837014071,-0.541177216280289,-0.541,False,False,0.0,False,False,0.0,0.0,-0.002536048946317261,-0.0,4.64791886020879
2019-07-22 00:00:00-04:00,99.97003173828125,122.59762573242188,-0.8157158114946709,-0.03479002336119663,-0.37,False,False,0.0,False,False,0.0,0.0,0.0025322543512666484,0.0,4.64791886020879
2019-07-23 00:00:00-04:00,99.74895477294922,124.01177978515625,-0.8127086165682723,-1.0364872144143504,-0.852,False,False,0.0,False,False,0.0,0.0,-0.004995139024705196,-0.0,4.64791886020879
2019-07-24 00:00:00-04:00,99.92750549316406,124.00250244140625,-0.8100251166197765,-0.5176360080801601,-0.716,False,False,0.0,False,False,0.0,0.0,0.0025894313126914458,0.0,4.64791886020879
2019-07-25 00:00:00-04:00,95.9395980834961,124.42768859863281,-0.8045948949585404,-4.174284954454848,-2.202,True,False,1.0,False,False,0.0,1.0,-0.018651282932892914,-0.0,4.64791886020879
2019-07-26 00:00:00-04:00,94.83422088623047,124.2243423461914,-0.798722464700822,-4.386552008358223,-2.256,False,False,1.0,False,False,0.0,1.0,-0.0010938499946212454,-0.0010938499946212454,4.646825010214169
2019-07-29 00:00:00-04:00,94.56210327148438,123.6050796508789,-0.7934740847553168,-3.515324175604789,-1.891,False,False,1.0,False,False,0.0,1.0,0.004522580747075258,0.004522580747075258,4.651347590961244
2019-07-30 00:00:00-04:00,96.93446350097656,121.30359649658203,-0.7916499457978728,0.9044779093703568,-0.092,False,False,1.0,False,False,0.0,1.0,0.02290474802876545,0.02290474802876545,4.67425233899001
2019-07-31 00:00:00-04:00,97.24056243896484,117.49554443359375,-0.7926169780016133,4.111599081355479,1.158,False,True,0.0,False,False,0.0,0.0,0.01684682019648565,0.01684682019648565,4.6910991591864954
2019-08-01 00:00:00-04:00,98.23542022705078,118.74331665039062,-0.793781572454564,3.9791636178334926,1.047,False,False,0.0,False,False,0.0,0.0,-0.0006880061813510762,-0.0,4.6910991591864954
2019-08-02 00:00:00-04:00,99.66392517089844,118.0593490600586,-0.7962497012221533,5.659203755344876,1.607,False,False,0.0,True,False,-1.0,-1.0,0.008674817360080163,0.0,4.6910991591864954
2019-08-05 00:00:00-04:00,98.2184066772461,111.91284942626953,-0.8010766782590634,8.567633004343378,2.463,False,False,0.0,False,False,-1.0,-1.0,0.01548114088525749,-0.01548114088525749,4.675618018301238
2019-08-06 00:00:00-04:00,99.56187438964844,113.71521759033203,-0.8057096489775376,7.940426341537702,2.075,False,False,0.0,False,False,-1.0,-1.0,-0.003280655732980407,0.003280655732980407,4.678898674034219
2019-08-07 00:00:00-04:00,100.78632354736328,114.24205017089844,-0.8105351834905554,8.18912244975688,2.018,False,False,0.0,False,False,-1.0,-1.0,0.0012860253151128376,-0.0012860253151128376,4.677612648719105
2019-08-08 00:00:00-04:00,101.81519317626953,116.67292785644531,-0.8143317565166068,6.804722896995074,1.538,False,False,0.0,False,False,-1.0,-1.0,-0.00703363336089805,0.00703363336089805,4.684646282080004
2019-08-09 00:00:00-04:00,102.29136657714844,116.22925567626953,-0.8183118522849671,7.1795890749972955,1.591,False,False,0.0,False,False,-1.0,-1.0,0.0018989878796035428,-0.0018989878796035428,4.6827472942004
2019-08-12 00:00:00-04:00,101.82369232177734,115.05543518066406,-0.8223413543266043,7.208849932673232,1.542,False,False,0.0,False,False,-1.0,-1.0,0.0001489568109383554,-0.0001489568109383554,4.682598337389462
2019-08-13 00:00:00-04:00,102.19783020019531,117.15355682373047,-0.8250863663650685,5.536027693759962,1.017,False,False,0.0,False,False,-1.0,-1.0,-0.008412075473261659,0.008412075473261659,4.691010412862724
2019-08-14 00:00:00-04:00,100.3356704711914,116.0721435546875,-0.8267810070781797,4.369426729323834,0.645,False,False,0.0,False,False,-1.0,-1.0,-0.005942891433905946,0.005942891433905946,4.696953304296629
2019-08-15 00:00:00-04:00,102.51242065429688,117.07962036132812,-0.8291903929705412,5.431124238045427,0.9,False,False,0.0,False,False,-1.0,-1.0,0.005319293233796162,-0.005319293233796162,4.691634011062833
2019-08-16 00:00:00-04:00,105.1568603515625,118.51225280761719,-0.8325124857675928,6.493930172775734,1.139,False,False,0.0,False,False,-1.0,-1.0,0.005214439343524161,-0.005214439343524161,4.686419571719309
2019-08-19 00:00:00-04:00,105.71806335449219,118.54000091552734,-0.8360297370389437,6.615097560487726,1.105,False,False,0.0,False,False,-1.0,-1.0,0.0005915768913754695,-0.0005915768913754695,4.6858279948279336
2019-08-20 00:00:00-04:00,104.66368865966797,118.47528839111328,-0.83855297325426,5.315883322144003,0.703,False,False,0.0,False,False,-1.0,-1.0,-0.006368338434704102,0.006368338434704102,4.692196333262638
2019-08-21 00:00:00-04:00,104.8337631225586,121.33134460449219,-0.8391700748336398,3.0161295911407393,0.053,False,False,0.0,False,False,-1.0,-1.0,-0.011128662899162707,0.011128662899162707,4.7033249961618
2019-08-22 00:00:00-04:00,104.47663116455078,120.3331298828125,-0.8398812872403245,3.4110871409170613,0.145,False,False,0.0,False,False,-1.0,-1.0,0.0019215401871402692,-0.0019215401871402692,4.70140345597466
2019-08-23 00:00:00-04:00,102.64849090576172,117.80979919433594,-0.84074848437888,3.600080788143586,0.183,False,False,0.0,False,False,-1.0,-1.0,0.0009370181012578743,-0.0009370181012578743,4.700466437873402
2019-08-26 00:00:00-04:00,103.04812622070312,118.61392974853516,-0.8413618614819955,3.2508894897809455,0.083,False,False,0.0,False,False,-1.0,-1.0,-0.0017214655207371736,0.0017214655207371736,4.70218790339414
2019-08-27 00:00:00-04:00,102.32535552978516,119.6491470336914,-0.8407623033952261,1.7288630704646835,-0.328,False,False,0.0,False,True,0.0,0.0,-0.007500554693341724,0.007500554693341724,4.709688458087482
2019-08-28 00:00:00-04:00,103.12464904785156,118.84500885009766,-0.8411415273230557,3.159176788958348,0.056,False,False,0.0,False,False,0.0,0.0,0.0070427537749772505,0.0,4.709688458087482
2019-08-29 00:00:00-04:00,105.09735870361328,120.46248626708984,-0.8420228455891872,3.665193230249912,0.175,False,False,0.0,False,False,0.0,0.0,0.0024500925148985228,0.0,4.709688458087482
2019-08-30 00:00:00-04:00,105.12285614013672,119.63988494873047,-0.8433892473367911,4.219863621766649,0.301,False,True,0.0,False,False,0.0,0.0,0.0026922368971095353,0.0,4.709688458087482
2019-09-03 00:00:00-04:00,106.73844146728516,118.63240814208984,-0.8464407686003408,6.323134738585296,0.845,False,False,0.0,False,False,0.0,0.0,0.010153188803655021,0.0,4.709688458087482
2019-09-04 00:00:00-04:00,107.52071380615234,119.95414733886719,-0.8491646615058306,5.65989088492266,0.618,False,False,0.0,False,False,0.0,0.0,-0.0031676329442848106,-0.0,4.709688458087482
2019-09-05 00:00:00-04:00,107.70777130126953,121.55316162109375,-0.8507890038247794,4.291678013906775,0.198,False,False,0.0,False,False,0.0,0.0,-0.006480616834490983,-0.0,4.709688458087482
2019-09-06 00:00:00-04:00,109.36585998535156,120.42555236816406,-0.8540162601748457,6.520480122402063,0.788,False,True,0.0,False,False,0.0,0.0,0.01050275239939479,0.0,4.709688458087482
2019-09-09 00:00:00-04:00,108.91521453857422,119.39032745361328,-0.8574352254677483,6.5457421997170115,0.747,False,False,0.0,False,False,0.0,0.0,0.00011956416571544341,0.0,4.709688458087482
2019-09-10 00:00:00-04:00,108.54106903076172,115.53604888916016,-0.8626702270321684,8.871559505150216,1.353,False,False,0.0,False,False,0.0,0.0,0.01117050498374888,0.0,4.709688458087482
2019-09-11 00:00:00-04:00,109.2638168334961,115.21253967285156,-0.8683846021270746,9.215021409637089,1.373,False,False,0.0,False,False,0.0,0.0,0.0016409040085199333,0.0,4.709688458087482
2019-09-12 00:00:00-04:00,108.50064849853516,115.388916015625,-0.8730380470941257,7.7617346039458255,0.93,False,False,0.0,False,False,0.0,0.0,-0.006945564161335761,-0.0,4.709688458087482
2019-09-13 00:00:00-04:00,106.60555267333984,115.12899017333984,-0.8760180193968214,5.750482726534557,0.204,False,False,0.0,False,False,0.0,0.0,-0.00969461988501701,-0.0,4.709688458087482
2019-09-16 00:00:00-04:00,108.3805923461914,115.90879821777344,-0.879368012227855,6.454102857708435,0.455,False,False,0.0,False,False,0.0,0.0,0.0033456796843722293,0.0,4.709688458087482
2019-09-17 00:00:00-04:00,109.82979583740234,118.06245422363281,-0.882160749680729,5.679732710335671,0.009,False,False,0.0,False,False,0.0,0.0,-0.003618892689808468,-0.0,4.709688458087482
2019-09-18 00:00:00-04:00,107.44590759277344,117.28266143798828,-0.8834462893815643,3.832975536588407,-0.966,False,False,0.0,False,True,0.0,0.0,-0.008749963644350857,-0.0,4.709688458087482
2019-09-19 00:00:00-04:00,106.18537902832031,117.77468872070312,-0.8832556890504255,2.160215189616295,-1.756,True,False,1.0,False,False,0.0,1.0,-0.00795754734352345,-0.0,4.709688458087482
2019-09-20 00:00:00-04:00,107.2143783569336,117.62615966796875,-0.8837607521608316,3.260995014979457,-1.135,False,False,1.0,False,False,0.0,1.0,0.005212821391424352,0.005212821391424352,4.714901279478906
2019-09-23 00:00:00-04:00,108.31199645996094,116.43794250488281,-0.8858340390145533,5.16730355631627,-0.136,False,False,1.0,False,False,0.0,1.0,0.00901512525838737,0.00901512525838737,4.7239164047372935
2019-09-24 00:00:00-04:00,109.38389587402344,116.46575164794922,-0.8886480245793298,5.886835740926543,0.275,False,True,0.0,False,False,0.0,0.0,0.00337997441436803,0.00337997441436803,4.727296379151662
2019-09-25 00:00:00-04:00,109.47820281982422,117.5426025390625,-0.8906849783445189,4.784772422760952,-0.268,False,False,0.0,False,True,0.0,0.0,-0.005145701611424669,-0.0,4.727296379151662
2019-09-26 00:00:00-04:00,110.2156753540039,117.57046508789062,-0.8929813673864679,5.227440675556352,0.002,False,False,0.0,False,False,0.0,0.0,0.0020569712359252592,0.0,4.727296379151662
2019-09-27 00:00:00-04:00,110.49005889892578,114.9990463256836,-0.8969593757769975,7.340586091690611,1.175,False,True,0.0,False,False,0.0,0.0,0.00989117229034499,0.0,4.727296379151662
2019-09-30 00:00:00-04:00,111.31327056884766,115.50959777832031,-0.9010501763515941,7.2333271203904275,1.115,False,False,0.0,False,False,0.0,0.0,-0.000497968201038896,-0.0,4.727296379151662
2019-10-01 00:00:00-04:00,110.6701431274414,115.9458999633789,-0.9040706386627682,5.846859297220007,0.338,False,False,0.0,False,False,0.0,0.0,-0.006433921640880557,-0.0,4.727296379151662
2019-10-02 00:00:00-04:00,109.46965026855469,112.91033935546875,-0.9078474989701846,6.964281076817585,0.908,False,False,0.0,False,False,0.0,0.0,0.005271478603670556,0.0,4.727296379151662
2019-10-03 00:00:00-04:00,111.17608642578125,112.94746398925781,-0.9126142990115408,8.09861575209348,1.44,False,False,0.0,False,False,0.0,0.0,0.0052943563254320685,0.0,4.727296379151662
2019-10-04 00:00:00-04:00,111.70773315429688,114.1821060180664,-0.9166725121516183,7.040135187953538,0.862,False,False,0.0,False,False,0.0,0.0,-0.0048918726485959,-0.0,4.727296379151662
2019-10-07 00:00:00-04:00,109.984130859375,113.05886840820312,-0.9198242573421502,5.989841189855667,0.318,False,False,0.0,False,False,0.0,0.0,-0.00490841083648454,-0.0,4.727296379151662
2019-10-08 00:00:00-04:00,110.61870574951172,110.99803161621094,-0.9244711580762898,8.004226917084566,1.31,False,False,0.0,False,False,0.0,0.0,0.009446867902752879,0.0,4.727296379151662
2019-10-09 00:00:00-04:00,112.04218292236328,112.17696380615234,-0.929155781808787,7.812308416121795,1.143,False,False,0.0,False,False,0.0,0.0,-0.0008873938836325482,-0.0,4.727296379151662
2019-10-10 00:00:00-04:00,112.03357696533203,113.75509643554688,-0.9323902057214384,5.969439197930413,0.15,False,False,0.0,False,False,0.0,0.0,-0.008449741073397826,-0.0,4.727296379151662
2019-10-11 00:00:00-04:00,110.884521484375,115.42605590820312,-0.9332252068172308,3.166016587344899,-1.318,False,False,0.0,False,True,0.0,0.0,-0.012824262577656518,-0.0,4.727296379151662
2019-10-14 00:00:00-04:00,111.34758758544922,114.73910522460938,-0.934540170102809,4.119284671398674,-0.843,False,False,0.0,False,False,0.0,0.0,0.00436126821615743,0.0,4.727296379151662
2019-10-15 00:00:00-04:00,111.29611206054688,116.26154327392578,-0.9347196472367945,2.62416334433766,-1.701,True,False,1.0,False,False,0.0,1.0,-0.006796992807871326,-0.0,4.727296379151662
2019-10-16 00:00:00-04:00,111.99071502685547,116.25225830078125,-0.9352757344147195,3.2627987672226197,-1.356,False,False,1.0,False,False,0.0,1.0,0.002893436857426068,0.002893436857426068,4.730189816009087
2019-10-17 00:00:00-04:00,112.99398803710938,116.39149475097656,-0.9364602877119632,3.9979753753844136,-0.962,False,False,1.0,False,False,0.0,1.0,0.0033117555108222235,0.0033117555108222235,4.73350157151991
2019-10-18 00:00:00-04:00,114.03158569335938,114.16358947753906,-0.9398879225307185,6.7306067506653875,0.512,False,True,0.0,False,False,0.0,0.0,0.01234626897209797,0.01234626897209797,4.745847840492008
2019-10-21 00:00:00-04:00,115.1892318725586,114.78553009033203,-0.9436876633189983,6.867543198780581,0.577,False,False,0.0,False,False,0.0,0.0,0.0006126611074773178,0.0,4.745847840492008
2019-10-22 00:00:00-04:00,115.600830078125,112.94746398925781,-0.9487791236637524,8.438634174353737,1.362,False,False,0.0,False,False,0.0,0.0,0.007052745708800156,0.0,4.745847840492008
2019-10-23 00:00:00-04:00,116.39830780029297,114.27496337890625,-0.9532550570640418,7.465121063542412,0.789,False,False,0.0,False,False,0.0,0.0,-0.0043203597118612455,-0.0,4.745847840492008
2019-10-24 00:00:00-04:00,115.20637512207031,115.83452606201172,-0.9553348367707719,4.545617074198617,-0.749,False,False,0.0,False,True,0.0,0.0,-0.01292575838002586,-0.0,4.745847840492008
2019-10-25 00:00:00-04:00,113.8943862915039,114.69268035888672,-0.9568215536837701,4.153957674357898,-0.911,False,False,0.0,False,False,0.0,0.0,-0.0017513346479648261,-0.0,4.745847840492008
2019-10-28 00:00:00-04:00,113.43133544921875,115.8066635131836,-0.9570043696470226,2.6038524328596253,-1.63,True,False,1.0,False,False,0.0,1.0,-0.00691212614114527,-0.0,4.745847840492008
2019-10-29 00:00:00-04:00,111.98214721679688,115.66741180419922,-0.9560728806432165,1.3956716166109402,-2.11,False,False,1.0,False,False,0.0,1.0,-0.005428351943580865,-0.005428351943580865,4.740419488548428
2019-10-30 00:00:00-04:00,110.97027587890625,115.90879821777344,-0.9541959534175101,0.3705696540201302,-2.353,False,False,1.0,False,False,0.0,1.0,-0.004626538093551908,-0.004626538093551908,4.735792950454876
2019-10-31 00:00:00-04:00,108.93798065185547,116.24297332763672,-0.9506652884779774,-1.5701791202001232,-2.779,False,False,1.0,False,False,0.0,1.0,-0.008843850114981506,-0.008843850114981506,4.726949100339894
2019-11-01 00:00:00-04:00,108.73217010498047,116.79068756103516,-0.946732640665448,-1.8373859348116355,-2.513,False,False,1.0,False,False,0.0,1.0,-0.001218443736439699,-0.001218443736439699,4.725730656603454
2019-11-04 00:00:00-05:00,106.39118194580078,114.618408203125,-0.9428848097664833,-1.6807740685398613,-2.19,False,False,1.0,False,False,0.0,1.0,0.0007302507450062626,0.0007302507450062626,4.726460907348461
2019-11-05 00:00:00-05:00,105.75662994384766,114.5534439086914,-0.9389473509325188,-1.803022754415025,-2.032,False,False,1.0,False,False,0.0,1.0,-0.0005730865190458313,-0.0005730865190458313,4.725887820829414
2019-11-06 00:00:00-05:00,105.21639251708984,108.46373748779297,-0.9391007283733961,3.3580176402026467,-0.356,False,False,1.0,False,False,0.0,1.0,0.024923560024087153,0.024923560024087153,4.750811380853502
2019-11-07 00:00:00-05:00,101.76919555664062,111.84278106689453,-0.9348286750220185,-2.784643278902081,-2.153,True,False,1.0,False,False,0.0,1.0,-0.02977205592773817,-0.02977205592773817,4.721039324925764
2019-11-08 00:00:00-05:00,99.95985412597656,111.0073013305664,-0.9296670887649529,-3.2399805336649905,-2.066,False,False,1.0,False,False,0.0,1.0,-0.002241277575707447,-0.002241277575707447,4.718798047350056
2019-11-11 00:00:00-05:00,100.03704071044922,110.11612701416016,-0.9254841065116309,-1.8736847117720572,-1.556,False,False,1.0,False,False,0.0,1.0,0.006765590172437655,0.006765590172437655,4.725563637522494
2019-11-12 00:00:00-05:00,99.55682373046875,109.75407409667969,-0.9216283699965827,-1.5956446797383137,-1.386,False,False,1.0,False,False,0.0,1.0,0.0013852872932204208,0.0013852872932204208,4.726948924815714
2019-11-13 00:00:00-05:00,99.58256530761719,110.34821319580078,-0.9177263411349197,-1.6868966393411284,-1.323,False,False,1.0,False,False,0.0,1.0,-0.0004543243145221278,-0.0004543243145221278,4.726494600501192
2019-11-14 00:00:00-05:00,100.43148803710938,110.81237030029297,-0.9144446082279133,-0.9002865089484828,-1.054,False,False,1.0,False,False,0.0,1.0,0.003898678680755389,0.003898678680755389,4.730393279181947
2019-11-15 00:00:00-05:00,101.93214416503906,111.2115249633789,-0.9123385071901566,0.4695874976091119,-0.653,False,False,1.0,False,False,0.0,1.0,0.006735052589624371,0.006735052589624371,4.737128331771572
2019-11-18 00:00:00-05:00,103.30415344238281,111.94489288330078,-0.9110555215570785,1.316140670935937,-0.398,False,False,1.0,False,False,0.0,1.0,0.004123650643566526,0.004123650643566526,4.741251982415138
2019-11-19 00:00:00-05:00,104.60755157470703,113.30023193359375,-0.9100207670734206,1.501987600901586,-0.311,False,False,1.0,False,False,0.0,1.0,0.0008947289123986184,0.0008947289123986184,4.742146711327537
2019-11-20 00:00:00-05:00,104.05016326904297,113.66227722167969,-0.908443395590619,0.7944181992180006,-0.458,False,False,1.0,False,False,0.0,1.0,-0.003413165632148665,-0.003413165632148665,4.738733545695388
2019-11-21 00:00:00-05:00,102.763916015625,112.6504135131836,-0.9066676077247472,0.62743508642329,-0.463,False,False,1.0,False,False,0.0,1.0,-0.0008149477272104745,-0.0008149477272104745,4.737918597968178
2019-11-22 00:00:00-05:00,102.55811309814453,112.51116943359375,-0.904959114718568,0.7401048115687132,-0.393,False,False,1.0,False,False,0.0,1.0,0.00055128615017276,0.00055128615017276,4.73846988411835
2019-11-25 00:00:00-05:00,101.44335174560547,112.76180267333984,-0.9024058111005793,-0.3135542569932426,-0.653,False,False,1.0,False,False,0.0,1.0,-0.005185323484518403,-0.005185323484518403,4.733284560633832
2019-11-26 00:00:00-05:00,103.43277740478516,114.54415893554688,-0.9002575099735194,0.3135380994586825,-0.418,False,False,1.0,False,False,0.0,1.0,0.0030360020998101743,0.0030360020998101743,4.736320562733642
2019-11-27 00:00:00-05:00,103.93011474609375,114.27496337890625,-0.8988856123881305,1.2099943086144265,-0.093,False,False,1.0,False,False,0.0,1.0,0.004338036239636492,0.004338036239636492,4.740658598973279
2019-11-29 00:00:00-05:00,103.71573638916016,114.8412094116211,-0.8971813524705999,0.6823448098825509,-0.242,False,False,1.0,False,True,0.0,1.0,-0.002552124422079431,-0.002552124422079431,4.738106474551199
2019-12-02 00:00:00-05:00,102.2665786743164,113.44874572753906,-0.8954387614432906,0.6801743127540192,-0.212,False,False,1.0,False,False,0.0,1.0,-1.0647365057933266e-05,-1.0647365057933266e-05,4.738095827186141
2019-12-03 00:00:00-05:00,101.2718505859375,112.75253295898438,-0.8935633850484388,0.5203155623217555,-0.245,False,False,1.0,False,False,0.0,1.0,-0.0007912883449108198,-0.0007912883449108198,4.737304538841231
2019-12-04 00:00:00-05:00,102.12934875488281,113.03102111816406,-0.8922792989382073,1.274108473297673,0.025,False,False,1.0,False,False,0.0,1.0,0.003713547489265267,0.003713547489265267,4.741018086330496
2019-12-05 00:00:00-05:00,100.77447509765625,113.12385559082031,-0.8901043175247545,0.08244282122025481,-0.339,False,False,1.0,False,True,0.0,1.0,-0.005914956622862771,-0.005914956622862771,4.735103129707634
2019-12-06 00:00:00-05:00,101.50337219238281,114.19141387939453,-0.8878513918074306,0.11836644710403732,-0.277,False,False,1.0,False,False,0.0,1.0,0.00017706103350493646,0.00017706103350493646,4.735280190741138
2019-12-09 00:00:00-05:00,101.80350494384766,112.50188446044922,-0.887110134985196,2.0019430340496314,0.486,False,True,0.0,False,False,0.0,0.0,0.00934290301499698,0.00934290301499698,4.744623093756135
2019-12-10 00:00:00-05:00,100.83452606201172,112.69683837890625,-0.8857509679989967,1.013192377469025,0.221,False,False,0.0,False,False,0.0,0.0,-0.0049275942293909745,-0.0,4.744623093756135
2019-12-11 00:00:00-05:00,100.34573364257812,110.85877227783203,-0.8852791249865533,2.204776723375417,0.988,False,False,0.0,False,False,0.0,0.0,0.0060033463328640685,0.0,4.744623093756135
2019-12-12 00:00:00-05:00,99.24655151367188,111.48356628417969,-0.8837184991920755,0.7264616324363402,0.273,False,False,0.0,False,False,0.0,0.0,-0.007475047765953233,-0.0,4.744623093756135
2019-12-13 00:00:00-05:00,98.41566467285156,111.64208221435547,-0.8814460771010706,0.009189265612732811,-0.083,False,False,0.0,False,False,0.0,0.0,-0.0036442666792045686,-0.0,4.744623093756135
2019-12-16 00:00:00-05:00,99.9562759399414,112.72380828857422,-0.87971839639598,0.7910680766690064,0.47,False,True,0.0,False,False,0.0,0.0,0.003926642148915395,0.0,4.744623093756135
2019-12-17 00:00:00-05:00,98.50224304199219,114.20655059814453,-0.8761519166719426,-1.5600451610633286,-1.034,False,False,0.0,False,True,0.0,0.0,-0.011840549885673365,-0.0,4.744623093756135
2019-12-18 00:00:00-05:00,100.76117706298828,115.36286926269531,-0.8736128297558707,-0.021305602351532116,-0.006,False,False,0.0,False,False,0.0,0.0,0.007634770355891865,0.0,4.744623093756135
2019-12-19 00:00:00-05:00,102.9941635131836,114.27181243896484,-0.873761186716131,3.1478890683105334,1.919,False,True,0.0,True,False,-1.0,-1.0,0.015624077243007094,0.0,4.744623093756135
2019-12-20 00:00:00-05:00,102.14596557617188,115.26962280273438,-0.8729198064027012,1.5248287550965927,0.837,False,False,0.0,False,False,-1.0,-1.0,-0.008004554456936284,0.008004554456936284,4.752627648213071
2019-12-23 00:00:00-05:00,100.93427276611328,114.57022094726562,-0.8715996799999162,1.0749048509568695,0.505,False,False,0.0,False,False,-1.0,-1.0,-0.0022407278567846234,0.0022407278567846234,4.754868376069856
2019-12-24 00:00:00-05:00,101.03813934326172,114.75672912597656,-0.8702969249190189,1.1657108711595043,0.521,False,False,0.0,False,False,-1.0,-1.0,0.0004519723436652931,-0.0004519723436652931,4.754416403726191
2019-12-26 00:00:00-05:00,102.223876953125,114.34642028808594,-0.8702435002440159,2.714647921247746,1.617,False,False,0.0,True,False,-1.0,-1.0,0.0076781500117457,-0.0076781500117457,4.746738253714446
2019-12-27 00:00:00-05:00,102.28446197509766,114.8966064453125,-0.8700221021556238,2.3218749049994756,1.31,False,False,0.0,False,False,-1.0,-1.0,-0.0019420457213222327,0.0019420457213222327,4.748680299435768
2019-12-30 00:00:00-05:00,102.39695739746094,114.50495147705078,-0.870134820288318,2.762212021854779,1.643,False,False,0.0,True,False,-1.0,-1.0,0.002179544649732097,-0.002179544649732097,4.746500754786036
2019-12-31 00:00:00-05:00,103.63461303710938,115.20436096191406,-0.8707365001766849,3.321970968040816,1.978,False,False,0.0,False,False,-1.0,-1.0,0.002744626035268864,-0.002744626035268864,4.743756128750768
2020-01-02 00:00:00-05:00,102.12866973876953,115.42815399169922,-0.870090283540584,1.695754503565766,0.633,False,False,0.0,False,False,-1.0,-1.0,-0.008028257009758285,0.008028257009758285,4.7517843857605255
2020-01-03 00:00:00-05:00,103.80772399902344,115.52141571044922,-0.8705375491912405,3.24199388734651,1.873,False,False,0.0,True,False,-1.0,-1.0,0.0075657545179190055,-0.0075657545179190055,4.744218631242607
2020-01-06 00:00:00-05:00,102.87299346923828,116.56583404541016,-0.8697125933697488,1.4942196432968586,0.301,False,False,0.0,False,False,-1.0,-1.0,-0.008556960202571027,0.008556960202571027,4.752775591445178
2020-01-07 00:00:00-05:00,101.86034393310547,116.15552520751953,-0.8683427527361995,0.9975354288889378,-0.17,False,False,0.0,False,False,-1.0,-1.0,-0.0024500616157371855,0.0024500616157371855,4.755225653060915
2020-01-08 00:00:00-05:00,102.74315643310547,116.90153503417969,-0.8672047341532592,1.365591821681761,0.168,False,False,0.0,False,False,-1.0,-1.0,0.001803130965388523,-0.001803130965388523,4.753422522095526
2020-01-09 00:00:00-05:00,102.75181579589844,119.45667266845703,-0.8645823234582577,-0.5283118123886936,-1.471,False,False,0.0,False,True,0.0,0.0,-0.009192281559734002,0.009192281559734002,4.762614803655261
2020-01-10 00:00:00-05:00,104.17989349365234,118.9810791015625,-0.8633753301783461,1.4545650393649083,0.278,False,True,0.0,False,False,0.0,0.0,0.009583503176408575,0.0,4.762614803655261
2020-01-13 00:00:00-05:00,105.56468963623047,119.82035827636719,-0.8629038586906629,2.1712401298555193,0.868,False,False,0.0,False,False,0.0,0.0,0.0034297543681775866,0.0,4.762614803655261
2020-01-14 00:00:00-05:00,104.5087890625,119.45667266845703,-0.8620147039816891,1.5353807335624765,0.286,False,False,0.0,False,False,0.0,0.0,-0.003064645566161156,-0.0,4.762614803655261
2020-01-15 00:00:00-05:00,104.71649169921875,119.62451934814453,-0.8612061920045325,1.6951149210306795,0.386,False,False,0.0,False,False,0.0,0.0,0.0007689218563710034,0.0,4.762614803655261
2020-01-16 00:00:00-05:00,107.0360336303711,120.62234497070312,-0.8615295459721971,3.1163195336594924,1.558,False,False,0.0,True,False,-1.0,-1.0,0.006736979807098933,0.0,4.762614803655261
2020-01-17 00:00:00-05:00,107.70248413085938,122.16099548339844,-0.8614675644242498,2.4647488841343517,0.937,False,False,0.0,False,False,-1.0,-1.0,-0.003059875919305687,0.003059875919305687,4.765674679574566
2020-01-21 00:00:00-05:00,108.81893920898438,123.62509155273438,-0.8612680669929017,2.344595575540339,0.787,False,False,0.0,False,False,-1.0,-1.0,-0.0005580913022816047,0.0005580913022816047,4.766232770876847
2020-01-22 00:00:00-05:00,109.29496765136719,123.5877685546875,-0.8614351350712082,2.832121553310742,1.139,False,False,0.0,False,False,-1.0,-1.0,0.0022595982472115935,-0.0022595982472115935,4.763973172629636
2020-01-23 00:00:00-05:00,110.01335906982422,122.4034423828125,-0.8628600357954218,4.3963203939077715,2.216,False,False,0.0,True,False,-1.0,-1.0,0.007254073901219835,-0.007254073901219835,4.756719098728416
2020-01-24 00:00:00-05:00,111.00865936279297,122.18896484375,-0.865121858870823,5.300314963666324,2.542,False,False,0.0,False,False,-1.0,-1.0,0.00417131352900975,-0.00417131352900975,4.752547785199406
2020-01-27 00:00:00-05:00,111.66645050048828,120.67829132080078,-0.868660745609111,6.837955982927966,3.023,False,False,0.0,False,False,-1.0,-1.0,0.007102433819567717,-0.007102433819567717,4.745445351379839
2020-01-28 00:00:00-05:00,112.35885620117188,121.01398468017578,-0.8723053123549678,6.797714495411853,2.605,False,False,0.0,False,False,-1.0,-1.0,-0.0001846617469833994,0.0001846617469833994,4.7456300131268225
2020-01-29 00:00:00-05:00,110.4634017944336,120.79950714111328,-0.8744371627402822,4.831823509534047,1.415,False,False,0.0,False,False,-1.0,-1.0,-0.009097346847928095,0.009097346847928095,4.75472735997475
2020-01-30 00:00:00-05:00,108.82762145996094,120.72490692138672,-0.8751245957996359,3.178286087433719,0.489,False,False,0.0,False,False,-1.0,-1.0,-0.007709627395505159,0.007709627395505159,4.762436987370256
2020-01-31 00:00:00-05:00,106.44747924804688,111.11055755615234,-0.8798910149131938,8.68229799239316,2.895,False,False,0.0,True,False,-1.0,-1.0,0.026952353940169645,-0.026952353940169645,4.735484633430086
2020-02-03 00:00:00-05:00,106.57732391357422,108.57408142089844,-0.8864087790660725,10.336304963055284,3.019,False,False,0.0,False,False,-1.0,-1.0,0.008155115298276842,-0.008155115298276842,4.727329518131809
2020-02-04 00:00:00-05:00,108.17847442626953,109.42266845703125,-0.8932484357850068,10.436846987604966,2.646,False,False,0.0,False,False,-1.0,-1.0,0.000488257453444876,-0.000488257453444876,4.726841260678364
2020-02-05 00:00:00-05:00,107.2004623413086,112.55598449707031,-0.8968889323286062,6.2502455785360524,1.079,False,False,0.0,False,False,-1.0,-1.0,-0.020113320922558683,0.020113320922558683,4.746954581600923
2020-02-06 00:00:00-05:00,107.33895874023438,111.65143585205078,-0.9005987078340729,6.785819884058554,1.21,False,False,0.0,False,False,-1.0,-1.0,0.002576212909074761,-0.002576212909074761,4.744378368691848
2020-02-07 00:00:00-05:00,106.69850158691406,109.89827728271484,-0.9047115007230906,7.272266219586783,1.307,False,False,0.0,False,False,-1.0,-1.0,0.002359960976620758,-0.002359960976620758,4.742018407715227
2020-02-10 00:00:00-05:00,109.12188720703125,110.26194763183594,-0.9100795578642823,8.774742656995357,1.711,False,False,0.0,True,False,-1.0,-1.0,0.007172785517770857,-0.007172785517770857,4.734845622197456
2020-02-11 00:00:00-05:00,108.63720703125,111.72602081298828,-0.9138372880829444,6.537803163210185,0.882,False,False,0.0,False,False,-1.0,-1.0,-0.010614859393625707,0.010614859393625707,4.745460481591081
2020-02-12 00:00:00-05:00,109.96142578125,115.10177612304688,-0.9158326037571527,4.547466457407111,0.16,False,False,0.0,False,False,-1.0,-1.0,-0.009241245023575394,0.009241245023575394,4.754701726614657
2020-02-13 00:00:00-05:00,109.5113525390625,114.11328887939453,-0.9178047818200926,4.7776303363366,0.207,False,True,0.0,False,False,-1.0,-1.0,0.0010743018443102395,-0.0010743018443102395,4.753627424770347
2020-02-14 00:00:00-05:00,113.81288146972656,114.02935028076172,-0.9228127426536805,8.585143994119605,1.461,False,False,0.0,False,False,-1.0,-1.0,0.017382683066346043,-0.017382683066346043,4.736244741704001
2020-02-18 00:00:00-05:00,115.28422546386719,114.24385833740234,-0.9286608317278519,9.190428960456245,1.552,False,False,0.0,True,False,-1.0,-1.0,0.0027341691869760556,-0.0027341691869760556,4.733510572517024
2020-02-19 00:00:00-05:00,114.60047912597656,114.58888244628906,-0.9333761238581939,7.645952191017045,0.975,False,False,0.0,False,False,-1.0,-1.0,-0.006971075927819071,0.006971075927819071,4.7404816484448435
2020-02-20 00:00:00-05:00,117.96724700927734,113.19007873535156,-0.940998332472497,11.455571666880886,2.028,False,False,0.0,True,False,-1.0,-1.0,0.01697094513798317,-0.01697094513798317,4.72351070330686
2020-02-21 00:00:00-05:00,119.5511245727539,111.53949737548828,-0.9506130856315255,13.52021880285156,2.367,False,False,0.0,False,False,-1.0,-1.0,0.009152533705076156,-0.009152533705076156,4.714358169601784
2020-02-24 00:00:00-05:00,117.07579803466797,108.58341979980469,-0.9599319473943838,12.843104411499567,1.97,False,False,0.0,False,False,-1.0,-1.0,-0.0030595951663656643,0.0030595951663656643,4.7174177647681494
2020-02-25 00:00:00-05:00,115.57847595214844,104.86262512207031,-0.9700554709012168,13.855912759420747,2.042,False,False,0.0,False,False,-1.0,-1.0,0.004660853679792728,-0.004660853679792728,4.712756911088357
2020-02-26 00:00:00-05:00,112.8435287475586,104.94654846191406,-0.9774451374638159,10.26403525984999,1.053,False,False,0.0,False,False,-1.0,-1.0,-0.016673600909971477,0.016673600909971477,4.729430511998329
2020-02-27 00:00:00-05:00,106.62059783935547,100.42378997802734,-0.9826561324653426,7.938544772035286,0.406,False,False,0.0,False,False,-1.0,-1.0,-0.011327133271512416,0.011327133271512416,4.7407576452698414
2020-02-28 00:00:00-05:00,103.9548568725586,97.3184814453125,-0.9875667633885546,7.846359133722217,0.334,False,False,0.0,False,False,-1.0,-1.0,-0.00046078222817032684,0.00046078222817032684,4.741218427498011
2020-03-02 00:00:00-05:00,112.93872833251953,99.08096313476562,-0.9976311799608394,14.092470168726877,1.934,False,False,0.0,True,False,-1.0,-1.0,0.029492699828906066,-0.029492699828906066,4.711725727669105
2020-03-03 00:00:00-05:00,112.15977478027344,95.60265350341797,-1.0096847106978697,15.63123723572619,2.14,False,False,0.0,False,False,-1.0,-1.0,0.007373518190152602,-0.007373518190152602,4.7043522094789525
2020-03-04 00:00:00-05:00,116.82479858398438,98.98770904541016,-1.0221391007021283,15.645590679744899,1.982,False,False,0.0,False,False,-1.0,-1.0,6.584027628632129e-05,-6.584027628632129e-05,4.704286369202666
2020-03-05 00:00:00-05:00,112.40210723876953,94.54888153076172,-1.0338681819518587,14.65102698497924,1.626,False,False,0.0,False,False,-1.0,-1.0,-0.004732565356882206,0.004732565356882206,4.709018934559548
2020-03-06 00:00:00-05:00,110.99134826660156,93.58837127685547,-1.044417691123171,13.245997621650076,1.2,False,False,0.0,False,False,-1.0,-1.0,-0.006731108476159763,0.006731108476159763,4.715750043035708
2020-03-09 00:00:00-04:00,104.43954467773438,85.3448486328125,-1.0557956029993072,14.332828752569498,1.397,False,False,0.0,False,False,-1.0,-1.0,0.005586492012497847,-0.005586492012497847,4.710163551023211
2020-03-10 00:00:00-04:00,116.36607360839844,92.77708435058594,-1.0698875090976379,17.105029931208605,1.959,False,False,0.0,True,False,-1.0,-1.0,0.01285645893492818,-0.01285645893492818,4.697307092088282
2020-03-11 00:00:00-04:00,118.57311248779297,91.07989501953125,-1.0866261374834971,19.603317960317327,2.341,False,False,0.0,False,False,-1.0,-1.0,0.011484116229693368,-0.011484116229693368,4.6858229758585885
2020-03-12 00:00:00-04:00,111.10385131835938,89.74832153320312,-1.0977212786988924,12.585209043852302,0.62,False,False,0.0,False,False,-1.0,-1.0,-0.03347975112869211,0.03347975112869211,4.719302726987281
2020-03-13 00:00:00-04:00,124.06033325195312,97.22187805175781,-1.111186984650253,16.028647737585757,1.371,False,False,0.0,False,False,-1.0,-1.0,0.014836523513548505,-0.014836523513548505,4.704466203473732
2020-03-16 00:00:00-04:00,111.92647552490234,93.42415618896484,-1.11746428924262,7.528317231109213,-0.691,False,False,0.0,False,True,0.0,0.0,-0.03929432518351462,0.03929432518351462,4.743760528657248
2020-03-17 00:00:00-04:00,120.58855438232422,98.29087829589844,-1.1249564742343354,10.015594485174148,-0.112,False,False,0.0,False,False,0.0,0.0,0.010759910713587974,0.0,4.743760528657248
2020-03-18 00:00:00-04:00,119.80347442626953,94.61503601074219,-1.1347724259955727,12.436940476701139,0.44,False,True,0.0,False,False,0.0,0.0,0.01065873972025846,0.0,4.743760528657248
2020-03-19 00:00:00-04:00,109.274658203125,87.6197280883789,-1.1420548450261672,9.208123219916516,-0.444,False,False,0.0,False,True,0.0,0.0,-0.015423707143537057,-0.0,4.743760528657248
2020-03-20 00:00:00-04:00,105.72432708740234,85.11602783203125,-1.147950558609814,8.01533539097359,-0.755,False,False,0.0,False,False,0.0,0.0,-0.005863286486568043,-0.0,4.743760528657248
2020-03-23 00:00:00-04:00,94.12256622314453,79.01154327392578,-1.1494331264452562,3.3040810125313698,-1.847,True,False,1.0,False,False,0.0,1.0,-0.02547435705549506,-0.0,4.743760528657248
2020-03-24 00:00:00-04:00,101.8163833618164,88.92314147949219,-1.1470647476090385,-0.18421747596012494,-2.397,False,False,1.0,False,False,0.0,1.0,-0.01711485675342684,-0.01711485675342684,4.726645671903821
2020-03-25 00:00:00-04:00,105.92497253417969,88.08858489990234,-1.1486201405972192,4.744649761443782,-1.249,False,False,1.0,False,False,0.0,1.0,0.02379884700726589,0.02379884700726589,4.750444518911086
2020-03-26 00:00:00-04:00,117.00335693359375,90.89234161376953,-1.1573505402921842,11.809056258475806,0.312,False,True,0.0,False,False,0.0,0.0,0.031793343697044674,0.031793343697044674,4.782237862608131
2020-03-27 00:00:00-04:00,115.88677215576172,85.86619567871094,-1.1705187080634836,15.378783723590715,1.058,False,False,0.0,False,False,0.0,0.0,0.016496367358507916,0.0,4.782237862608131
2020-03-30 00:00:00-04:00,121.95809173583984,90.9017105102539,-1.1835738234581443,14.369206668333248,0.789,False,False,0.0,False,False,0.0,0.0,-0.004398128301739186,-0.0,4.782237862608131
2020-03-31 00:00:00-04:00,121.1729736328125,88.92314147949219,-1.1969537064725553,14.736089847750904,0.82,False,False,0.0,False,False,0.0,0.0,0.001611894948574597,0.0,4.782237862608131
2020-04-01 00:00:00-04:00,117.30863952636719,85.63177490234375,-1.2094702998237596,13.739551060788799,0.552,False,False,0.0,False,False,0.0,0.0,-0.004511721466993923,-0.0,4.782237862608131
2020-04-02 00:00:00-04:00,117.77098846435547,86.36320495605469,-1.2206202430599453,12.354312239460128,0.187,False,False,0.0,False,False,0.0,0.0,-0.006206610133482821,-0.0,4.782237862608131
2020-04-03 00:00:00-04:00,119.06200408935547,86.63513946533203,-1.2316021044293688,12.361984006320682,0.164,False,False,0.0,False,False,0.0,0.0,3.39816534188045e-05,0.0,4.782237862608131
2020-04-06 00:00:00-04:00,121.68766784667969,92.46768951416016,-1.237764690334849,7.23442676920628,-1.05,False,False,0.0,False,True,0.0,0.0,-0.02171397264656646,-0.0,4.782237862608131
2020-04-07 00:00:00-04:00,122.5599594116211,94.48377227783203,-1.2412656889622644,5.280494719424212,-1.469,False,False,0.0,False,False,0.0,0.0,-0.008146834312511859,-0.0,4.782237862608131
2020-04-08 00:00:00-04:00,127.19197082519531,95.74030303955078,-1.2467329865397483,7.8293768844756215,-0.838,False,False,0.0,False,False,0.0,0.0,0.010338004358067275,0.0,4.782237862608131
2020-04-09 00:00:00-04:00,129.35528564453125,99.31299591064453,-1.2500339859453857,5.210665510170472,-1.353,False,False,0.0,False,False,0.0,0.0,-0.010330226223394518,-0.0,4.782237862608131
2020-04-13 00:00:00-04:00,122.74315643310547,96.19978332519531,-1.2503712609667532,2.457712052052571,-1.809,True,False,1.0,False,False,0.0,1.0,-0.011327693320437858,-0.0,4.782237862608131
2020-04-14 00:00:00-04:00,126.3807373046875,100.28820037841797,-1.2489801493225536,1.122765820760847,-1.908,False,False,1.0,False,False,0.0,1.0,-0.005305011449622117,-0.005305011449622117,4.776932851158509
2020-04-15 00:00:00-04:00,122.90888977050781,99.93187713623047,-1.2448828072382008,-1.4945859714257494,-2.186,False,False,1.0,False,False,0.0,1.0,-0.01058318206921573,-0.01058318206921573,4.766349669089293
2020-04-16 00:00:00-04:00,123.82483673095703,100.3819808959961,-1.2410660223229282,-0.7558290125330132,-1.89,False,False,1.0,False,False,0.0,1.0,0.0029739959523188524,0.0029739959523188524,4.769323665041612
2020-04-17 00:00:00-04:00,130.1490936279297,103.09196472167969,-1.24013452710094,2.3011887099026467,-1.288,False,False,1.0,False,False,0.0,1.0,0.011849043747271023,0.011849043747271023,4.781172708788883
2020-04-20 00:00:00-04:00,125.36880493164062,102.95130157470703,-1.235832689372895,-1.861778967869526,-1.838,True,False,1.0,False,False,0.0,1.0,-0.01648051365854608,-0.01648051365854608,4.764692195130337
2020-04-21 00:00:00-04:00,126.22370910644531,100.67266082763672,-1.2345177699328806,1.9415203683019655,-1.141,False,False,1.0,False,False,0.0,1.0,0.015182474220750763,0.015182474220750763,4.779874669351088
2020-04-22 00:00:00-04:00,130.13165283203125,102.59498596191406,-1.2350089989950814,3.425921917293337,-0.845,False,False,1.0,False,False,0.0,1.0,0.005779538505402816,0.005779538505402816,4.78565420785649
2020-04-23 00:00:00-04:00,129.56466674804688,103.38264465332031,-1.234429068687439,1.9461249902042255,-1.028,False,False,1.0,False,False,0.0,1.0,-0.005753862920079497,-0.005753862920079497,4.7799003449364115
2020-04-24 00:00:00-04:00,130.87307739257812,104.49852752685547,-1.2336986411600954,1.9533859794657076,-0.968,False,False,1.0,False,False,0.0,1.0,2.7949158457573905e-05,2.7949158457573905e-05,4.779928294094869
2020-04-27 00:00:00-04:00,134.53684997558594,107.21788024902344,-1.23326827445644,2.3084398099955763,-0.857,False,False,1.0,False,False,0.0,1.0,0.0013309597746796892,0.0013309597746796892,4.781259253869548
2020-04-28 00:00:00-04:00,134.46705627441406,105.4643783569336,-1.234624900683785,4.2581086198077855,-0.489,False,False,1.0,False,False,0.0,1.0,0.007366246961832864,0.007366246961832864,4.788625500831381
2020-04-29 00:00:00-04:00,129.6344451904297,108.32437896728516,-1.2293097252387848,-3.5297673545056227,-1.762,True,False,1.0,False,False,0.0,1.0,-0.029634382616047086,-0.029634382616047086,4.758991118215334
2020-04-30 00:00:00-04:00,130.40203857421875,108.77449035644531,-1.223794880543934,-2.7156258577745405,-1.51,False,False,1.0,False,False,0.0,1.0,0.0030894900360140826,0.0030894900360140826,4.762080608251349
2020-05-01 00:00:00-04:00,127.28789520263672,106.01762390136719,-1.2189709642298667,-1.9445100297722036,-1.314,False,False,1.0,False,False,0.0,1.0,0.0030060616126464956,0.0030060616126464956,4.7650866698639955
2020-05-04 00:00:00-04:00,127.1570816040039,106.75841522216797,-1.213834841610897,-2.430002427826736,-1.314,False,False,1.0,False,False,0.0,1.0,-0.0018909578601414212,-0.0018909578601414212,4.763195712003854
2020-05-05 00:00:00-04:00,129.1023406982422,108.16499328613281,-1.2093070933503247,-1.7023529348684576,-1.118,False,False,1.0,False,False,0.0,1.0,0.0027996529406380173,0.0027996529406380173,4.765995364944492
2020-05-06 00:00:00-04:00,130.58526611328125,108.77449035644531,-1.20585746493715,-0.5812650777723718,-0.873,False,False,1.0,False,False,0.0,1.0,0.004283018755331081,0.004283018755331081,4.770278383699823
2020-05-07 00:00:00-04:00,130.00082397460938,109.42150115966797,-1.201776562720828,-1.499371576809466,-0.975,False,False,1.0,False,False,0.0,1.0,-0.0035109098262835316,-0.0035109098262835316,4.766767473873539
2020-05-08 00:00:00-04:00,126.53771209716797,109.53404998779297,-1.195153771700864,-4.372320875413777,-1.379,False,False,1.0,False,False,0.0,1.0,-0.011159349241244858,-0.011159349241244858,4.755608124632294
2020-05-11 00:00:00-04:00,125.92710876464844,111.8314437866211,-1.1861890779074773,-6.726128421665521,-1.654,True,False,1.0,False,False,0.0,1.0,-0.009102809177531706,-0.009102809177531706,4.746505315454763
2020-05-12 00:00:00-04:00,115.9565658569336,110.50926208496094,-1.1712057079892848,-13.472512682656514,-2.438,False,False,1.0,False,False,0.0,1.0,-0.027492986713148437,-0.027492986713148437,4.719012328741615
2020-05-13 00:00:00-04:00,116.38399505615234,107.0022201538086,-1.160346815083378,-7.775690306169906,-1.49,False,False,1.0,False,False,0.0,1.0,0.023683109722840476,0.023683109722840476,4.742695438464454
2020-05-14 00:00:00-04:00,115.77338409423828,107.71487426757812,-1.149783862617491,-8.07544010249508,-1.44,False,False,1.0,False,False,0.0,1.0,-0.0012509266084435255,-0.0012509266084435255,4.741444511856011
2020-05-15 00:00:00-04:00,114.07238006591797,108.35252380371094,-1.1382668744608295,-9.261708544074708,-1.537,True,False,1.0,False,False,0.0,1.0,-0.004996782304188316,-0.004996782304188316,4.736447729551823
2020-05-18 00:00:00-04:00,114.64808654785156,112.00021362304688,-1.1248697694235215,-11.337567925690323,-1.742,False,False,1.0,False,False,0.0,1.0,-0.008626634705525613,-0.008626634705525613,4.727821094846297
2020-05-19 00:00:00-04:00,114.63066101074219,112.12212371826172,-1.1123425037266652,-10.087542809179965,-1.504,False,False,1.0,False,False,0.0,1.0,0.00522260724902427,0.00522260724902427,4.733043702095321
2020-05-20 00:00:00-04:00,115.799560546875,113.425537109375,-1.1008355585675778,-9.06330395275134,-1.307,False,False,1.0,False,False,0.0,1.0,0.004255915131872866,0.004255915131872866,4.737299617227194
2020-05-21 00:00:00-04:00,114.0549087524414,110.4530029296875,-1.0916542461980656,-6.521580901079332,-0.869,False,False,1.0,False,False,0.0,1.0,0.010832834262336397,0.010832834262336397,4.74813245148953
2020-05-22 00:00:00-04:00,118.46883392333984,109.53404998779297,-1.08767940946227,-0.6690968833935642,0.193,False,False,1.0,False,False,0.0,1.0,0.024630965470761424,0.024630965470761424,4.7727634169602915
2020-05-26 00:00:00-04:00,120.67579650878906,109.82472229003906,-1.0860957441857249,1.3956330231985277,0.627,False,True,0.0,False,False,0.0,0.0,0.00860462022547993,0.00860462022547993,4.781368037185771
2020-05-27 00:00:00-04:00,121.5306625366211,109.43089294433594,-1.0859052953594144,2.6990764124575293,0.905,False,False,0.0,False,False,0.0,0.0,0.005422829069545395,0.0,4.781368037185771
2020-05-28 00:00:00-04:00,127.40133666992188,111.8314437866211,-1.0883823343699452,5.6859688254779,1.529,False,False,0.0,True,False,-1.0,-1.0,0.011989932264249768,0.0,4.781368037185771
2020-05-29 00:00:00-04:00,125.2292709350586,113.55681610107422,-1.0878705100888513,1.6941594791171042,0.777,False,False,0.0,False,False,-1.0,-1.0,-0.01604654696943952,0.01604654696943952,4.797414584155211
2020-06-01 00:00:00-04:00,124.25227355957031,114.61642456054688,-1.0854461932349195,-0.15768816187262757,0.422,False,False,0.0,False,False,-1.0,-1.0,-0.007447241190030156,0.007447241190030156,4.804861825345242
2020-06-02 00:00:00-04:00,122.12383270263672,115.60102844238281,-1.0806090952300926,-2.795690050154775,-0.096,False,False,0.0,False,False,-1.0,-1.0,-0.010678295246674215,0.010678295246674215,4.8155401205919155
2020-06-03 00:00:00-04:00,121.67896270751953,116.55747985839844,-1.0748284835216841,-3.600336611792102,-0.249,False,False,0.0,False,True,0.0,0.0,-0.003258228961580175,0.003258228961580175,4.818798349553496
2020-06-04 00:00:00-04:00,119.47200012207031,116.27619171142578,-1.0680435417714933,-4.716035497102027,-0.455,False,False,0.0,False,False,0.0,0.0,-0.004578916201484732,-0.0,4.818798349553496
2020-06-05 00:00:00-04:00,123.2403793334961,118.77987670898438,-1.0625831570387028,-2.973117052604408,-0.065,False,False,0.0,False,False,0.0,0.0,0.006986936721146716,0.0,4.818798349553496
2020-06-08 00:00:00-04:00,123.51954650878906,119.54876708984375,-1.0573808317387625,-2.889028270013526,-0.041,False,False,0.0,False,False,0.0,0.0,0.0003364518652709813,0.0,4.818798349553496
2020-06-09 00:00:00-04:00,123.41484832763672,115.81671905517578,-1.0555268481738809,1.1671918974871716,0.817,False,True,0.0,False,False,0.0,0.0,0.016511352318498804,0.0,4.818798349553496
2020-06-10 00:00:00-04:00,120.62344360351562,114.19446563720703,-1.0534014679204022,0.3308258728958009,0.673,False,False,0.0,False,False,0.0,0.0,-0.0034716075796681046,-0.0,4.818798349553496
2020-06-11 00:00:00-04:00,116.8288803100586,112.01869201660156,-1.0503144954131922,-0.8259756722040663,0.449,False,False,0.0,False,False,0.0,0.0,-0.00493339778438932,-0.0,4.818798349553496
2020-06-12 00:00:00-04:00,119.63501739501953,114.5617904663086,-1.047478922849717,-0.36604348236437545,0.571,False,False,0.0,False,False,0.0,0.0,0.0019192944282657991,0.0,4.818798349553496
2020-06-15 00:00:00-04:00,122.73145294189453,115.28706359863281,-1.0466389910135039,2.0675170201118362,1.11,False,False,0.0,False,False,0.0,0.0,0.00999838375672441,0.0,4.818798349553496
2020-06-16 00:00:00-04:00,125.36166381835938,117.83956909179688,-1.046058818433412,2.094543409491905,1.153,False,False,0.0,False,False,0.0,0.0,0.00010870177185666841,0.0,4.818798349553496
2020-06-17 00:00:00-04:00,127.99189758300781,118.78145599365234,-1.046766335764119,3.6554681358053926,1.411,False,False,0.0,False,False,0.0,0.0,0.00618608598045595,0.0,4.818798349553496
2020-06-18 00:00:00-04:00,125.93347930908203,118.62133026123047,-1.046164524606886,1.8360517281054314,0.97,False,False,0.0,False,False,0.0,0.0,-0.007276766021970151,-0.0,4.818798349553496
2020-06-19 00:00:00-04:00,123.02175903320312,116.16301727294922,-1.0452276137577703,1.6049656820957665,0.888,False,False,0.0,False,False,0.0,0.0,-0.0009453747936059916,-0.0,4.818798349553496
2020-06-22 00:00:00-04:00,125.00981903076172,117.46280670166016,-1.044795143908944,2.285248998952227,0.987,False,False,0.0,False,False,0.0,0.0,0.002746018909327274,0.0,4.818798349553496
2020-06-23 00:00:00-04:00,124.83387756347656,117.40629577636719,-1.0443688666434587,2.218397506705273,0.936,False,False,0.0,False,False,0.0,0.0,-0.00027016231882706605,-0.0,4.818798349553496
2020-06-24 00:00:00-04:00,123.17130279541016,115.56961059570312,-1.0441660828615016,2.4974352018657413,0.963,False,False,0.0,False,False,0.0,0.0,0.0011443232388625075,0.0,4.818798349553496
2020-06-25 00:00:00-04:00,125.85430908203125,117.53816986083984,-1.0444605788583894,3.0903241512227737,1.039,False,False,0.0,False,False,0.0,0.0,0.0023847358124274355,0.0,4.818798349553496
2020-06-26 00:00:00-04:00,123.67268371582031,117.39688110351562,-1.0433044502555335,1.1919952144027093,0.624,False,False,0.0,False,False,0.0,0.0,-0.007711976154219536,-0.0,4.818798349553496
2020-06-29 00:00:00-04:00,123.26805114746094,118.46121215820312,-1.0409971703335308,-0.04973550350857181,0.341,False,False,0.0,False,False,0.0,0.0,-0.005035693570229786,-0.0,4.818798349553496
2020-06-30 00:00:00-04:00,125.00981903076172,118.85680389404297,-1.039734360026655,1.4303160991753003,0.604,False,False,0.0,False,False,0.0,0.0,0.005953802001632411,0.0,4.818798349553496
2020-07-01 00:00:00-04:00,129.65447998046875,119.8740463256836,-1.0412832644583512,4.831641698629326,1.284,False,False,0.0,False,False,0.0,0.0,0.013365928337660465,0.0,4.818798349553496
2020-07-02 00:00:00-04:00,130.71005249023438,120.76882934570312,-1.0430758784612792,4.7389997297247675,1.201,False,False,0.0,False,False,0.0,0.0,-0.0003609224325805347,-0.0,4.818798349553496
2020-07-06 00:00:00-04:00,130.02392578125,121.21150207519531,-1.0439080642383358,3.4902612865118385,0.877,False,False,0.0,False,False,0.0,0.0,-0.004867283177510423,-0.0,4.818798349553496
2020-07-07 00:00:00-04:00,129.74241638183594,119.72334289550781,-1.0454795724982033,4.574107033384621,1.138,False,False,0.0,False,False,0.0,0.0,0.004251864035017359,0.0,4.818798349553496
2020-07-08 00:00:00-04:00,129.40818786621094,121.1173324584961,-1.0457065050839038,2.755005435951716,0.631,False,False,0.0,False,False,0.0,0.0,-0.00710416255027743,-0.0,4.818798349553496
2020-07-09 00:00:00-04:00,129.3377685546875,120.15660095214844,-1.0464434614032772,3.6006791438689874,0.895,False,False,0.0,False,False,0.0,0.0,0.003315394212751585,0.0,4.818798349553496
2020-07-10 00:00:00-04:00,129.65447998046875,118.73436737060547,-1.0484575697230538,5.1665337244794785,1.446,False,False,0.0,False,False,0.0,0.0,0.00616132695275993,0.0,4.818798349553496
2020-07-13 00:00:00-04:00,125.51998138427734,117.84898376464844,-1.0481414355281011,1.9975783656708472,0.206,False,False,0.0,False,False,0.0,0.0,-0.012724562392890161,-0.0,4.818798349553496
2020-07-14 00:00:00-04:00,129.11788940429688,119.41252899169922,-1.049013134266711,3.8525780959999736,0.883,False,False,0.0,False,False,0.0,0.0,0.007292147143100596,0.0,4.818798349553496
2020-07-15 00:00:00-04:00,126.82192993164062,121.26803588867188,-1.0469066265273703,-0.1343804261689172,-0.603,False,False,0.0,False,True,0.0,0.0,-0.015710403372730112,-0.0,4.818798349553496
2020-07-16 00:00:00-04:00,123.55836486816406,120.05300903320312,-1.0432651269480255,-1.6887528413530504,-1.135,False,False,0.0,False,False,0.0,0.0,-0.006247339886084835,-0.0,4.818798349553496
2020-07-17 00:00:00-04:00,126.45247650146484,121.59770202636719,-1.040696667095568,-0.09384672385547788,-0.494,False,False,0.0,False,False,0.0,0.0,0.006304006656236791,0.0,4.818798349553496
2020-07-20 00:00:00-04:00,126.88352966308594,121.80492401123047,-1.0386158167292705,0.37500902951506987,-0.319,False,False,0.0,False,False,0.0,0.0,0.0018503175329361693,0.0,4.818798349553496
2020-07-21 00:00:00-04:00,126.0566177368164,122.39828491210938,-1.0357458830182646,-0.7169019493974531,-0.789,False,False,0.0,False,False,0.0,0.0,-0.004318753254820882,-0.0,4.818798349553496
2020-07-22 00:00:00-04:00,127.43769836425781,123.66043853759766,-1.0331047677261604,-0.3164902680421591,-0.706,False,False,0.0,False,False,0.0,0.0,0.0015690611722334851,0.0,4.818798349553496
2020-07-23 00:00:00-04:00,128.24697875976562,122.17225646972656,-1.0323765582273217,2.1192051146836803,0.266,False,True,0.0,False,False,0.0,0.0,0.009575224583803556,0.0,4.818798349553496
2020-07-24 00:00:00-04:00,129.30262756347656,123.6510009765625,-1.0315706082784801,1.7478892718410464,0.027,False,False,0.0,False,False,0.0,0.0,-0.0014456110363293437,-0.0,4.818798349553496
2020-07-27 00:00:00-04:00,132.8388214111328,126.03395080566406,-1.0315857638309092,2.8239920006446084,0.537,False,True,0.0,False,False,0.0,0.0,0.004093923464406556,0.0,4.818798349553496
2020-07-28 00:00:00-04:00,135.44268798828125,124.84721374511719,-1.0343582053427944,6.30594803683357,2.212,False,False,0.0,True,False,-1.0,-1.0,0.013160343052000813,0.0,4.818798349553496
2020-07-29 00:00:00-04:00,138.28404235839844,126.22235107421875,-1.0381394008082523,7.247646445600111,2.38,False,False,0.0,False,False,-1.0,-1.0,0.003496572390908863,-0.003496572390908863,4.815301777162587
2020-07-30 00:00:00-04:00,139.62985229492188,126.10934448242188,-1.0426928194843577,8.13654433322128,2.486,False,False,0.0,False,False,-1.0,-1.0,0.0032785760050148918,-0.0032785760050148918,4.812023201157572
2020-07-31 00:00:00-04:00,141.22213745117188,126.53317260742188,-1.0477073013111753,8.652408652308765,2.409,False,False,0.0,False,False,-1.0,-1.0,0.0018841477146599424,-0.0018841477146599424,4.810139053442912
2020-08-03 00:00:00-04:00,141.32766723632812,129.07627868652344,-1.0505393284035702,5.727960112155728,1.149,False,False,0.0,False,False,-1.0,-1.0,-0.01056034473625575,0.01056034473625575,4.820699398179167
2020-08-04 00:00:00-04:00,141.71475219726562,129.30235290527344,-1.053003013990715,5.558984871921609,1.025,False,False,0.0,False,False,-1.0,-1.0,-0.0006081078357086002,0.0006081078357086002,4.821307506014876
2020-08-05 00:00:00-04:00,140.4040069580078,127.16423797607422,-1.0558523224874312,6.137350953625457,1.198,False,False,0.0,False,False,-1.0,-1.0,0.0021056711170608054,-0.0021056711170608054,4.819201834897815
2020-08-06 00:00:00-04:00,138.10809326171875,127.493896484375,-1.056671161165325,3.3889696220824703,0.121,False,False,0.0,False,False,-1.0,-1.0,-0.010073706585280704,0.010073706585280704,4.829275541483096
2020-08-07 00:00:00-04:00,139.5243682861328,127.39032745361328,-1.0582703585046391,4.710960781774105,0.597,False,True,0.0,False,False,-1.0,-1.0,0.004818844783159661,-0.004818844783159661,4.8244566966999365
2020-08-10 00:00:00-04:00,139.19888305664062,128.661865234375,-1.0586588919735234,2.9898553683703994,-0.076,False,False,0.0,False,False,-1.0,-1.0,-0.006249295485915919,0.006249295485915919,4.830705992185853
2020-08-11 00:00:00-04:00,133.38424682617188,133.85166931152344,-1.0512161294695483,-7.322786910525707,-3.249,True,False,1.0,False,True,0.0,1.0,-0.03762484621078872,0.03762484621078872,4.868330838396641
2020-08-12 00:00:00-04:00,135.8561248779297,131.03541564941406,-1.0474342524282265,-1.3948577544362593,-1.295,False,False,1.0,False,False,0.0,1.0,0.0217055103769717,0.0217055103769717,4.890036348773613
2020-08-13 00:00:00-04:00,133.8328857421875,130.7716827392578,-1.0431529347803117,-2.581978893429124,-1.549,True,False,1.0,False,False,0.0,1.0,-0.004392714231046435,-0.004392714231046435,4.885643634542566
2020-08-14 00:00:00-04:00,134.87091064453125,130.80938720703125,-1.0398870759915995,-1.1560805304414146,-1.087,False,False,1.0,False,False,0.0,1.0,0.005263600616359771,0.005263600616359771,4.890907235158926
2020-08-17 00:00:00-04:00,137.68585205078125,130.11233520507812,-1.0393858538399061,2.4489314285470414,-0.053,False,False,1.0,False,False,0.0,1.0,0.013208908599604345,0.013208908599604345,4.9041161437585306
2020-08-18 00:00:00-04:00,137.63307189941406,131.1484375,-1.0384208872026235,1.445795075426247,-0.35,False,False,1.0,False,True,0.0,1.0,-0.0036634835862184483,-0.0036634835862184483,4.900452660172312
2020-08-19 00:00:00-04:00,133.69215393066406,129.3212127685547,-1.0361316740770208,-0.30165074888910226,-0.818,False,False,1.0,False,False,0.0,1.0,-0.006527969690258724,-0.006527969690258724,4.893924690482053
2020-08-20 00:00:00-04:00,136.48069763183594,129.3212127685547,-1.0357901384709913,2.531060751058135,0.035,False,False,1.0,False,False,0.0,1.0,0.010474828961227759,0.010474828961227759,4.904399519443281
2020-08-21 00:00:00-04:00,135.96170043945312,128.91616821289062,-1.0355860472469105,2.4579153736479213,0.022,False,False,1.0,False,False,0.0,1.0,-0.00027144618270151776,-0.00027144618270151776,4.90412807326058
2020-08-24 00:00:00-04:00,134.45745849609375,130.32899475097656,-1.033429602377716,-0.22838272769541845,-0.732,False,False,1.0,False,True,0.0,1.0,-0.009980921331272844,-0.009980921331272844,4.894147151929307
2020-08-25 00:00:00-04:00,136.1288299560547,130.2348175048828,-1.0324696856368927,1.6653288678102456,-0.161,False,False,1.0,False,False,0.0,1.0,0.006998393443735998,0.006998393443735998,4.901145545373042
2020-08-26 00:00:00-04:00,135.43386840820312,130.94125366210938,-1.0307516186992867,0.4659592414699887,-0.489,False,False,1.0,False,True,0.0,1.0,-0.004435509400480463,-0.004435509400480463,4.896710035972562
2020-08-27 00:00:00-04:00,135.2051544189453,130.74343872070312,-1.0291018627295403,0.656838091804218,-0.397,False,False,1.0,False,False,0.0,1.0,0.0007076047985825541,0.0007076047985825541,4.897417640771145
2020-08-28 00:00:00-04:00,135.72415161132812,130.4231719970703,-1.028167536144864,1.62728020290254,-0.104,False,False,1.0,False,False,0.0,1.0,0.0035966141564413062,0.0035966141564413062,4.901014254927587
2020-08-31 00:00:00-04:00,136.92054748535156,129.41539001464844,-1.0288617958956363,3.7699968983461645,0.538,False,True,0.0,False,False,0.0,0.0,0.007933898557592238,0.007933898557592238,4.908948153485179
2020-09-01 00:00:00-04:00,135.08201599121094,131.25204467773438,-1.0271636420441574,0.26468775428682534,-0.515,False,False,0.0,False,True,0.0,0.0,-0.012987468176641592,-0.0,4.908948153485179
2020-09-02 00:00:00-04:00,136.34873962402344,134.81239318847656,-1.0238248632182145,-1.675540392288724,-1.097,False,False,0.0,False,False,0.0,0.0,-0.007071497587914859,-0.0,4.908948153485179
2020-09-03 00:00:00-04:00,130.33180236816406,130.27249145507812,-1.0197385012525326,-2.5120728226706603,-1.299,False,False,0.0,False,False,0.0,0.0,-0.0031786084418625737,-0.0,4.908948153485179
2020-09-04 00:00:00-04:00,127.71038818359375,127.54100799560547,-1.0160435393155902,-1.8768289881392093,-1.077,False,False,0.0,False,False,0.0,0.0,0.002468906905115508,0.0,4.908948153485179
2020-09-08 00:00:00-04:00,126.9450912475586,124.6494140625,-1.0141280584254522,0.5346229804852101,-0.393,False,False,0.0,False,False,0.0,0.0,0.009518054284043257,0.0,4.908948153485179
2020-09-09 00:00:00-04:00,129.8215789794922,128.4546356201172,-1.011872417436365,-0.15812369634318202,-0.596,False,False,0.0,False,False,0.0,0.0,-0.002666448265437902,-0.0,4.908948153485179
2020-09-10 00:00:00-04:00,128.10623168945312,126.09992980957031,-1.0102204066050628,0.7175093243591135,-0.328,False,False,0.0,False,False,0.0,0.0,0.003427202795227617,0.0,4.908948153485179
2020-09-11 00:00:00-04:00,128.07989501953125,126.61795043945312,-1.0083916561200208,0.39941028136840373,-0.408,False,False,0.0,False,False,0.0,0.0,-0.0012437385465726748,-0.0,4.908948153485179
2020-09-14 00:00:00-04:00,127.9025650024414,128.6753692626953,-1.0051992176126412,-1.4418155064376208,-0.896,False,False,0.0,False,False,0.0,0.0,-0.007157425267562602,-0.0,4.908948153485179
2020-09-15 00:00:00-04:00,130.56201171875,128.29701232910156,-1.0041864725960603,1.7278874633762484,0.053,False,False,0.0,False,False,0.0,0.0,0.012219545822880203,0.0,4.908948153485179
2020-09-16 00:00:00-04:00,133.3544464111328,127.75779724121094,-1.005678252372612,4.871208154617278,1.031,False,True,0.0,False,False,0.0,0.0,0.012004844509799497,0.0,4.908948153485179
2020-09-17 00:00:00-04:00,130.07444763183594,126.26324462890625,-1.0060804752350474,3.043462470866885,0.555,False,False,0.0,False,False,0.0,0.0,-0.007108934509459895,-0.0,4.908948153485179
2020-09-18 00:00:00-04:00,128.43447875976562,124.39974975585938,-1.0065095429976978,3.2249434839676354,0.727,False,False,0.0,False,False,0.0,0.0,0.0007154949577296349,0.0,4.908948153485179
2020-09-21 00:00:00-04:00,125.75726318359375,123.83220672607422,-1.0054931070022504,1.2448328956484147,0.077,False,False,0.0,False,False,0.0,0.0,-0.007911907194405866,-0.0,4.908948153485179
2020-09-22 00:00:00-04:00,127.13130950927734,124.90108489990234,-1.0046302591378165,1.651900219694042,0.281,False,True,0.0,False,False,0.0,0.0,0.0016114412166720112,0.0,4.908948153485179
2020-09-23 00:00:00-04:00,123.39031982421875,121.91193389892578,-1.0033538461855294,1.069512050815547,0.122,False,False,0.0,False,False,0.0,0.0,-0.0023702148721250326,-0.0,4.908948153485179
2020-09-24 00:00:00-04:00,125.21649932861328,120.9376449584961,-1.0040371988772012,3.790605045679385,1.231,False,True,0.0,False,False,0.0,0.0,0.011032543736781362,0.0,4.908948153485179
2020-09-25 00:00:00-04:00,125.8990707397461,123.34976196289062,-1.0036663023483197,2.097071254906254,0.591,False,False,0.0,False,False,0.0,0.0,-0.006782244822779231,-0.0,4.908948153485179
2020-09-28 00:00:00-04:00,129.3741455078125,124.86322784423828,-1.0045567430615974,3.9419480164463323,1.343,False,False,0.0,False,False,0.0,0.0,0.007240309404487725,0.0,4.908948153485179
2020-09-29 00:00:00-04:00,130.7747802734375,124.59838104248047,-1.0066207255776785,5.351467542651761,2.063,False,False,0.0,True,False,-1.0,-1.0,0.005501678446069441,0.0,4.908948153485179
2020-09-30 00:00:00-04:00,130.10104370117188,124.86322784423828,-1.0079803639117262,4.241361859543787,1.429,False,False,0.0,False,False,-1.0,-1.0,-0.004337015691582537,0.004337015691582537,4.913285169176762
2020-10-01 00:00:00-04:00,130.535400390625,126.69837188720703,-1.00819752142448,2.798415885425854,0.691,False,False,0.0,False,False,-1.0,-1.0,-0.0055869154369715315,0.0055869154369715315,4.918872084613733
2020-10-02 00:00:00-04:00,132.39707946777344,126.19702911376953,-1.0098982469518272,4.950920995248893,1.66,False,False,0.0,True,False,-1.0,-1.0,0.008283860403238981,-0.008283860403238981,4.910588224210494
2020-10-05 00:00:00-04:00,134.72853088378906,128.94021606445312,-1.0112897000609766,4.332618454170728,1.294,False,False,0.0,False,False,-1.0,-1.0,-0.0023321219777056204,0.0023321219777056204,4.9129203461882
2020-10-06 00:00:00-04:00,135.65933227539062,128.41050720214844,-1.013521866812744,5.5124752974978435,1.723,False,False,0.0,True,False,-1.0,-1.0,0.004438786194714394,-0.004438786194714394,4.908481559993485
2020-10-07 00:00:00-04:00,135.2603759765625,130.0753631591797,-1.0142225619161804,3.335007911081732,0.672,False,False,0.0,False,False,-1.0,-1.0,-0.008149639099283209,0.008149639099283209,4.916631199092768
2020-10-08 00:00:00-04:00,139.0457305908203,131.53208923339844,-1.0162754307411734,5.372899948861857,1.526,False,False,0.0,True,False,-1.0,-1.0,0.0074725094931865806,-0.0074725094931865806,4.909158689599582
2020-10-09 00:00:00-04:00,140.36659240722656,133.22531127929688,-1.0179931121723524,4.744143157884736,1.187,False,False,0.0,False,False,-1.0,-1.0,-0.0022781947689050836,0.0022781947689050836,4.911436884368486
2020-10-12 00:00:00-04:00,141.00482177734375,134.93743896484375,-1.018781286343114,3.5330841328947997,0.612,False,False,0.0,False,False,-1.0,-1.0,-0.004348872406009633,0.004348872406009633,4.915785756774496
2020-10-13 00:00:00-04:00,140.0474395751953,134.3982696533203,-1.0191406942930124,3.0766937289309624,0.39,False,False,0.0,False,False,-1.0,-1.0,-0.0016475106255911616,0.0016475106255911616,4.917433267400087
2020-10-14 00:00:00-04:00,138.61134338378906,134.038818359375,-1.018718631920696,2.0635017204598967,-0.081,False,False,0.0,False,False,-1.0,-1.0,-0.0036822031156167542,0.0036822031156167542,4.921115470515704
2020-10-15 00:00:00-04:00,138.88612365722656,135.52392578125,-1.0174478225402581,0.9976004689862066,-0.564,False,False,0.0,False,True,0.0,0.0,-0.003851152060429944,0.003851152060429944,4.924966622576134
2020-10-16 00:00:00-04:00,139.7992401123047,135.5901641845703,-1.0167787830509525,1.934037979038436,-0.148,False,False,0.0,False,False,0.0,0.0,0.003372551063718951,0.0,4.924966622576134
2020-10-19 00:00:00-04:00,137.56527709960938,134.12393188476562,-1.0157345936415811,1.330959649025857,-0.388,False,False,0.0,False,True,0.0,0.0,-0.0022026268190913005,-0.0,4.924966622576134
2020-10-20 00:00:00-04:00,137.93760681152344,135.73207092285156,-1.013925717795922,0.3153693731441649,-0.848,False,False,0.0,False,False,0.0,0.0,-0.0036855525109117954,-0.0,4.924966622576134
2020-10-21 00:00:00-04:00,137.29046630859375,136.6968536376953,-1.0111550290141091,-0.9312446975674789,-1.444,False,False,0.0,False,False,0.0,0.0,-0.004524714961282699,-0.0,4.924966622576134
2020-10-22 00:00:00-04:00,135.01219177246094,136.9522705078125,-1.0069048521682722,-2.8857139173172186,-2.309,True,False,1.0,False,False,0.0,1.0,-0.007161586316974467,-0.0,4.924966622576134
2020-10-23 00:00:00-04:00,135.2781524658203,137.85092163085938,-1.0025069558334117,-2.9183553371627227,-2.244,False,False,1.0,False,False,0.0,1.0,-0.00011935811461807906,-0.00011935811461807906,4.9248472644615156
2020-10-26 00:00:00-04:00,135.3402099609375,134.49285888671875,-1.0007218923896997,0.750261702919488,-0.631,False,False,1.0,False,False,0.0,1.0,0.01359098614355788,0.01359098614355788,4.938438250605074
2020-10-27 00:00:00-04:00,133.558349609375,132.42124938964844,-0.9995011004365049,1.2031651232445313,-0.455,False,False,1.0,False,False,0.0,1.0,0.0017031980785241962,0.0017031980785241962,4.9401414486835975
2020-10-28 00:00:00-04:00,132.86691284179688,128.15505981445312,-1.0007533233913,4.615310823072065,1.012,False,True,0.0,False,False,0.0,0.0,0.013067421517965338,0.013067421517965338,4.953208870201563
2020-10-29 00:00:00-04:00,131.8385772705078,130.65237426757812,-0.9998148051218814,1.21039915345807,-0.513,False,False,0.0,False,True,0.0,0.0,-0.012972735021569926,-0.0,4.953208870201563
2020-10-30 00:00:00-04:00,127.9202880859375,130.16049194335938,-0.9965347955896254,-1.7891711466832305,-1.834,True,False,1.0,False,False,0.0,1.0,-0.01164295013041465,-0.0,4.953208870201563
2020-11-02 00:00:00-05:00,129.3829803466797,133.15908813476562,-0.9923400743965453,-2.7561190795497623,-2.056,False,False,1.0,False,False,0.0,1.0,-0.0036973854509958558,-0.0036973854509958558,4.949511484750568
2020-11-03 00:00:00-05:00,129.329833984375,135.89283752441406,-0.98663917371975,-4.747362945145113,-2.521,False,False,1.0,False,False,0.0,1.0,-0.007559569912339457,-0.007559569912339457,4.941951914838228
2020-11-04 00:00:00-05:00,131.20912170410156,137.00901794433594,-0.9818343394498696,-3.311036927950852,-1.813,False,False,1.0,False,False,0.0,1.0,0.005405222997545751,0.005405222997545751,4.947357137835773
2020-11-05 00:00:00-05:00,130.7659149169922,136.857666015625,-0.9773526558304391,-2.9922884341341387,-1.575,False,False,1.0,False,False,0.0,1.0,0.0012049883991811794,0.0012049883991811794,4.948562126234955
2020-11-06 00:00:00-05:00,130.03012084960938,138.6644287109375,-0.9716925527880943,-4.7090718654241925,-1.976,False,False,1.0,False,False,0.0,1.0,-0.006484072524027238,-0.006484072524027238,4.942078053710928
2020-11-09 00:00:00-05:00,122.53046417236328,138.93873596191406,-0.9614584200494927,-11.053353389252237,-3.218,False,False,1.0,False,False,0.0,1.0,-0.02477129147533339,-0.02477129147533339,4.917306762235594
2020-11-10 00:00:00-05:00,120.40287017822266,138.34278869628906,-0.9507883795680788,-11.131845711251145,-2.748,False,False,1.0,False,False,0.0,1.0,-0.0003115546323358717,-0.0003115546323358717,4.916995207603258
2020-11-11 00:00:00-05:00,124.98600006103516,140.78334045410156,-0.9425121393385756,-7.704007333591136,-1.789,False,False,1.0,False,False,0.0,1.0,0.013302900846326723,0.013302900846326723,4.930298108449585
2020-11-12 00:00:00-05:00,125.34947967529297,137.68063354492188,-0.9372941242614304,-3.6977691709535065,-0.85,False,False,1.0,False,False,0.0,1.0,0.015747994032472106,0.015747994032472106,4.9460461024820574
2020-11-13 00:00:00-05:00,128.23052978515625,138.7589874267578,-0.9339853635857631,-1.3683335374164756,-0.303,False,False,1.0,False,False,0.0,1.0,0.009034794696831645,0.009034794696831645,4.955080897178888
2020-11-16 00:00:00-05:00,125.88136291503906,140.48060607910156,-0.9286152515817965,-4.5710704414690895,-0.961,False,False,1.0,False,False,0.0,1.0,-0.012494399687584678,-0.012494399687584678,4.942586497491304
2020-11-17 00:00:00-05:00,126.2536849975586,139.31712341308594,-0.9244913793933996,-2.5437945997257145,-0.466,False,False,1.0,False,False,0.0,1.0,0.007948506508346154,0.007948506508346154,4.950535003999651
2020-11-18 00:00:00-05:00,126.23594665527344,137.88877868652344,-0.921662832395837,-0.8510156645504736,-0.056,False,False,1.0,False,False,0.0,1.0,0.006682297080923099,0.006682297080923099,4.957217301080574
2020-11-19 00:00:00-05:00,126.76787567138672,138.6738739013672,-0.9190670478998101,-0.6827122359733409,0.022,False,False,1.0,False,False,0.0,1.0,0.0006620425055200566,0.0006620425055200566,4.957879343586093
2020-11-20 00:00:00-05:00,126.50190734863281,137.08473205566406,-0.917475508922903,0.7300230403026404,0.388,False,True,0.0,False,False,0.0,0.0,0.005600008098332272,0.005600008098332272,4.963479351684425
2020-11-23 00:00:00-05:00,124.08179473876953,139.6009063720703,-0.9131134684213972,-3.389673073402321,-0.561,False,False,0.0,False,True,0.0,0.0,-0.01637703312582039,-0.0,4.963479351684425
2020-11-24 00:00:00-05:00,117.54837799072266,138.99549865722656,-0.9051419804613731,-8.262282939095513,-1.65,True,False,1.0,False,False,0.0,1.0,-0.020022308960893572,-0.0,4.963479351684425
2020-11-25 00:00:00-05:00,120.3408203125,138.36172485351562,-0.8997134311538305,-4.145081895818777,-0.603,False,False,1.0,False,False,0.0,1.0,0.016816795980784456,0.016816795980784456,4.98029614766521
2020-11-27 00:00:00-05:00,121.20957946777344,139.43063354492188,-0.8949080861027348,-3.568021942004364,-0.412,False,False,1.0,False,False,0.0,1.0,0.0023458944151307807,0.0023458944151307807,4.982642042080341
2020-11-30 00:00:00-05:00,119.45430755615234,138.93873596191406,-0.8897502591009773,-4.166468765122957,-0.526,False,False,1.0,False,False,0.0,1.0,-0.0024619834068240576,-0.0024619834068240576,4.9801800586735165
2020-12-01 00:00:00-05:00,119.79117584228516,140.42388916015625,-0.8844032793565251,-4.400172230954226,-0.545,False,False,1.0,False,False,0.0,1.0,-0.0009578696952581134,-0.0009578696952581134,4.979222188978259
2020-12-02 00:00:00-05:00,117.1583251953125,139.2698516845703,-0.8785052220612011,-5.190966785271485,-0.719,False,False,1.0,False,False,0.0,1.0,-0.0033017511661706037,-0.0033017511661706037,4.975920437812087
2020-12-03 00:00:00-05:00,118.47919464111328,140.0076446533203,-0.8735082834989262,-3.81864271673615,-0.293,False,False,1.0,False,False,0.0,1.0,0.005699563854334938,0.005699563854334938,4.981620001666423
2020-12-04 00:00:00-05:00,120.09260559082031,141.15223693847656,-0.869413817915554,-2.627099633181487,0.094,False,False,1.0,False,False,0.0,1.0,0.004907259766014825,0.004907259766014825,4.986527261432437
2020-12-07 00:00:00-05:00,119.87984466552734,138.24822998046875,-0.8672035037795203,-0.009504764852081848,0.899,False,True,0.0,False,False,0.0,0.0,0.010917144206950861,0.010917144206950861,4.9974444056393885
2020-12-08 00:00:00-05:00,118.2309799194336,139.2698516845703,-0.8637443529043314,-2.0625680029377946,0.304,False,False,0.0,False,False,0.0,0.0,-0.00860734640861485,-0.0,4.9974444056393885
2020-12-09 00:00:00-05:00,115.02188873291016,140.29141235351562,-0.8579297632089338,-5.338289447788384,-0.662,False,False,0.0,False,True,0.0,0.0,-0.013916614327517413,-0.0,4.9974444056393885
2020-12-10 00:00:00-05:00,114.94210815429688,138.31442260742188,-0.8534539477265903,-3.102881847531279,0.026,False,False,0.0,False,False,0.0,0.0,0.009594555312067772,0.0,4.9974444056393885
2020-12-11 00:00:00-05:00,115.48286437988281,139.64822387695312,-0.8490978973777737,-3.0921488865787126,0.031,False,False,0.0,False,False,0.0,0.0,4.58560124551057e-05,0.0,4.9974444056393885
2020-12-14 00:00:00-05:00,114.53501892089844,138.74130249023438,-0.8450212730487778,-2.704333133844983,0.185,False,False,0.0,False,False,0.0,0.0,0.0016732469215696266,0.0,4.9974444056393885
2020-12-15 00:00:00-05:00,115.1698989868164,139.98533630371094,-0.8410620076252139,-2.566449002873455,0.272,False,True,0.0,False,False,0.0,0.0,0.0005920155975268326,0.0,4.9974444056393885
2020-12-16 00:00:00-05:00,115.86735534667969,139.41554260253906,-0.8381961380195817,-0.990214042673017,0.928,False,False,0.0,False,False,0.0,0.0,0.006772952927101719,0.0,4.9974444056393885
2020-12-17 00:00:00-05:00,119.75701141357422,143.2330780029297,-0.8361012650369647,-0.0003462998135290718,1.324,False,False,0.0,False,False,0.0,0.0,0.004132811515516124,0.0,4.9974444056393885
2020-12-18 00:00:00-05:00,119.83748626708984,146.12945556640625,-0.8328047239397876,-1.859814635362568,0.642,False,False,0.0,False,False,0.0,0.0,-0.00769855289724295,-0.0,4.9974444056393885
2020-12-21 00:00:00-05:00,120.40081787109375,141.8371124267578,-0.8322900629299202,2.351198643629317,1.999,False,False,0.0,True,False,-1.0,-1.0,0.017659910085429435,0.0,4.9974444056393885
2020-12-22 00:00:00-05:00,123.8791732788086,141.0014190673828,-0.8346251967765346,6.1958361439236,2.799,False,False,0.0,False,False,-1.0,-1.0,0.015915704360374705,-0.015915704360374705,4.981528701279014
2020-12-23 00:00:00-05:00,122.31434631347656,139.98533630371094,-0.8365304726264152,5.2123467745655745,2.232,False,False,0.0,False,False,-1.0,-1.0,-0.004107862250827256,0.004107862250827256,4.985636563529841
2020-12-24 00:00:00-05:00,122.8866195678711,142.454345703125,-0.837309851827746,3.6081924749690018,1.66,False,False,0.0,False,False,-1.0,-1.0,-0.006624218985011844,0.006624218985011844,4.992260782514853
2020-12-28 00:00:00-05:00,123.94176483154297,144.40110778808594,-0.8375767899684623,2.994748502508031,1.4,False,False,0.0,False,False,-1.0,-1.0,-0.002504990100215022,0.002504990100215022,4.994765772615068
2020-12-29 00:00:00-05:00,123.39632415771484,143.74586486816406,-0.8377823140519152,2.9685808530704634,1.357,False,False,0.0,False,False,-1.0,-1.0,-0.0001073218477154945,0.0001073218477154945,4.9948730944627835
2020-12-30 00:00:00-05:00,123.70928192138672,144.44859313964844,-0.8377945478604514,2.691038142876664,1.268,False,False,0.0,False,False,-1.0,-1.0,-0.001134088653902148,0.001134088653902148,4.996007183116685
2020-12-31 00:00:00-05:00,124.74649810791016,145.48367309570312,-0.8378955937730208,2.846369455105929,1.255,False,False,0.0,False,False,-1.0,-1.0,0.0006297727006011744,-0.0006297727006011744,4.995377410416085
2021-01-04 00:00:00-05:00,120.97308349609375,143.87881469726562,-0.8365023806897177,0.6181124710163033,0.55,False,False,0.0,False,False,-1.0,-1.0,-0.0092333110152104,0.0092333110152104,5.004610721431295
2021-01-05 00:00:00-05:00,118.8896713256836,144.0782470703125,-0.8337408343373311,-1.2342465965788847,-0.009,False,False,0.0,False,False,-1.0,-1.0,-0.007750015693348725,0.007750015693348725,5.012360737124643
2021-01-06 00:00:00-05:00,118.12962341308594,147.93373107910156,-0.8286966098340908,-4.462558012273604,-0.983,False,False,0.0,False,True,0.0,0.0,-0.013410963821334429,0.013410963821334429,5.0257717009459775
2021-01-07 00:00:00-05:00,119.47088623046875,147.78179931640625,-0.8248477826191325,-2.4266032471345795,-0.37,False,False,0.0,False,False,0.0,0.0,0.008435051854520708,0.0,5.0257717009459775
2021-01-08 00:00:00-05:00,119.4619369506836,148.3420867919922,-0.8211587515381238,-2.350465839988715,-0.334,False,False,0.0,False,False,0.0,0.0,0.0003155636327820164,0.0,5.0257717009459775
2021-01-11 00:00:00-05:00,117.37852478027344,147.20252990722656,-0.8171256084953119,-2.904432042218417,-0.479,False,False,0.0,False,False,0.0,0.0,-0.002330904438084832,-0.0,5.0257717009459775
2021-01-12 00:00:00-05:00,117.59313201904297,146.96511840820312,-0.8136817238556908,-1.9896988739994725,-0.182,False,False,0.0,False,False,0.0,0.0,0.0038567701253858127,0.0,5.0257717009459775
2021-01-13 00:00:00-05:00,119.05955505371094,146.45233154296875,-0.8117318669892434,0.17953054540924995,0.442,False,True,0.0,False,False,0.0,0.0,0.009116723764082178,0.0,5.0257717009459775
2021-01-14 00:00:00-05:00,119.32780456542969,145.83506774902344,-0.8105307848606063,1.1239926426140272,0.69,False,False,0.0,False,False,0.0,0.0,0.003976153200858277,0.0,5.0257717009459775
2021-01-15 00:00:00-05:00,122.03717041015625,143.935791015625,-0.8120595217374387,5.152740797107896,1.832,False,False,0.0,True,False,-1.0,-1.0,0.016862218209247666,0.0,5.0257717009459775
2021-01-19 00:00:00-05:00,123.38739013671875,143.92626953125,-0.8144766657820134,6.162802010462869,1.955,False,False,0.0,False,False,-1.0,-1.0,0.004197884164565723,-0.004197884164565723,5.0215738167814115
2021-01-20 00:00:00-05:00,125.82847595214844,144.80947875976562,-0.8177896923243135,7.404776871555498,2.102,False,False,0.0,False,False,-1.0,-1.0,0.005084805737865571,-0.005084805737865571,5.016489011043546
2021-01-21 00:00:00-05:00,126.27558135986328,143.48947143554688,-0.8218032099424329,8.355473141187815,2.144,False,False,0.0,False,False,-1.0,-1.0,0.003893173836414308,-0.003893173836414308,5.012595837207131
2021-01-22 00:00:00-05:00,125.59601593017578,141.43824768066406,-0.826134872532809,8.748947211246502,2.061,False,False,0.0,False,False,-1.0,-1.0,0.0016229543961964255,-0.0016229543961964255,5.010972882810935
2021-01-25 00:00:00-05:00,127.53636169433594,143.08111572265625,-0.8304759306749726,8.710938952549526,1.885,False,False,0.0,False,False,-1.0,-1.0,-0.0001542782245386409,0.0001542782245386409,5.011127161035474
2021-01-26 00:00:00-05:00,130.4156036376953,144.1446990966797,-0.8356520702012805,9.960787429014289,1.992,False,False,0.0,False,False,-1.0,-1.0,0.00498204801199808,-0.00498204801199808,5.006145113023476
2021-01-27 00:00:00-05:00,133.38426208496094,136.3957061767578,-0.8462023525270062,17.965894643606177,3.121,False,False,0.0,False,False,-1.0,-1.0,0.03217452817855043,-0.03217452817855043,4.973970584844926
2021-01-28 00:00:00-05:00,129.539306640625,137.53524780273438,-0.853373890341724,12.170317164092523,1.826,False,False,0.0,False,False,-1.0,-1.0,-0.02347259112250997,0.02347259112250997,4.997443175967435
2021-01-29 00:00:00-05:00,128.71664428710938,134.1925506591797,-0.8609668296361658,13.181309385284877,1.867,False,False,0.0,False,False,-1.0,-1.0,0.004139136249988501,-0.004139136249988501,4.993304039717447
2021-02-01 00:00:00-05:00,132.52589416503906,138.71282958984375,-0.8679348202299625,12.132199351388607,1.562,False,False,0.0,False,False,-1.0,-1.0,-0.004147998334698644,0.004147998334698644,4.997452038052145
2021-02-02 00:00:00-05:00,132.88351440429688,139.12115478515625,-0.8742730856923204,11.253633125199386,1.321,False,False,0.0,False,False,-1.0,-1.0,-0.0034519449313470574,0.0034519449313470574,5.000903982983493
2021-02-03 00:00:00-05:00,131.73004150390625,137.2693634033203,-0.8803207652017324,10.888970473940631,1.184,False,False,0.0,False,False,-1.0,-1.0,-0.0014438018964257056,0.0014438018964257056,5.002347784879919
2021-02-04 00:00:00-05:00,129.70025634765625,135.95887756347656,-0.8853076508237225,9.334821843304695,0.858,False,False,0.0,False,False,-1.0,-1.0,-0.006214961458090234,0.006214961458090234,5.008562746338009
2021-02-05 00:00:00-05:00,130.15628051757812,136.87051391601562,-0.8895868490784291,8.398071311284497,0.647,False,False,0.0,False,False,-1.0,-1.0,-0.003718525810273909,0.003718525810273909,5.012281272148282
2021-02-08 00:00:00-05:00,130.88059997558594,135.88290405273438,-0.8944548530098911,9.33947700454027,0.769,False,False,0.0,False,False,-1.0,-1.0,0.0037294955531811,-0.0037294955531811,5.008551776595101
2021-02-09 00:00:00-05:00,132.5526580810547,134.53443908691406,-0.9007659792295285,11.368612316835183,1.072,False,False,0.0,False,False,-1.0,-1.0,0.007997011396239529,-0.007997011396239529,5.000554765198862
2021-02-10 00:00:00-05:00,131.91781616210938,137.10792541503906,-0.904825322893327,7.859093277212466,0.406,False,False,0.0,False,False,-1.0,-1.0,-0.01371031522142053,0.01371031522142053,5.014265080420282
2021-02-11 00:00:00-05:00,129.49459838867188,138.02911376953125,-0.9063278135184744,4.394973504039882,-0.215,False,False,0.0,False,True,0.0,0.0,-0.013606435089667735,0.013606435089667735,5.02787151550995
2021-02-12 00:00:00-05:00,125.23834228515625,140.61207580566406,-0.9033778238246778,-1.7874887596351812,-1.27,False,False,0.0,False,False,0.0,0.0,-0.02450788862352143,-0.0,5.02787151550995
2021-02-16 00:00:00-05:00,122.68098449707031,138.87423706054688,-0.8997228190433932,-2.2673355635454016,-1.292,False,False,0.0,False,False,0.0,0.0,-0.0019377625954542007,-0.0,5.02787151550995
2021-02-17 00:00:00-05:00,123.6467056274414,140.0043182373047,-0.8962993225630579,-1.8390699645575523,-1.17,False,False,0.0,False,False,0.0,0.0,0.0017190275506894872,0.0,5.02787151550995
2021-02-18 00:00:00-05:00,123.3426742553711,141.76113891601562,-0.8920254640466762,-3.1118714699730674,-1.321,False,False,0.0,False,False,0.0,0.0,-0.005095338953386981,-0.0,5.02787151550995
2021-02-19 00:00:00-05:00,122.0103530883789,142.0080108642578,-0.8871026195352447,-3.9653253442936887,-1.389,False,False,0.0,False,False,0.0,0.0,-0.00344154011048873,-0.0,5.02787151550995
2021-02-22 00:00:00-05:00,123.03865814208984,140.07080078125,-0.884277642406713,-0.8228193427742809,-0.858,False,False,0.0,False,False,0.0,0.0,0.012727842346216767,0.0,5.02787151550995
2021-02-23 00:00:00-05:00,122.7704086303711,136.42420959472656,-0.8837011129271988,2.2121827812977983,-0.384,False,False,0.0,False,False,0.0,0.0,0.01247285232403861,0.0,5.02787151550995
2021-02-24 00:00:00-05:00,120.84791564941406,137.7726593017578,-0.8814037813683683,-0.5854272283311701,-0.836,False,False,0.0,False,False,0.0,0.0,-0.011546951780900384,-0.0,5.02787151550995
2021-02-25 00:00:00-05:00,120.15044403076172,136.04434204101562,-0.8796826074014603,0.47460250190498243,-0.708,False,False,0.0,False,False,0.0,0.0,0.004419989776194235,0.0,5.02787151550995
2021-02-26 00:00:00-05:00,120.47236633300781,135.3131103515625,-0.8787540992678381,1.5654159268909353,-0.558,False,False,0.0,False,False,0.0,0.0,0.004556840749005563,0.0,5.02787151550995
2021-03-01 00:00:00-05:00,118.8896713256836,139.10215759277344,-0.8748880713367693,-2.809147049441293,-1.284,False,False,0.0,False,False,0.0,0.0,-0.018182760870116256,-0.0,5.02787151550995
2021-03-02 00:00:00-05:00,117.244384765625,136.59512329101562,-0.8714689937719573,-1.7940298829528416,-1.127,False,False,0.0,False,False,0.0,0.0,0.004296195783210419,0.0,5.02787151550995
2021-03-03 00:00:00-05:00,112.3621826171875,134.74331665039062,-0.8663178420784505,-4.368356697872258,-1.523,True,False,1.0,False,False,0.0,1.0,-0.011237051937777218,-0.0,5.02787151550995
2021-03-04 00:00:00-05:00,115.34871673583984,132.16033935546875,-0.8647433381288955,1.063943713344159,-0.632,False,False,1.0,False,False,0.0,1.0,0.023656394443743057,0.023656394443743057,5.051527909953693
2021-03-05 00:00:00-05:00,118.03126525878906,135.30360412597656,-0.8635585849820491,1.188676336789399,-0.612,False,False,1.0,False,False,0.0,1.0,0.000531062190299096,0.000531062190299096,5.052058972143992
2021-03-08 00:00:00-05:00,118.19220733642578,134.6768798828125,-0.8629485468477001,1.972989547570478,-0.465,False,False,1.0,False,False,0.0,1.0,0.0033458830360418783,0.0033458830360418783,5.055404855180034
2021-03-09 00:00:00-05:00,120.78530883789062,134.8288116455078,-0.8639946665912441,4.293934673336452,-0.072,False,False,1.0,False,False,0.0,1.0,0.009781597990992059,0.009781597990992059,5.065186453171026
2021-03-10 00:00:00-05:00,121.0267562866211,135.2086639404297,-0.86503033561555,4.067160340101097,-0.094,False,False,1.0,False,False,0.0,1.0,-0.0009528879749087349,-0.0009528879749087349,5.064233565196117
2021-03-11 00:00:00-05:00,120.57965087890625,137.21238708496094,-0.8645942887148688,1.9466046643152026,-0.416,False,False,1.0,False,True,0.0,1.0,-0.00886472876043476,-0.00886472876043476,5.055368836435682
2021-03-12 00:00:00-05:00,121.03062438964844,137.35064697265625,-0.8642881486884386,2.3200879964920773,-0.324,False,False,1.0,False,False,0.0,1.0,0.0015578606984189692,0.0015578606984189692,5.056926697134101
2021-03-15 00:00:00-04:00,121.82433319091797,139.57211303710938,-0.8633066803269139,1.330795618638291,-0.456,False,False,1.0,False,False,0.0,1.0,-0.004082622444386535,-0.004082622444386535,5.052844074689715
2021-03-16 00:00:00-04:00,122.37449645996094,140.75437927246094,-0.862062685023879,1.0353983354738432,-0.467,False,False,1.0,False,False,0.0,1.0,-0.0012120673188876672,-0.0012120673188876672,5.051632007370827
2021-03-17 00:00:00-04:00,121.47257232666016,139.91537475585938,-0.8607977014393844,1.0337393407863402,-0.422,False,False,1.0,False,False,0.0,1.0,-6.857860568250818e-06,-6.857860568250818e-06,5.051625149510259
2021-03-18 00:00:00-04:00,121.00358581542969,138.68544006347656,-0.860015244098824,1.7319932262860647,-0.244,False,False,1.0,False,False,0.0,1.0,0.0029060591698906596,0.0029060591698906596,5.0545312086801495
2021-03-19 00:00:00-04:00,120.41731262207031,139.37188720703125,-0.8585993100534787,0.7527064252620335,-0.389,False,False,1.0,False,False,0.0,1.0,-0.004078969402784638,-0.004078969402784638,5.050452239277365
2021-03-22 00:00:00-04:00,123.15921020507812,140.7162322998047,-0.8582574975912476,2.388448800979063,0.015,False,False,1.0,False,False,0.0,1.0,0.006705786767104634,0.006705786767104634,5.05715802604447
2021-03-23 00:00:00-04:00,126.27088165283203,140.41114807128906,-0.8601488919638448,5.4963882199413945,0.794,False,True,0.0,False,False,0.0,0.0,0.012580439596911712,0.012580439596911712,5.0697384656413815
2021-03-24 00:00:00-04:00,126.35203552246094,141.9365997314453,-0.8612744625451604,4.105666873272824,0.547,False,False,0.0,False,False,0.0,0.0,-0.005594248890303909,-0.0,5.0697384656413815
2021-03-25 00:00:00-04:00,124.79170227050781,141.33595275878906,-0.8615856069473194,3.018679629348867,0.337,False,False,0.0,False,False,0.0,0.0,-0.004408526987440627,-0.0,5.0697384656413815
2021-03-26 00:00:00-04:00,128.89552307128906,146.2937774658203,-0.8617001456429506,2.8341537223342925,0.348,False,False,0.0,False,False,0.0,0.0,-0.0007237533579222542,-0.0,5.0697384656413815
2021-03-29 00:00:00-04:00,130.3746795654297,149.98355102539062,-0.8607344644183308,1.2786681020307071,-0.026,False,False,0.0,False,False,0.0,0.0,-0.005994841321522368,-0.0,5.0697384656413815
2021-03-30 00:00:00-04:00,127.38928985595703,145.8551788330078,-0.8601300250247713,1.9348712363295277,0.308,False,True,0.0,False,False,0.0,0.0,0.0025952915271458526,0.0,5.0697384656413815
2021-03-31 00:00:00-04:00,127.02849578857422,145.9696044921875,-0.8593262751358662,1.5929792772471245,0.278,False,False,0.0,False,False,0.0,0.0,-0.0013542205717473534,-0.0,5.0697384656413815
2021-04-01 00:00:00-04:00,129.2021484375,147.70484924316406,-0.859001232877215,2.3235008356788995,0.613,False,False,0.0,False,False,0.0,0.0,0.002852699498480174,0.0,5.0697384656413815
2021-04-05 00:00:00-04:00,131.47506713867188,151.21348571777344,-0.8582903662865183,1.6899890945028915,0.314,False,False,0.0,False,False,0.0,0.0,-0.0024248311610354876,-0.0,5.0697384656413815
2021-04-06 00:00:00-04:00,130.48289489746094,148.85850524902344,-0.8582454306055083,2.725762960720502,0.703,False,False,0.0,False,False,0.0,0.0,0.004010895905314521,0.0,5.0697384656413815
2021-04-07 00:00:00-04:00,128.886474609375,147.4760284423828,-0.8580049646895824,2.3513100331084757,0.499,False,False,0.0,False,False,0.0,0.0,-0.0014660188103321665,-0.0,5.0697384656413815
2021-04-08 00:00:00-04:00,127.96652221679688,147.1804656982422,-0.8573682021198574,1.7786709539316234,0.196,False,False,0.0,False,False,0.0,0.0,-0.0022531151887601724,-0.0,5.0697384656413815
2021-04-09 00:00:00-04:00,127.40731811523438,148.73452758789062,-0.8556168438179016,0.147551053736791,-0.685,False,False,0.0,False,True,0.0,0.0,-0.006404910548463222,-0.0,5.0697384656413815
2021-04-12 00:00:00-04:00,129.4456787109375,148.6678009033203,-0.8552097240412115,2.3035297265951584,0.385,False,True,0.0,False,False,0.0,0.0,0.00840249785901293,0.0,5.0697384656413815
2021-04-13 00:00:00-04:00,131.85385131835938,148.51528930664062,-0.8564660562356742,4.655547195200683,1.525,False,False,0.0,True,False,-1.0,-1.0,0.009079320203288178,0.0,5.0697384656413815
2021-04-14 00:00:00-04:00,129.53585815429688,148.62013244628906,-0.8562810904011687,2.275249087622356,0.283,False,False,0.0,False,False,-1.0,-1.0,-0.009269201143371252,0.009269201143371252,5.079007666784753
2021-04-15 00:00:00-04:00,132.80087280273438,148.32460021972656,-0.8581201588414459,5.5205433020886545,1.796,False,False,0.0,True,False,-1.0,-1.0,0.012478003737773868,-0.012478003737773868,5.066529663046978
2021-04-16 00:00:00-04:00,131.6464385986328,149.68798828125,-0.8585454188716583,3.1325019996511685,0.594,False,False,0.0,False,False,-1.0,-1.0,-0.009179112309565054,0.009179112309565054,5.075708775356543
2021-04-19 00:00:00-04:00,133.2698974609375,148.6773681640625,-0.8603204598876251,5.359715707149505,1.644,False,False,0.0,True,False,-1.0,-1.0,0.008527502228327545,-0.008527502228327545,5.067181273128216
2021-04-20 00:00:00-04:00,136.1380615234375,151.45181274414062,-0.8623169396768136,5.53859784940434,1.664,False,False,0.0,False,False,-1.0,-1.0,0.0006706298340378075,-0.0006706298340378075,5.066510643294178
2021-04-21 00:00:00-04:00,136.02984619140625,153.2633056640625,-0.8631492142471312,3.740744334552801,0.754,False,False,0.0,False,False,-1.0,-1.0,-0.0067004344192948245,0.0067004344192948245,5.073211077713473
2021-04-22 00:00:00-04:00,134.43338012695312,153.76864624023438,-0.8626162547311973,1.7900464121157427,-0.574,False,False,0.0,False,True,0.0,0.0,-0.007303886192012242,0.007303886192012242,5.080514963905485
2021-04-23 00:00:00-04:00,134.42434692382812,155.05580139160156,-0.8613773058499747,0.8627984647216067,-1.188,False,False,0.0,False,False,0.0,0.0,-0.003460062500935574,-0.0,5.080514963905485
2021-04-26 00:00:00-04:00,133.69378662109375,153.52076721191406,-0.8605544012813351,1.580814708793838,-0.694,False,False,0.0,False,False,0.0,0.0,0.0027012715855455794,0.0,5.080514963905485
2021-04-27 00:00:00-04:00,133.42323303222656,153.7209930419922,-0.8595764813516693,1.2882827233064802,-0.838,False,False,0.0,False,False,0.0,0.0,-0.0011015739820435491,-0.0,5.080514963905485
2021-04-28 00:00:00-04:00,132.73773193359375,153.51119995117188,-0.8583821503622039,0.9664580148245818,-0.995,False,False,0.0,False,False,0.0,0.0,-0.001216687150007764,-0.0,5.080514963905485
2021-04-29 00:00:00-04:00,134.42434692382812,153.94024658203125,-0.8580538304917475,2.3353286772720594,-0.076,False,False,0.0,False,False,0.0,0.0,0.005136217696145735,0.0,5.080514963905485
2021-04-30 00:00:00-04:00,139.17755126953125,151.2420654296875,-0.8619452057304343,8.815178067643444,3.367,False,True,0.0,True,False,-1.0,-1.0,0.024040406641348905,0.0,5.080514963905485
2021-05-03 00:00:00-04:00,136.7964630126953,152.52915954589844,-0.8637389224233694,5.051091108378813,1.235,False,False,0.0,False,False,-1.0,-1.0,-0.014016761896439179,0.014016761896439179,5.094531725801924
2021-05-04 00:00:00-04:00,138.00503540039062,155.2750701904297,-0.864548949137632,3.7621366399826,0.506,False,False,0.0,False,False,-1.0,-1.0,-0.004734487599949661,0.004734487599949661,5.099266213401874
2021-05-05 00:00:00-04:00,135.43453979492188,157.353515625,-0.8626807038123309,-0.3113018117977333,-1.631,True,False,1.0,False,True,0.0,1.0,-0.015021139917003141,0.015021139917003141,5.114287353318877
2021-05-06 00:00:00-04:00,134.86631774902344,157.22003173828125,-0.8605461457169737,-0.42877459285477926,-1.6,False,False,1.0,False,False,0.0,1.0,-0.0004348244296530718,-0.0004348244296530718,5.1138525288892245
2021-05-07 00:00:00-04:00,136.35446166992188,156.55262756347656,-0.8597841388140733,1.7529956011778154,-0.514,False,False,1.0,False,False,0.0,1.0,0.008052122026785435,0.008052122026785435,5.12190465091601
2021-05-10 00:00:00-04:00,136.21920776367188,157.91604614257812,-0.8584312963506797,0.6591315589247699,-1.032,False,False,1.0,False,False,0.0,1.0,-0.00402482494721766,-0.00402482494721766,5.117879825968792
2021-05-11 00:00:00-04:00,134.07261657714844,156.1617431640625,-0.8567965023566461,0.2737812322627917,-1.161,False,False,1.0,False,False,0.0,1.0,-0.0014385643706972446,-0.0014385643706972446,5.116441261598095
2021-05-12 00:00:00-04:00,132.69265747070312,151.61392211914062,-0.8567366081209272,2.7994600904401636,0.148,False,False,1.0,False,False,0.0,1.0,0.009618487864134391,0.009618487864134391,5.12605974946223
2021-05-13 00:00:00-04:00,134.33416748046875,153.47308349609375,-0.8568139007252957,2.8362961538416585,0.17,False,False,1.0,False,False,0.0,1.0,0.0001385689383672272,0.0001385689383672272,5.126198318400597
2021-05-14 00:00:00-04:00,134.28005981445312,155.5801544189453,-0.8558248954673033,1.1306904220723482,-0.679,False,False,1.0,False,True,0.0,1.0,-0.006377778753923785,-0.006377778753923785,5.119820539646673
2021-05-17 00:00:00-04:00,133.68479919433594,154.6839599609375,-0.8549532794374728,1.437240349357694,-0.525,False,False,1.0,False,False,0.0,1.0,0.0011527364685723085,0.0011527364685723085,5.1209732761152456
2021-05-18 00:00:00-04:00,135.2090301513672,153.06309509277344,-0.8558378512551179,4.2118397407101895,0.854,False,True,0.0,False,False,0.0,0.0,0.010422744387770732,0.010422744387770732,5.131396020503017
2021-05-19 00:00:00-04:00,135.29925537109375,151.99525451660156,-0.8573381115424588,4.9879309004151935,1.175,False,False,0.0,False,False,0.0,0.0,0.0029219135780183592,0.0,5.131396020503017
2021-05-20 00:00:00-04:00,136.41763305664062,152.75799560546875,-0.8590156447247669,5.196124974745771,1.209,False,False,0.0,False,False,0.0,0.0,0.0007778909820324539,0.0,5.131396020503017
2021-05-21 00:00:00-04:00,136.10195922851562,151.8522491455078,-0.8608247265834408,5.38378837675333,1.223,False,False,0.0,False,False,0.0,0.0,0.0007033329979679433,0.0,5.131396020503017
2021-05-24 00:00:00-04:00,136.3905792236328,152.02386474609375,-0.8625667441159944,5.259849181664407,1.106,False,False,0.0,False,False,0.0,0.0,-0.00046328718795956994,-0.0,5.131396020503017
2021-05-25 00:00:00-04:00,137.49093627929688,151.7569122314453,-0.8649196540939942,6.233400245702569,1.459,False,False,0.0,False,False,0.0,0.0,0.003622536179125522,0.0,5.131396020503017
2021-05-26 00:00:00-04:00,136.1560821533203,151.3660125732422,-0.8665344896131397,4.992211703389813,0.849,False,False,0.0,False,False,0.0,0.0,-0.004643082307271298,-0.0,5.131396020503017
2021-05-27 00:00:00-04:00,135.44354248046875,152.20504760742188,-0.867129566808561,3.4620454825686124,0.12,False,False,0.0,False,False,0.0,0.0,-0.005721850967306189,-0.0,5.131396020503017
2021-05-28 00:00:00-04:00,136.69723510742188,152.05245971679688,-0.8684046221310102,4.654176282966233,0.637,False,True,0.0,False,False,0.0,0.0,0.004435995745021443,0.0,5.131396020503017
2021-06-01 00:00:00-04:00,138.1313018798828,150.79396057128906,-0.8710737723185523,6.778637802195021,1.538,False,False,0.0,True,False,-1.0,-1.0,0.007883443126865952,0.0,5.131396020503017
2021-06-02 00:00:00-04:00,139.58343505859375,151.12765502929688,-0.8742768720683928,7.456021536548974,1.696,False,False,0.0,False,False,-1.0,-1.0,0.0024930316102300134,-0.0024930316102300134,5.128902988892786
2021-06-03 00:00:00-04:00,140.18771362304688,151.21348571777344,-0.8775439412499567,7.491235396127934,1.634,False,False,0.0,False,False,-1.0,-1.0,0.00012904323750025293,-0.00012904323750025293,5.128773945655286
2021-06-04 00:00:00-04:00,139.9622344970703,153.37774658203125,-0.879299889646618,5.097198853243299,0.616,False,False,0.0,False,False,-1.0,-1.0,-0.00871105891950704,0.00871105891950704,5.137485004574794
2021-06-07 00:00:00-04:00,142.95664978027344,150.9083709716797,-0.8837884844120535,9.585569314120733,2.235,False,False,0.0,True,False,-1.0,-1.0,0.016242924504445328,-0.016242924504445328,5.121242080070348
2021-06-08 00:00:00-04:00,144.32760620117188,150.86068725585938,-0.8888893922597554,10.229141590422017,2.245,False,False,0.0,False,False,-1.0,-1.0,0.002311465569386357,-0.002311465569386357,5.118930614500962
2021-06-09 00:00:00-04:00,145.103271484375,151.66156005859375,-0.8936244035816763,9.574800330747593,1.847,False,False,0.0,False,False,-1.0,-1.0,-0.002331672295954362,0.002331672295954362,5.121262286796917
2021-06-10 00:00:00-04:00,147.86318969726562,153.85446166992188,-0.8983789025604897,9.64358726820629,1.723,False,False,0.0,False,False,-1.0,-1.0,0.00024044416285032123,-0.00024044416285032123,5.121021842634066
2021-06-11 00:00:00-04:00,146.29380798339844,155.17971801757812,-0.901109685227629,6.459861126866372,0.658,False,False,0.0,False,False,-1.0,-1.0,-0.011126939234262685,0.011126939234262685,5.132148781868329
2021-06-14 00:00:00-04:00,147.4656982421875,154.00762939453125,-0.9047443247031443,8.128169586500206,1.129,False,False,0.0,False,False,-1.0,-1.0,0.005816909655022424,-0.005816909655022424,5.126331872213306
2021-06-15 00:00:00-04:00,144.77671813964844,154.64869689941406,-0.9062270083397341,4.629892204854116,-0.03,False,False,0.0,False,False,-1.0,-1.0,-0.012277951241305934,0.012277951241305934,5.138609823454613
2021-06-16 00:00:00-04:00,143.14157104492188,153.29957580566406,-0.9071959295626423,4.068819870343731,-0.25,False,False,0.0,False,True,0.0,0.0,-0.001988107230341044,0.001988107230341044,5.140597930684954
2021-06-17 00:00:00-04:00,142.3421630859375,152.82118225097656,-0.9078344167510556,3.6058342299154162,-0.421,False,False,0.0,False,False,0.0,0.0,-0.0016471756242520234,-0.0,5.140597930684954
2021-06-18 00:00:00-04:00,140.0801544189453,151.49122619628906,-0.9077866685678558,2.5584388729565717,-0.728,False,False,0.0,False,False,0.0,0.0,-0.003773012613679976,-0.0,5.140597930684954
2021-06-21 00:00:00-04:00,141.4246368408203,153.94065856933594,-0.9071906110768518,1.7711167237314385,-0.954,False,False,0.0,False,False,0.0,0.0,-0.00280107909396543,-0.0,5.140597930684954
2021-06-22 00:00:00-04:00,140.70697021484375,154.11289978027344,-0.9061078112992106,1.0640679019655863,-1.145,False,False,0.0,False,False,0.0,0.0,-0.0025220229828923388,-0.0,5.140597930684954
2021-06-23 00:00:00-04:00,138.0361785888672,152.8020477294922,-0.904234361381078,-0.13268345753118638,-1.551,True,False,1.0,False,False,0.0,1.0,-0.004332836782211761,-0.0,5.140597930684954
2021-06-24 00:00:00-04:00,136.29200744628906,153.39527893066406,-0.901159776706517,-1.9416478627020695,-2.082,False,False,1.0,False,False,0.0,1.0,-0.006589418224202391,-0.006589418224202391,5.134008512460751
2021-06-25 00:00:00-04:00,138.27236938476562,153.749267578125,-0.8992351867361263,0.01561804360773067,-1.401,False,False,1.0,False,False,0.0,1.0,0.007077973926115746,0.007077973926115746,5.141086486386866
2021-06-28 00:00:00-04:00,138.7084197998047,153.86410522460938,-0.897749585622079,0.5769830922996562,-1.219,False,False,1.0,False,False,0.0,1.0,0.00202776094372489,0.00202776094372489,5.143114247330591
2021-06-29 00:00:00-04:00,138.45404052734375,155.050537109375,-0.8956669759249377,-0.4196051609474978,-1.516,True,False,1.0,False,False,0.0,1.0,-0.0035935404317052598,-0.0035935404317052598,5.139520706898886
2021-06-30 00:00:00-04:00,136.68263244628906,154.55300903320312,-0.8929701165160765,-1.3285860380005658,-1.691,False,False,1.0,False,False,0.0,1.0,-0.003309068892418665,-0.003309068892418665,5.1362116380064675
2021-07-01 00:00:00-04:00,136.11940002441406,155.89251708984375,-0.8894653470103514,-2.541591785220959,-1.9,False,False,1.0,False,False,0.0,1.0,-0.004414455264162284,-0.004414455264162284,5.1317971827423055
2021-07-02 00:00:00-04:00,136.510009765625,157.30859375,-0.8857292739084661,-2.822816756124382,-1.86,False,False,1.0,False,False,0.0,1.0,-0.0010195115983017294,-0.0010195115983017294,5.130777671144004
2021-07-06 00:00:00-04:00,138.372314453125,157.5478515625,-0.883265560990034,-0.7842770400011716,-1.262,False,False,1.0,False,False,0.0,1.0,0.007345323937240661,0.007345323937240661,5.138122995081244
2021-07-07 00:00:00-04:00,139.7985382080078,160.915771484375,-0.8802314380129134,-1.8445827246409578,-1.449,False,False,1.0,False,False,0.0,1.0,-0.00376740844932937,-0.00376740844932937,5.134355586631915
2021-07-08 00:00:00-04:00,140.4253387451172,159.26051330566406,-0.8786311055005602,0.4940978767749016,-0.801,False,False,1.0,False,False,0.0,1.0,0.008341807439084562,0.008341807439084562,5.142697394070999
2021-07-09 00:00:00-04:00,141.49729919433594,161.41329956054688,-0.8768080853337037,-0.031186940742713887,-0.888,False,False,1.0,False,False,0.0,1.0,-0.0018559609927633796,-0.0018559609927633796,5.1408414330782355
2021-07-12 00:00:00-04:00,143.24147033691406,161.18370056152344,-0.8762425222931789,2.0054580043363046,-0.344,False,False,1.0,False,False,0.0,1.0,0.007159248338277828,0.007159248338277828,5.148000681416513
2021-07-13 00:00:00-04:00,141.25204467773438,160.99229431152344,-0.8747826402341637,0.4187804025443711,-0.71,False,False,1.0,False,False,0.0,1.0,-0.0056248147331087175,-0.0056248147331087175,5.1423758666834045
2021-07-14 00:00:00-04:00,142.95079040527344,162.70501708984375,-0.8735153974102092,0.8254527414036943,-0.568,False,False,1.0,False,False,0.0,1.0,0.0014265394356720311,0.0014265394356720311,5.143802406119076
2021-07-15 00:00:00-04:00,142.70550537109375,163.28868103027344,-0.8719566608645332,0.3248523029626824,-0.659,False,False,1.0,False,False,0.0,1.0,-0.0017559619210615962,-0.0017559619210615962,5.142046444198015
2021-07-16 00:00:00-04:00,142.91445922851562,162.5327911376953,-0.8710114958549914,1.3465296941847384,-0.382,False,False,1.0,False,False,0.0,1.0,0.0035913554988943742,0.0035913554988943742,5.145637799696909
2021-07-19 00:00:00-04:00,142.00604248046875,159.42315673828125,-0.8711971823963727,3.117037521342837,0.079,False,False,1.0,False,False,0.0,1.0,0.006303093782879312,0.006303093782879312,5.151940893479789
2021-07-20 00:00:00-04:00,142.62374877929688,161.8438720703125,-0.8706045676531906,1.7217345082041788,-0.242,False,False,1.0,False,True,0.0,1.0,-0.004921256531071141,-0.004921256531071141,5.147019636948717
2021-07-21 00:00:00-04:00,140.51620483398438,162.3701171875,-0.8685893914652936,-0.516756446054643,-0.773,False,False,1.0,False,False,0.0,1.0,-0.007950621858181121,-0.007950621858181121,5.139069015090536
2021-07-22 00:00:00-04:00,139.8802947998047,163.17384338378906,-0.8659309536011351,-1.4169870042820492,-0.954,False,False,1.0,False,False,0.0,1.0,-0.0032016442032844063,-0.0032016442032844063,5.135867370887252
2021-07-23 00:00:00-04:00,140.6797332763672,165.03961181640625,-0.8630284744768861,-1.754151137803376,-0.984,False,False,1.0,False,False,0.0,1.0,-0.0011909145744090277,-0.0011909145744090277,5.134676456312842
2021-07-26 00:00:00-04:00,139.69859313964844,164.92477416992188,-0.8598961097652285,-2.1195785729762235,-1.042,False,False,1.0,False,False,0.0,1.0,-0.001298066334928958,-0.001298066334928958,5.1333783899779135
2021-07-27 00:00:00-04:00,141.15211486816406,164.4655303955078,-0.8580613078861706,0.030606754801880243,-0.395,False,False,1.0,False,False,0.0,1.0,0.007617379566204899,0.007617379566204899,5.140995769544118
2021-07-28 00:00:00-04:00,140.0438232421875,163.4608612060547,-0.8563387415835695,0.06595505882810926,-0.333,False,False,1.0,False,False,0.0,1.0,0.00012623416366880827,0.00012623416366880827,5.141122003707787
2021-07-29 00:00:00-04:00,136.7098846435547,165.02047729492188,-0.8522138533642101,-3.922852195951833,-1.745,True,False,1.0,False,False,0.0,1.0,-0.014382236792348055,-0.014382236792348055,5.126739766915439
2021-07-30 00:00:00-04:00,140.0438232421875,165.99642944335938,-0.849699752130011,-1.0033017103018267,-0.588,False,False,1.0,False,False,0.0,1.0,0.010386497695500306,0.010386497695500306,5.13712626461094
2021-08-02 00:00:00-04:00,140.57070922851562,165.90072631835938,-0.8478493273392947,-0.08810998560579719,-0.132,False,False,1.0,False,False,0.0,1.0,0.003254251890845463,0.003254251890845463,5.140380516501785
2021-08-03 00:00:00-04:00,140.94314575195312,167.431640625,-0.845705673243606,-0.6547426050939862,-0.368,False,False,1.0,False,True,0.0,1.0,-0.0020054878799289394,-0.0020054878799289394,5.138375028621856
2021-08-04 00:00:00-04:00,141.6517333984375,166.52264404296875,-0.8445497961058928,1.0150683249340773,0.637,False,True,0.0,False,False,0.0,0.0,0.005915265873719711,0.005915265873719711,5.144290294495575
2021-08-05 00:00:00-04:00,141.6790008544922,166.41741943359375,-0.8436224300861768,1.2855330632532969,0.893,False,False,0.0,False,False,0.0,0.0,0.0009588484108986537,0.0,5.144290294495575
2021-08-06 00:00:00-04:00,142.69642639160156,165.881591796875,-0.8435920699811518,2.7600309959073286,1.803,False,False,0.0,True,False,-1.0,-1.0,0.005217008850315733,0.0,5.144290294495575
2021-08-09 00:00:00-04:00,143.23239135742188,165.46060180664062,-0.8441010497315097,3.5669236832291915,2.151,False,False,0.0,False,False,-1.0,-1.0,0.0028522403459818714,-0.0028522403459818714,5.141438054149593
2021-08-10 00:00:00-04:00,140.2345733642578,164.12109375,-0.8435827115295431,1.7848560794384696,1.075,False,False,0.0,False,False,-1.0,-1.0,-0.00639457502121899,0.00639457502121899,5.1478326291708125
2021-08-11 00:00:00-04:00,142.13320922851562,164.68557739257812,-0.8438219193795853,3.167909218975126,1.737,False,False,0.0,True,False,-1.0,-1.0,0.004920172445188527,-0.004920172445188527,5.142912456725624
2021-08-12 00:00:00-04:00,143.09613037109375,165.431884765625,-0.8442647315808702,3.4278245845258937,1.74,False,False,0.0,False,False,-1.0,-1.0,0.0009191939731976979,-0.0009191939731976979,5.141993262752426
2021-08-13 00:00:00-04:00,144.53146362304688,166.82884216308594,-0.8448178004099667,3.591488141887112,1.691,False,False,0.0,False,False,-1.0,-1.0,0.0005733097429108328,-0.0005733097429108328,5.141419953009516
2021-08-16 00:00:00-04:00,146.62086486816406,169.34523010253906,-0.8453064313506493,3.4722527439322164,1.527,False,False,0.0,False,False,-1.0,-1.0,-0.0004114836358628084,0.0004114836358628084,5.141831436645378
2021-08-17 00:00:00-04:00,146.82069396972656,169.16343688964844,-0.8459360643916632,3.7192419283298648,1.534,False,False,0.0,False,False,-1.0,-1.0,0.0008519155497288997,-0.0008519155497288997,5.140979521095649
2021-08-18 00:00:00-04:00,145.03109741210938,166.1686248779297,-0.846916576910004,4.3001344406506234,1.675,False,False,0.0,False,False,-1.0,-1.0,0.0020327838885996533,-0.0020327838885996533,5.138946737207049
2021-08-19 00:00:00-04:00,147.98348999023438,166.22604370117188,-0.8493922737233195,6.79237277886412,2.508,False,False,0.0,False,False,-1.0,-1.0,0.00861845499620918,-0.00861845499620918,5.13032828221084
2021-08-20 00:00:00-04:00,147.8654327392578,167.00106811523438,-0.8513136513119751,5.6951436690777655,1.897,False,False,0.0,False,False,-1.0,-1.0,-0.003783082659408647,0.003783082659408647,5.1341113648702486
2021-08-23 00:00:00-04:00,147.24765014648438,165.04917907714844,-0.8535920267585938,6.362986863179145,1.98,False,False,0.0,False,False,-1.0,-1.0,0.002317835115928835,-0.002317835115928835,5.13179352975432
2021-08-24 00:00:00-04:00,146.78439331054688,163.87232971191406,-0.8559817578157276,6.512668466384184,1.881,False,False,0.0,False,False,-1.0,-1.0,0.0005214367287039245,-0.0005214367287039245,5.131272093025616
2021-08-25 00:00:00-04:00,144.1044921875,163.59481811523438,-0.8568531943568347,3.9277497052360673,0.834,False,False,0.0,False,False,-1.0,-1.0,-0.009092822338945077,0.009092822338945077,5.140364915364561
2021-08-26 00:00:00-04:00,144.31344604492188,162.47537231445312,-0.8581909813583033,4.878546831825645,1.13,False,False,0.0,False,False,-1.0,-1.0,0.003350846418945628,-0.003350846418945628,5.137014068945615
2021-08-27 00:00:00-04:00,145.448974609375,164.16891479492188,-0.8592677763494512,4.383916247839977,0.904,False,False,0.0,False,False,-1.0,-1.0,-0.0017263747218827774,0.0017263747218827774,5.138740443667498
2021-08-30 00:00:00-04:00,147.5474853515625,164.8865203857422,-0.8610339747513219,5.574589320912025,1.267,False,False,0.0,False,False,-1.0,-1.0,0.004112570822778001,-0.004112570822778001,5.13462787284472
2021-08-31 00:00:00-04:00,148.9010009765625,164.78126525878906,-0.8634627776513548,6.618511971303803,1.533,False,False,0.0,True,False,-1.0,-1.0,0.0035851024742403867,-0.0035851024742403867,5.131042770370479
2021-09-01 00:00:00-04:00,151.3447265625,164.02540588378906,-0.8673871225944584,9.071201720572049,2.154,False,False,0.0,False,False,-1.0,-1.0,0.0083533286419921,-0.0083533286419921,5.122689441728487
2021-09-02 00:00:00-04:00,152.6165008544922,163.63308715820312,-0.8719241612698657,9.940858578077098,2.181,False,False,0.0,False,False,-1.0,-1.0,0.002945072795653482,-0.002945072795653482,5.1197443689328335
2021-09-03 00:00:00-04:00,152.2531280517578,163.37477111816406,-0.8760238878622804,9.132925878213541,1.785,False,False,0.0,False,False,-1.0,-1.0,-0.002735293329452897,0.002735293329452897,5.122479662262286
2021-09-07 00:00:00-04:00,151.16302490234375,161.4898681640625,-0.8800451340744555,9.044652222235214,1.628,False,False,0.0,False,False,-1.0,-1.0,-0.0003009862088287062,0.0003009862088287062,5.122780648471115
2021-09-08 00:00:00-04:00,150.9268341064453,164.38897705078125,-0.8822015076151577,5.902630716932521,0.707,False,False,0.0,False,False,-1.0,-1.0,-0.010616693666247429,0.010616693666247429,5.133397342137362
2021-09-09 00:00:00-04:00,143.42320251464844,163.35560607910156,-0.8804858903780537,-0.40910375215591444,-1.085,False,False,0.0,False,True,0.0,0.0,-0.02197254456794586,0.02197254456794586,5.155369886705309
2021-09-10 00:00:00-04:00,141.1430206298828,162.61888122558594,-0.8778091863833557,-1.6053271893203487,-1.429,False,False,0.0,False,False,0.0,0.0,-0.0042136661065092194,-0.0,5.155369886705309
2021-09-13 00:00:00-04:00,140.54345703125,162.9537811279297,-0.8748257648405807,-2.0127091776556654,-1.548,True,False,1.0,False,False,0.0,1.0,-0.0014390057594309523,-0.0,5.155369886705309
2021-09-14 00:00:00-04:00,141.14756774902344,162.95376586914062,-0.8724145030512254,-1.0156609220286157,-1.243,False,False,1.0,False,False,0.0,1.0,0.0035192737736287646,0.0035192737736287646,5.158889160478937
2021-09-15 00:00:00-04:00,142.80419921875,162.93455505371094,-0.87115780467687,0.8624899321565636,-0.724,False,False,1.0,False,False,0.0,1.0,0.006595883551211534,0.006595883551211534,5.165485044030149
2021-09-16 00:00:00-04:00,143.1612091064453,161.98373413085938,-0.8707235711125705,2.11815366187426,-0.448,False,False,1.0,False,False,0.0,1.0,0.004418173427838543,0.004418173427838543,5.169903217457987
2021-09-17 00:00:00-04:00,143.51817321777344,159.96688842773438,-0.8715258139316205,4.102900578683517,0.113,False,False,1.0,False,False,0.0,1.0,0.007014889705946411,0.007014889705946411,5.176918107163933
2021-09-20 00:00:00-04:00,143.98495483398438,157.9307861328125,-0.8735567668059735,6.023447920679018,0.67,False,True,0.0,False,False,0.0,0.0,0.006811744790459187,0.006811744790459187,5.183729851954393
2021-09-21 00:00:00-04:00,143.84765625,156.0771942138672,-0.8763038062406496,7.076616893027079,0.952,False,False,0.0,False,False,0.0,0.0,0.0037530249724455336,0.0,5.183729851954393
2021-09-22 00:00:00-04:00,146.01693725585938,157.604248046875,-0.8793219139894597,7.4320682104117,1.006,False,False,0.0,False,False,0.0,0.0,0.0012489425910681153,0.0,5.183729851954393
2021-09-23 00:00:00-04:00,141.57772827148438,161.41712951660156,-0.877817301236427,-0.11702073410961589,-1.412,False,False,0.0,False,True,0.0,0.0,-0.026649567289720483,-0.0,5.183729851954393
2021-09-24 00:00:00-04:00,139.78378295898438,162.3198699951172,-0.8747536481328159,-2.206115483688791,-1.92,True,False,1.0,False,False,0.0,1.0,-0.007414087572647535,-0.0,5.183729851954393
2021-09-27 00:00:00-04:00,135.26222229003906,161.5803985595703,-0.8697416042215906,-5.270972763925613,-2.487,False,False,1.0,False,False,0.0,1.0,-0.011112792626332801,-0.011112792626332801,5.17261705932806
2021-09-28 00:00:00-04:00,133.71534729003906,160.23577880859375,-0.8648464712134092,-4.864000574705614,-2.159,False,False,1.0,False,False,0.0,1.0,0.0014946019752190148,0.0014946019752190148,5.174111661303279
2021-09-29 00:00:00-04:00,134.32859802246094,161.73402404785156,-0.8600139700818676,-4.764922096248142,-1.949,False,False,1.0,False,False,0.0,1.0,0.0003623645341168647,0.0003623645341168647,5.174474025837395
2021-09-30 00:00:00-04:00,132.21426391601562,160.04368591308594,-0.855248673191,-4.662886113748243,-1.774,False,False,1.0,False,False,0.0,1.0,0.00037918706139192834,0.00037918706139192834,5.174853212898787
2021-10-01 00:00:00-04:00,132.7725830078125,159.44825744628906,-0.8514898228054842,-2.995985471771405,-1.318,False,False,1.0,False,False,0.0,1.0,0.0062072447099604825,0.0062072447099604825,5.181060457608748
2021-10-04 00:00:00-04:00,133.1295623779297,156.11563110351562,-0.8498758984115866,0.4506501377375116,-0.542,False,False,1.0,False,False,0.0,1.0,0.01296661295115057,0.01296661295115057,5.1940270705598985
2021-10-05 00:00:00-04:00,130.6125030517578,157.9307861328125,-0.8462854075908668,-3.0420166617954294,-1.23,False,False,1.0,False,False,0.0,1.0,-0.01321643072595816,-0.01321643072595816,5.180810639833941
2021-10-06 00:00:00-04:00,132.80923461914062,160.37025451660156,-0.8429596591614663,-2.3764204678114424,-1.031,False,False,1.0,False,False,0.0,1.0,0.002483615246223313,0.002483615246223313,5.183294255080164
2021-10-07 00:00:00-04:00,131.51864624023438,162.2142333984375,-0.8383757954736893,-4.4778407223353724,-1.377,False,False,1.0,False,False,0.0,1.0,-0.007855332254907749,-0.007855332254907749,5.175438922825257
2021-10-08 00:00:00-04:00,128.7453155517578,162.25265502929688,-0.8325814074191837,-6.343228330033469,-1.63,True,False,1.0,False,False,0.0,1.0,-0.007070311641208906,-0.007070311641208906,5.168368611184048
2021-10-11 00:00:00-04:00,127.89408111572266,161.66680908203125,-0.8270346610314558,-5.809973533472146,-1.424,False,False,1.0,False,False,0.0,1.0,0.0020384502932411074,0.0020384502932411074,5.170407061477289
2021-10-12 00:00:00-04:00,129.85279846191406,163.95260620117188,-0.8220424193983843,-4.923198606367805,-1.177,False,False,1.0,False,False,0.0,1.0,0.003351014485508452,0.003351014485508452,5.173758075962797
2021-10-13 00:00:00-04:00,132.1044464111328,165.8350372314453,-0.8179323788867083,-3.5374000943490955,-0.861,False,False,1.0,False,False,0.0,1.0,0.005175789725874166,0.005175789725874166,5.178933865688672
2021-10-14 00:00:00-04:00,136.3330841064453,171.0020751953125,-0.8142683884417811,-2.908500083042071,-0.697,False,False,1.0,False,False,0.0,1.0,0.0022821401371756873,0.0022821401371756873,5.181216005825847
2021-10-15 00:00:00-04:00,135.0425262451172,172.81724548339844,-0.8094850810333493,-4.850455718971801,-1.009,False,False,1.0,False,False,0.0,1.0,-0.007063313315106761,-0.007063313315106761,5.174152692510741
2021-10-18 00:00:00-04:00,135.0425262451172,170.97323608398438,-0.8059133858516718,-2.747093337343898,-0.568,False,False,1.0,False,False,0.0,1.0,0.007709364214571566,0.007709364214571566,5.181862056725312
2021-10-19 00:00:00-04:00,137.21176147460938,173.76805114746094,-0.8027145941023885,-2.274389170187817,-0.435,False,False,1.0,False,False,0.0,1.0,0.0017083763427607284,0.0017083763427607284,5.1835704330680725
2021-10-20 00:00:00-04:00,140.18650817871094,174.12339782714844,-0.8012958820547901,0.6621465304289131,0.201,False,True,0.0,False,False,0.0,0.0,0.010498468302047178,0.010498468302047178,5.19406890137012
2021-10-21 00:00:00-04:00,141.6692657470703,175.10302734375,-0.8004914410623495,1.5007910542918808,0.459,False,False,0.0,False,False,0.0,0.0,0.0029756288939662267,0.0,5.19406890137012
2021-10-22 00:00:00-04:00,143.60055541992188,176.78378295898438,-0.8001127156032901,2.1536027619862352,0.698,False,False,0.0,False,False,0.0,0.0,0.002290185632901749,0.0,5.19406890137012
2021-10-25 00:00:00-04:00,143.44493103027344,176.16908264160156,-0.7999732866070454,2.514370990923254,0.9,False,False,0.0,False,False,0.0,0.0,0.0012686333396034189,0.0,5.19406890137012
2021-10-26 00:00:00-04:00,143.93003845214844,176.9374237060547,-0.799792474495868,2.416818515359097,0.937,False,False,0.0,False,False,0.0,0.0,-0.00034175785448481216,-0.0,5.19406890137012
2021-10-27 00:00:00-04:00,143.60055541992188,174.12339782714844,-0.8006374110388436,4.190848982307159,1.34,False,False,0.0,False,False,0.0,0.0,0.006268431594332379,0.0,5.19406890137012
2021-10-28 00:00:00-04:00,146.5294647216797,172.50990295410156,-0.803677639871414,7.887113061080669,2.081,False,False,0.0,True,False,-1.0,-1.0,0.012961533596358593,0.0,5.19406890137012
2021-10-29 00:00:00-04:00,144.442626953125,171.34780883789062,-0.8059560238798602,6.3438282416123,1.582,False,False,0.0,False,False,-1.0,-1.0,-0.0054621541454957095,0.0054621541454957095,5.199531055515616
2021-11-01 00:00:00-04:00,144.6805877685547,170.22410583496094,-0.8085875294357975,7.039498581045905,1.619,False,False,0.0,False,False,-1.0,-1.0,0.002464105296249954,-0.002464105296249954,5.197066950219366
2021-11-02 00:00:00-04:00,144.5890350341797,171.78961181640625,-0.8102897463928189,5.389674042543049,1.192,False,False,0.0,False,False,-1.0,-1.0,-0.005813572935352756,0.005813572935352756,5.202880523154718
2021-11-03 00:00:00-04:00,145.0741424560547,163.14585876464844,-0.8157316174402842,11.99090720728384,2.355,False,False,0.0,True,False,-1.0,-1.0,0.023732008186192612,-0.023732008186192612,5.179148514968525
2021-11-04 00:00:00-04:00,142.93240356445312,164.58645629882812,-0.81917785892468,8.106822685578692,1.509,False,False,0.0,False,False,-1.0,-1.0,-0.013983700700771892,0.013983700700771892,5.193132215669297
2021-11-05 00:00:00-04:00,142.30079650878906,166.9298858642578,-0.8208709748537846,5.272898367164771,0.964,False,False,0.0,False,False,-1.0,-1.0,-0.010145482267622543,0.010145482267622543,5.20327769793692
2021-11-08 00:00:00-05:00,142.84085083007812,168.1400146484375,-0.8220783823291793,4.616579583086121,0.863,False,False,0.0,False,False,-1.0,-1.0,-0.002335112870741331,0.002335112870741331,5.205612810807661
2021-11-09 00:00:00-05:00,143.8385009765625,171.29978942871094,-0.8223057283444335,2.9777028651382693,0.578,False,False,0.0,False,False,-1.0,-1.0,-0.005756518274536934,0.005756518274536934,5.211369329082198
2021-11-10 00:00:00-05:00,141.0560302734375,171.75115966796875,-0.8207948860059942,0.08355675236978755,-0.016,False,False,0.0,False,False,-1.0,-1.0,-0.010261892233691552,0.010261892233691552,5.2216312213158895
2021-11-11 00:00:00-05:00,140.6532745361328,168.8314971923828,-0.8203754930539026,2.1480517839031847,0.381,False,True,0.0,False,False,-1.0,-1.0,0.007395422498641819,-0.007395422498641819,5.214235798817247
2021-11-12 00:00:00-05:00,143.07882690429688,169.61907958984375,-0.8209922180091143,3.8228825351665705,0.679,False,False,0.0,False,False,-1.0,-1.0,0.005932073983340137,-0.005932073983340137,5.2083037248339075
2021-11-15 00:00:00-05:00,147.5454559326172,170.0704345703125,-0.823769991374618,7.446535513553329,1.346,False,False,0.0,False,False,-1.0,-1.0,0.012597684072072355,-0.012597684072072355,5.195706040761835
2021-11-16 00:00:00-05:00,148.0122833251953,170.10887145996094,-0.8266470594157677,7.392284952283802,1.257,False,False,0.0,False,False,-1.0,-1.0,-0.00018795735858218932,0.00018795735858218932,5.195893998120417
2021-11-17 00:00:00-05:00,150.20896911621094,167.7366180419922,-0.8314656596216187,10.741731353226413,1.799,False,False,0.0,True,False,-1.0,-1.0,0.011562725282230173,-0.011562725282230173,5.184331272838187
2021-11-18 00:00:00-05:00,150.3828582763672,166.15196228027344,-0.8367602186876405,11.353505983345002,1.769,False,False,0.0,False,False,-1.0,-1.0,0.002113852172701988,-0.002113852172701988,5.182217420665485
2021-11-19 00:00:00-05:00,151.55442810058594,167.23724365234375,-0.8417611567166621,10.780612437682805,1.543,False,False,0.0,False,False,-1.0,-1.0,-0.001959761185873308,0.001959761185873308,5.184177181851359
2021-11-22 00:00:00-05:00,149.3577423095703,167.1796112060547,-0.8451713090878223,8.062331453755888,0.98,False,False,0.0,False,False,-1.0,-1.0,-0.009352318921447193,0.009352318921447193,5.193529500772806
2021-11-23 00:00:00-05:00,151.12425231933594,166.20957946777344,-0.8495643809948156,9.918513823388395,1.244,False,False,0.0,False,False,-1.0,-1.0,0.0063496132040909365,-0.0063496132040909365,5.187179887568715
2021-11-24 00:00:00-05:00,152.13111877441406,166.2768096923828,-0.8541340667339419,10.108431108313397,1.21,False,False,0.0,False,False,-1.0,-1.0,0.0006456393926128173,-0.0006456393926128173,5.186534248176102
2021-11-26 00:00:00-05:00,150.80389404296875,164.77854919433594,-0.858292628012324,9.375680014904162,1.028,False,False,0.0,False,False,-1.0,-1.0,-0.0025074284213530825,0.0025074284213530825,5.189041676597455
2021-11-29 00:00:00-05:00,154.49252319335938,168.5625762939453,-0.8622984706375771,9.141271448360413,0.94,False,False,0.0,False,False,-1.0,-1.0,-0.0007817689948438599,0.0007817689948438599,5.189823445592299
2021-11-30 00:00:00-05:00,153.531494140625,161.89732360839844,-0.8684945792389469,12.92454619343738,1.623,False,False,0.0,True,False,-1.0,-1.0,0.01286222473411857,-0.01286222473411857,5.17696122085818
2021-12-01 00:00:00-05:00,149.04652404785156,161.5900115966797,-0.8720460526377717,8.132592289275294,0.597,False,False,0.0,False,False,-1.0,-1.0,-0.01652623248516723,0.01652623248516723,5.193487453343347
2021-12-02 00:00:00-05:00,151.66427612304688,166.63214111328125,-0.8741922431578789,5.995750901027321,0.088,False,False,0.0,False,False,-1.0,-1.0,-0.00718669914177442,0.00718669914177442,5.200674152485122
2021-12-03 00:00:00-05:00,151.27984619140625,163.9141845703125,-0.8771348356803484,7.505004842646883,0.38,False,True,0.0,False,False,-1.0,-1.0,0.005115166799084012,-0.005115166799084012,5.195558985686038
2021-12-06 00:00:00-05:00,151.16087341308594,164.9130401611328,-0.8793348395717454,6.147091699707403,-0.023,False,False,0.0,False,False,-1.0,-1.0,-0.004584839112447557,0.004584839112447557,5.200143824798485
2021-12-07 00:00:00-05:00,153.23858642578125,167.32366943359375,-0.8812750916681898,5.780404307433031,-0.201,False,False,0.0,False,True,0.0,0.0,-0.0012194590385847723,0.0012194590385847723,5.20136328383707
2021-12-08 00:00:00-05:00,153.8701171875,167.08355712890625,-0.883477202999134,6.255603468107893,-0.116,False,False,0.0,False,False,0.0,0.0,0.0015761969664769351,0.0,5.20136328383707
2021-12-09 00:00:00-05:00,152.23178100585938,168.5049591064453,-0.8839483709201469,3.2820969117510685,-1.065,False,False,0.0,False,True,0.0,0.0,-0.009872807263786509,-0.0,5.20136328383707
2021-12-10 00:00:00-05:00,152.94570922851562,171.29978942871094,-0.8833403480876144,1.6296936072230608,-1.566,True,False,1.0,False,False,0.0,1.0,-0.00543086155625943,-0.0,5.20136328383707
2021-12-13 00:00:00-05:00,156.89976501464844,172.27938842773438,-0.8843717016603762,4.540749109804068,-0.693,False,False,1.0,False,False,0.0,1.0,0.009413008400039002,0.009413008400039002,5.210776292237109
2021-12-14 00:00:00-05:00,154.1167449951172,171.06494140625,-0.8844916201919816,2.811237812656742,-1.251,False,False,1.0,False,False,0.0,1.0,-0.005662689227180994,-0.005662689227180994,5.205113603009928
2021-12-15 00:00:00-05:00,157.00112915039062,171.58544921875,-0.8858343633518779,5.004841981253236,-0.563,False,False,1.0,False,False,0.0,1.0,0.0070991019754292435,0.0070991019754292435,5.212212704985357
2021-12-16 00:00:00-05:00,158.49400329589844,173.55166625976562,-0.8869887581515461,4.555626365017332,-0.672,False,False,1.0,False,False,0.0,1.0,-0.001437801088062127,-0.001437801088062127,5.2107749038972955
2021-12-17 00:00:00-05:00,158.07931518554688,169.43601989746094,-0.8897361848742827,7.325957261696914,0.201,False,True,0.0,False,False,0.0,0.0,0.008970329689495826,0.008970329689495826,5.219745233586791
2021-12-20 00:00:00-05:00,157.71994018554688,165.64808654785156,-0.8939234260240119,9.643235144369385,0.902,False,False,0.0,False,False,0.0,0.0,0.0075778394526022025,0.0,5.219745233586791
2021-12-21 00:00:00-05:00,156.549560546875,168.7420654296875,-0.895741459541042,5.400296572916716,-0.431,False,False,0.0,False,True,0.0,0.0,-0.0137892583049676,-0.0,5.219745233586791
2021-12-22 00:00:00-05:00,157.9595184326172,172.79025268554688,-0.8960906274612861,3.1237924844313056,-1.092,False,False,0.0,False,False,0.0,0.0,-0.007277937019125359,-0.0,5.219745233586791
2021-12-23 00:00:00-05:00,156.4850616455078,173.77334594726562,-0.895083580625342,0.9433929377830452,-1.657,True,False,1.0,False,False,0.0,1.0,-0.006987861405911988,-0.0,5.219745233586791
2021-12-27 00:00:00-05:00,159.88552856445312,177.8119354248047,-0.8939847473489787,0.9243703980761779,-1.563,False,False,1.0,False,False,0.0,1.0,-5.9660459081157375e-05,-5.9660459081157375e-05,5.21968557312771
2021-12-28 00:00:00-05:00,161.13882446289062,177.31072998046875,-0.8938774468494459,2.644761848937719,-1.02,False,False,1.0,False,False,0.0,1.0,0.005382398121154344,0.005382398121154344,5.225067971248865
2021-12-29 00:00:00-05:00,161.50743103027344,176.58782958984375,-0.8943640084619654,3.573631912702325,-0.756,False,False,1.0,False,False,0.0,1.0,0.0029077964148043886,0.0029077964148043886,5.227975767663669
2021-12-30 00:00:00-05:00,162.27230834960938,176.26011657714844,-0.8953874985117014,4.451203480215554,-0.56,False,False,1.0,False,False,0.0,1.0,0.002741610827564288,0.002741610827564288,5.230717378491233
2021-12-31 00:00:00-05:00,162.99107360839844,176.21192932128906,-0.8967397184823765,4.974837715589246,-0.434,False,False,1.0,False,False,0.0,1.0,0.0016312221556179915,0.0016312221556179915,5.232348600646851
2022-01-03 00:00:00-05:00,161.35076904296875,174.40951538085938,-0.897971892429841,4.735926458646986,-0.521,False,False,1.0,False,False,0.0,1.0,-0.0007513745141166516,-0.0007513745141166516,5.231597226132735
2022-01-04 00:00:00-05:00,155.82156372070312,174.04324340820312,-0.8963898833494158,-0.18903893573005348,-1.905,True,False,1.0,False,False,0.0,1.0,-0.015793641341094632,-0.015793641341094632,5.21580358479164
2022-01-05 00:00:00-05:00,150.09889221191406,171.04566955566406,-0.8932242990891044,-2.683256089170527,-2.341,False,False,1.0,False,False,0.0,1.0,-0.008234972876532461,-0.008234972876532461,5.207568611915108
2022-01-06 00:00:00-05:00,148.1820831298828,167.9709930419922,-0.8906794290153197,-1.4262250438950161,-1.847,False,False,1.0,False,False,0.0,1.0,0.004221194108287062,0.004221194108287062,5.211789806023395
2022-01-07 00:00:00-05:00,148.42166137695312,165.3011016845703,-0.8897471222159248,1.3454818539847224,-1.051,False,False,1.0,False,False,0.0,1.0,0.009379787308897642,0.009379787308897642,5.221169593332292
2022-01-10 00:00:00-05:00,146.7445068359375,162.16856384277344,-0.8895601894828796,2.4858084557934887,-0.694,False,False,1.0,False,False,0.0,1.0,0.003918604954753087,0.003918604954753087,5.225088198287046
2022-01-11 00:00:00-05:00,146.55099487304688,161.86978149414062,-0.8894672337793534,2.573128094985236,-0.628,False,False,1.0,False,False,0.0,1.0,0.0003005540953676686,0.0003005540953676686,5.225388752382414
2022-01-12 00:00:00-05:00,146.4772491455078,164.2794189453125,-0.888217888836724,0.5613304705786106,-1.134,False,False,1.0,False,False,0.0,1.0,-0.00688045360089296,-0.00688045360089296,5.218508298781521
2022-01-13 00:00:00-05:00,145.25160217285156,157.5709686279297,-0.8895154769009316,5.089786868036953,0.215,False,True,0.0,False,False,0.0,0.0,0.015866305226567345,0.015866305226567345,5.234374604008089
2022-01-14 00:00:00-05:00,143.64816284179688,154.27459716796875,-0.8915657558658829,6.1022150068322105,0.563,False,False,0.0,False,False,0.0,0.0,0.003600459968235484,0.0,5.234374604008089
2022-01-18 00:00:00-05:00,143.63894653320312,154.13966369628906,-0.8935626091512688,5.905506467047957,0.549,False,False,0.0,False,False,0.0,0.0,-0.0006991039247370924,-0.0,5.234374604008089
2022-01-19 00:00:00-05:00,142.772705078125,154.67941284179688,-0.8946733468405383,4.385157103625232,0.167,False,False,0.0,False,False,0.0,0.0,-0.005407412132105887,-0.0,5.234374604008089
2022-01-20 00:00:00-05:00,143.20582580566406,154.01434326171875,-0.8962036695441519,5.177606212079098,0.505,False,True,0.0,False,False,0.0,0.0,0.0028177566742635276,0.0,5.234374604008089
2022-01-21 00:00:00-05:00,142.7911376953125,150.9396514892578,-0.8989194868656837,7.108543630903739,1.207,False,False,0.0,False,False,0.0,0.0,0.0069340020210262926,0.0,5.234374604008089
2022-01-24 00:00:00-05:00,141.832763671875,152.21194458007812,-0.9003412279269969,4.790074583491474,0.382,False,False,0.0,False,False,0.0,0.0,-0.008313636157160766,-0.0,5.234374604008089
2022-01-25 00:00:00-05:00,140.6900177001953,146.51556396484375,-0.9037818959732536,8.271903510458316,1.641,False,False,0.0,True,False,-1.0,-1.0,0.01274890243242586,0.0,5.234374604008089
2022-01-26 00:00:00-05:00,136.13766479492188,143.58543395996094,-0.9060325291879461,6.044590909629676,0.809,False,False,0.0,False,False,-1.0,-1.0,-0.008366098564989523,0.008366098564989523,5.242740702573078
2022-01-27 00:00:00-05:00,133.8614959716797,144.72279357910156,-0.9061853141312638,2.7158258102474804,-0.391,False,False,0.0,False,True,0.0,0.0,-0.012561038057779054,0.012561038057779054,5.255301740630857
2022-01-28 00:00:00-05:00,137.19747924804688,148.5782012939453,-0.9061044945629007,2.570103261531642,-0.436,False,False,0.0,False,False,0.0,0.0,-0.0005360898604731781,-0.0,5.255301740630857
2022-01-31 00:00:00-05:00,137.5199737548828,153.4649658203125,-0.9036905769096942,-1.1648697427019101,-1.731,True,False,1.0,False,False,0.0,1.0,-0.013522475970502592,-0.0,5.255301740630857
2022-02-01 00:00:00-05:00,136.1468963623047,147.78785705566406,-0.9034636632571984,2.6259376418632314,-0.35,False,False,1.0,False,False,0.0,1.0,0.014057320192656824,0.014057320192656824,5.269359060823514
2022-02-02 00:00:00-05:00,137.5199737548828,148.7227783203125,-0.903697778383969,3.119529391724882,-0.176,False,False,1.0,False,False,0.0,1.0,0.0018152066449360273,0.0018152066449360273,5.27117426746845
2022-02-03 00:00:00-05:00,135.46498107910156,143.02642822265625,-0.9057180289874738,5.923366416158956,0.816,False,True,0.0,False,False,0.0,0.0,0.01058025373513085,0.01058025373513085,5.281754521203581
2022-02-04 00:00:00-05:00,133.7693634033203,144.46255493164062,-0.9059722616954957,2.890295781592073,-0.249,False,False,0.0,False,True,0.0,0.0,-0.011460754264890417,-0.0,5.281754521203581
2022-02-07 00:00:00-05:00,134.58949279785156,142.52517700195312,-0.907582019436298,5.236204833903116,0.625,False,True,0.0,False,False,0.0,0.0,0.00888794550675039,0.0,5.281754521203581
2022-02-08 00:00:00-05:00,132.31332397460938,143.42160034179688,-0.9073575626531047,2.178650256668874,-0.447,False,False,0.0,False,True,0.0,0.0,-0.01165013489954714,-0.0,5.281754521203581
2022-02-09 00:00:00-05:00,135.39125061035156,145.4071502685547,-0.9077724731573525,3.3946421963028683,0.059,False,False,0.0,False,False,0.0,0.0,0.004547670728471745,0.0,5.281754521203581
2022-02-10 00:00:00-05:00,129.20777893066406,141.15652465820312,-0.9068327581071723,1.2024183500426489,-0.789,False,False,0.0,False,True,0.0,0.0,-0.008522985452553188,-0.0,5.281754521203581
2022-02-11 00:00:00-05:00,125.5953598022461,139.39268493652344,-0.9046842165607606,-0.5110021638535471,-1.423,False,False,0.0,False,False,0.0,0.0,-0.006807345225366183,-0.0,5.281754521203581
2022-02-14 00:00:00-05:00,125.4571304321289,139.60472106933594,-0.9024217316108741,-0.5252036963143212,-1.385,False,False,0.0,False,False,0.0,0.0,-5.6480920708264066e-05,-0.0,5.281754521203581
2022-02-15 00:00:00-05:00,125.8165512084961,142.29385375976562,-0.899100489788794,-2.119922400844203,-1.836,True,False,1.0,False,False,0.0,1.0,-0.00628453081761171,-0.0,5.281754521203581
2022-02-16 00:00:00-05:00,124.03799438476562,140.6938934326172,-0.8957712908309012,-1.99155614739513,-1.656,False,False,1.0,False,False,0.0,1.0,0.0005133263234607951,0.0005133263234607951,5.2822678475270415
2022-02-17 00:00:00-05:00,126.95002746582031,137.233642578125,-0.8963142530214924,3.9455576289897323,0.402,False,True,0.0,False,False,0.0,0.0,0.023752778367480472,0.023752778367480472,5.306020625894522
2022-02-18 00:00:00-05:00,124.59090423583984,137.233642578125,-0.8956715529328185,1.6746344732632537,-0.354,False,False,0.0,False,True,0.0,0.0,-0.009175181143399942,-0.0,5.306020625894522
2022-02-22 00:00:00-05:00,125.32815551757812,137.71556091308594,-0.8951781451307201,2.048195143765156,-0.198,False,False,0.0,False,False,0.0,0.0,0.0015026085096316768,0.0,5.306020625894522
2022-02-23 00:00:00-05:00,121.85396575927734,135.79750061035156,-0.8936656547859272,0.49640345803516084,-0.755,False,False,0.0,False,True,0.0,0.0,-0.006380419950093218,-0.0,5.306020625894522
2022-02-24 00:00:00-05:00,123.79840087890625,140.03843688964844,-0.8910733156350352,-0.9861133967004179,-1.336,False,False,0.0,False,False,0.0,0.0,-0.005963872673285223,-0.0,5.306020625894522
2022-02-25 00:00:00-05:00,127.07904815673828,142.89146423339844,-0.8890713283736509,0.038344237494712274,-0.999,False,False,0.0,False,False,0.0,0.0,0.004031397110323077,0.0,5.306020625894522
2022-02-28 00:00:00-05:00,124.33287811279297,140.9252166748047,-0.8866765584331237,-0.6222080048651009,-1.2,False,False,0.0,False,False,0.0,0.0,-0.002649755853231543,-0.0,5.306020625894522
2022-03-01 00:00:00-05:00,123.59565734863281,141.011962890625,-0.8839582889657309,-1.0530360918632056,-1.285,False,False,0.0,False,False,0.0,0.0,-0.0017355000652726701,-0.0,5.306020625894522
2022-03-02 00:00:00-05:00,124.6922607421875,142.82400512695312,-0.8811407713313993,-1.1557933000157163,-1.251,False,False,0.0,False,False,0.0,0.0,-0.0004101424085817936,-0.0,5.306020625894522
2022-03-03 00:00:00-05:00,126.47081756591797,141.011962890625,-0.8806258025870767,2.292044570982256,-0.074,False,False,0.0,False,False,0.0,0.0,0.013755609427819483,0.0,5.306020625894522
2022-03-04 00:00:00-05:00,128.31390380859375,142.11074829101562,-0.8808633197754983,3.1337582931895156,0.243,False,True,0.0,False,False,0.0,0.0,0.0033204476572601567,0.0,5.306020625894522
2022-03-07 00:00:00-05:00,125.43871307373047,141.95652770996094,-0.8794589702055854,0.5937713999675793,-0.609,False,False,0.0,False,True,0.0,0.0,-0.01014843296812364,-0.0,5.306020625894522
2022-03-08 00:00:00-05:00,123.01512145996094,139.83604431152344,-0.8777093503226402,0.27971785560578155,-0.677,False,False,0.0,False,False,0.0,0.0,-0.0012779364124638427,-0.0,5.306020625894522
2022-03-09 00:00:00-05:00,124.82130432128906,141.75413513183594,-0.8761580890928515,0.6222721631698391,-0.513,False,False,0.0,False,False,0.0,0.0,0.0013756077612254922,0.0,5.306020625894522
2022-03-10 00:00:00-05:00,124.673828125,140.3950653076172,-0.8753960743009456,1.7725391034870341,-0.051,False,False,0.0,False,False,0.0,0.0,0.00464613307498296,0.0,5.306020625894522
2022-03-11 00:00:00-05:00,125.03323364257812,139.3734130859375,-0.8755290977053914,3.0077550393264687,0.492,False,True,0.0,False,False,0.0,0.0,0.004999685801852488,0.0,5.306020625894522
2022-03-14 00:00:00-04:00,123.29435729980469,138.7440948486328,-0.8749870351080377,1.8950731094511042,0.08,False,False,0.0,False,False,0.0,0.0,-0.004547244967622575,-0.0,5.306020625894522
2022-03-15 00:00:00-04:00,125.67485046386719,141.61949157714844,-0.8743565193951967,1.8489247299543052,0.158,False,False,0.0,False,False,0.0,0.0,-0.00018496286945503121,-0.0,5.306020625894522
2022-03-16 00:00:00-04:00,126.53036499023438,146.0729217529297,-0.8719076225351046,-0.8317289321189065,-1.065,False,False,0.0,False,True,0.0,0.0,-0.010558224823038684,-0.0,5.306020625894522
2022-03-17 00:00:00-04:00,128.52964782714844,147.43800354003906,-0.8700445577491198,0.25201524174198653,-0.492,False,False,0.0,False,False,0.0,0.0,0.004220067951811505,0.0,5.306020625894522
2022-03-18 00:00:00-04:00,129.2456512451172,148.6965789794922,-0.8681684359064678,0.1519748478488907,-0.508,False,False,0.0,False,False,0.0,0.0,-0.0003872441521237524,-0.0,5.306020625894522
2022-03-21 00:00:00-04:00,127.56254577636719,147.11851501464844,-0.8662757614942924,0.11734215214312371,-0.553,False,False,0.0,False,False,0.0,0.0,-0.0001358103657130927,-0.0,5.306020625894522
2022-03-22 00:00:00-04:00,128.71560668945312,147.8543243408203,-0.8648693474152888,0.8409336842794204,-0.159,False,False,0.0,False,False,0.0,0.0,0.0028200270602512976,0.0,5.306020625894522
2022-03-23 00:00:00-04:00,127.06970977783203,145.76312255859375,-0.8637259108126071,1.170323983020964,0.04,False,False,0.0,False,False,0.0,0.0,0.001302096993294405,0.0,5.306020625894522
2022-03-24 00:00:00-04:00,127.99957275390625,147.0797882080078,-0.8625789921998755,1.131637268471735,0.104,False,False,0.0,False,False,0.0,0.0,-0.00015179147321085358,-0.0,5.306020625894522
2022-03-25 00:00:00-04:00,128.53892517089844,147.9027099609375,-0.8614330903265524,1.1306366615762897,0.136,False,False,0.0,False,False,0.0,0.0,-3.9094267956966246e-06,-0.0,5.306020625894522
2022-03-28 00:00:00-04:00,131.01243591308594,149.5001220703125,-0.8610545837433718,2.2846705342497273,0.965,False,True,0.0,False,False,0.0,0.0,0.004443031409590763,0.0,5.306020625894522
2022-03-29 00:00:00-04:00,134.5646209716797,152.46267700195312,-0.8613689399048565,3.2380065074507627,1.532,False,False,0.0,True,False,-1.0,-1.0,0.003585435870566072,0.0,5.306020625894522
2022-03-30 00:00:00-04:00,134.0531768798828,150.87490844726562,-0.8622164514698217,3.966348702647224,1.949,False,False,0.0,False,False,-1.0,-1.0,0.002757409635995738,-0.002757409635995738,5.303263216258526
2022-03-31 00:00:00-04:00,131.858642578125,150.74903869628906,-0.8617769046124556,1.9466026371337364,0.663,False,False,0.0,False,False,-1.0,-1.0,-0.007715707680007261,0.007715707680007261,5.310978923938533
2022-04-01 00:00:00-04:00,135.6712188720703,151.32992553710938,-0.8632604727121066,5.034075817417374,2.3,False,False,0.0,True,False,-1.0,-1.0,0.011593602085739911,-0.011593602085739911,5.299385321852793
2022-04-04 00:00:00-04:00,136.275634765625,151.620361328125,-0.864953290633477,5.13110430782649,2.123,False,False,0.0,False,False,-1.0,-1.0,0.00036283161491599094,-0.00036283161491599094,5.299022490237878
2022-04-05 00:00:00-04:00,136.14544677734375,154.42796325683594,-0.8649866495695702,2.5673202399605373,0.69,False,False,0.0,False,False,-1.0,-1.0,-0.009505228024227609,0.009505228024227609,5.308527718262106
2022-04-06 00:00:00-04:00,138.6189727783203,154.51512145996094,-0.8663165198354912,4.759970493168737,1.83,False,False,0.0,True,False,-1.0,-1.0,0.008047073355919636,-0.008047073355919636,5.300480644906186
2022-04-07 00:00:00-04:00,137.7820587158203,153.79869079589844,-0.8674842237034269,4.364120824136961,1.58,False,False,0.0,False,False,-1.0,-1.0,-0.0014596226916797218,0.0014596226916797218,5.301940267597866
2022-04-08 00:00:00-04:00,139.4651641845703,155.7156219482422,-0.8685431300592895,4.219430498515038,1.41,False,False,0.0,False,False,-1.0,-1.0,-0.0005267003484152439,0.0005267003484152439,5.302466967946281
2022-04-11 00:00:00-04:00,135.27134704589844,149.89706420898438,-0.8700011440137262,4.8607296997830645,1.643,False,False,0.0,True,False,-1.0,-1.0,0.002413785229025893,-0.002413785229025893,5.300053182717256
2022-04-12 00:00:00-04:00,135.31785583496094,149.16131591796875,-0.8717616207569554,5.284745316072247,1.718,False,False,0.0,False,False,-1.0,-1.0,0.0015979426120640192,-0.0015979426120640192,5.298455240105191
2022-04-13 00:00:00-04:00,136.8335723876953,150.52638244628906,-0.8735795267111542,5.33680645272392,1.633,False,False,0.0,False,False,-1.0,-1.0,0.00019401882387622458,-0.00019401882387622458,5.298261221281315
2022-04-14 00:00:00-04:00,134.85292053222656,148.6288299560547,-0.8750521773287825,4.79493926535153,1.281,False,False,0.0,False,False,-1.0,-1.0,-0.002045469566153684,0.002045469566153684,5.300306690847469
2022-04-18 00:00:00-04:00,134.87149047851562,146.7893524169922,-0.8773313107887707,6.088595512681053,1.781,False,False,0.0,True,False,-1.0,-1.0,0.004906636561911374,-0.004906636561911374,5.295400054285557
2022-04-19 00:00:00-04:00,139.80923461914062,149.71311950683594,-0.8808644311793654,7.9322727646632245,2.405,False,False,0.0,False,False,-1.0,-1.0,0.00678605419013697,-0.00678605419013697,5.2886140000954205
2022-04-20 00:00:00-04:00,141.966552734375,150.5070037841797,-0.8850281148883948,8.763622897761934,2.498,False,False,0.0,False,False,-1.0,-1.0,0.0030212294086217873,-0.0030212294086217873,5.285592770686799
2022-04-21 00:00:00-04:00,139.79991149902344,149.5485382080078,-0.8880923747240745,6.9869950653597925,1.609,False,False,0.0,False,False,-1.0,-1.0,-0.0065170368022477,0.0065170368022477,5.292109807489047
2022-04-22 00:00:00-04:00,139.26058959960938,143.5751190185547,-0.8936255991284286,10.958187846718005,2.752,False,False,0.0,False,False,-1.0,-1.0,0.014842085451669833,-0.014842085451669833,5.277267722037378
2022-04-25 00:00:00-04:00,140.93441772460938,146.2278289794922,-0.8984615232810322,9.554339753616546,2.038,False,False,0.0,False,False,-1.0,-1.0,-0.005155245553548146,0.005155245553548146,5.282422967590926
2022-04-26 00:00:00-04:00,139.12110900878906,141.77439880371094,-0.9041421071063588,10.936905340664623,2.249,False,False,0.0,False,False,-1.0,-1.0,0.0051722338520041175,-0.0051722338520041175,5.277250733738922
2022-04-27 00:00:00-04:00,137.84716796875,142.1422882080078,-0.9084697243915113,8.715202576042373,1.441,False,False,0.0,False,False,-1.0,-1.0,-0.008321634491240678,0.008321634491240678,5.285572368230162
2022-04-28 00:00:00-04:00,140.8785858154297,145.4339599609375,-0.9123678970177274,8.189309610908765,1.199,False,False,0.0,False,False,-1.0,-1.0,-0.0019223492162074778,0.0019223492162074778,5.28749471744637
2022-04-29 00:00:00-04:00,135.8757781982422,139.5380096435547,-0.9161363257133319,8.039938746044513,1.089,False,False,0.0,False,False,-1.0,-1.0,-0.0005664174608425838,0.0005664174608425838,5.288061134907212
2022-05-02 00:00:00-04:00,131.37509155273438,138.69569396972656,-0.9173611446051715,4.141050980857429,-0.118,False,False,0.0,False,False,-1.0,-1.0,-0.015076373108542806,0.015076373108542806,5.303137508015755
2022-05-03 00:00:00-04:00,132.28639221191406,141.77439880371094,-0.9171540564418559,2.2574272494851755,-0.703,False,False,0.0,False,True,0.0,0.0,-0.007180760408626548,0.007180760408626548,5.310318268424382
2022-05-04 00:00:00-04:00,134.51815795898438,144.59169006347656,-0.9166489612192474,1.9783354613632014,-0.842,False,False,0.0,False,False,0.0,0.0,-0.001045060655535527,-0.0,5.310318268424382
2022-05-05 00:00:00-04:00,131.44949340820312,138.5117645263672,-0.9176769132128023,4.34044489398795,-0.132,False,False,0.0,False,False,0.0,0.0,0.009135685153010768,0.0,5.310318268424382
2022-05-06 00:00:00-04:00,131.18911743164062,137.32095336914062,-0.9192394250832757,4.958283204704486,0.026,False,False,0.0,False,False,0.0,0.0,0.002400118198825521,0.0,5.310318268424382
2022-05-09 00:00:00-04:00,124.02894592285156,133.32254028320312,-0.9185953353767868,1.5594823181174178,-1.172,False,False,0.0,False,True,0.0,0.0,-0.013788327856154818,-0.0,5.310318268424382
2022-05-10 00:00:00-04:00,117.72429656982422,132.41246032714844,-0.9144818105582551,-3.364489890619609,-2.608,True,False,1.0,False,False,0.0,1.0,-0.02061851949758106,-0.0,5.310318268424382
2022-05-11 00:00:00-04:00,118.09624481201172,130.63111877441406,-0.9116500451953208,-0.993620522598178,-1.776,False,False,1.0,False,False,0.0,1.0,0.009995818754124463,0.009995818754124463,5.320314087178506
2022-05-12 00:00:00-04:00,118.19854736328125,132.0639190673828,-0.9083824201967924,-1.7659950598212646,-1.909,False,False,1.0,False,False,0.0,1.0,-0.0032430488616680886,-0.0032430488616680886,5.317071038316838
2022-05-13 00:00:00-04:00,121.99250793457031,134.9005889892578,-0.9060955930592867,-0.2403212496983258,-1.422,False,False,1.0,False,False,0.0,1.0,0.006246992339621801,0.006246992339621801,5.32331803065646
2022-05-16 00:00:00-04:00,119.40740203857422,134.53271484375,-0.902664538037224,-2.0305088567529594,-1.821,True,False,1.0,False,False,0.0,1.0,-0.00743293521159758,-0.00743293521159758,5.315885095444862
2022-05-17 00:00:00-04:00,119.63056182861328,136.0042724609375,-0.8987340202024493,-2.601104724914336,-1.832,False,False,1.0,False,False,0.0,1.0,-0.002359177255490421,-0.002359177255490421,5.313525918189372
2022-05-18 00:00:00-04:00,116.50614929199219,132.24790954589844,-0.8952444310986901,-1.8880552534166952,-1.537,False,False,1.0,False,False,0.0,1.0,0.003035540218858999,0.003035540218858999,5.316561458408231
2022-05-19 00:00:00-04:00,118.71927642822266,133.62265014648438,-0.8926876675676257,-0.5640154652473512,-1.162,False,False,1.0,False,False,0.0,1.0,0.005563132354016135,0.005563132354016135,5.322124590762247
2022-05-20 00:00:00-04:00,121.9088134765625,134.5520782470703,-0.8919036786250496,1.9013199213549683,-0.518,False,False,1.0,False,False,0.0,1.0,0.010190860702410423,0.010190860702410423,5.332315451464657
2022-05-23 00:00:00-04:00,124.15914916992188,135.91712951660156,-0.891978813010622,2.923949315892642,-0.247,False,False,1.0,False,False,0.0,1.0,0.004167289909507503,0.004167289909507503,5.336482741374165
2022-05-24 00:00:00-04:00,127.05111694335938,135.2394561767578,-0.8943269804632826,6.10282246130312,0.521,False,True,0.0,False,False,0.0,0.0,0.012818067297577056,0.012818067297577056,5.3493008086717415
2022-05-25 00:00:00-04:00,128.18557739257812,136.0430145263672,-0.8969208846140008,6.165756458033513,0.524,False,False,0.0,False,False,0.0,0.0,0.00025152933210542683,0.0,5.3493008086717415
2022-05-26 00:00:00-04:00,127.19986724853516,139.83811950683594,-0.8965339354778914,1.8302476372438434,-0.532,False,False,0.0,False,True,0.0,0.0,-0.017165608065695732,-0.0,5.3493008086717415
2022-05-27 00:00:00-04:00,131.58895874023438,142.1229248046875,-0.8974202150117068,4.0449730039190825,0.017,False,False,0.0,False,False,0.0,0.0,0.008546676190281401,0.0,5.3493008086717415
2022-05-31 00:00:00-04:00,129.8035888671875,141.5614013671875,-0.8975199782415798,2.7494029922618353,-0.288,False,False,0.0,False,True,0.0,0.0,-0.005043919783849283,-0.0,5.3493008086717415
2022-06-01 00:00:00-04:00,127.80431365966797,140.11888122558594,-0.8971060137806158,2.1028226679829913,-0.424,False,False,0.0,False,False,0.0,0.0,-0.0025505543163719157,-0.0,5.3493008086717415
2022-06-02 00:00:00-04:00,128.66909790039062,142.9264678955078,-0.8956525302746815,0.6566452865560279,-0.743,False,False,0.0,False,False,0.0,0.0,-0.005634130612542082,-0.0,5.3493008086717415
2022-06-03 00:00:00-04:00,125.0611572265625,141.629150390625,-0.892720525468073,-1.3740923317529905,-1.172,False,False,0.0,False,False,0.0,0.0,-0.008074618815711537,-0.0,5.3493008086717415
2022-06-06 00:00:00-04:00,125.45171356201172,140.72877502441406,-0.8906822904280587,0.10708589413161462,-0.771,False,False,0.0,False,False,0.0,0.0,0.0059059004554093035,0.0,5.3493008086717415
2022-06-07 00:00:00-04:00,125.77714538574219,143.02328491210938,-0.8878251296908419,-1.2025210901615537,-1.023,False,False,0.0,False,False,0.0,0.0,-0.0051812925422165135,-0.0,5.3493008086717415
2022-06-08 00:00:00-04:00,123.53611755371094,140.8546600341797,-0.8849657770347059,-1.1154361123962246,-0.948,False,False,0.0,False,False,0.0,0.0,0.00035088357667935295,0.0,5.3493008086717415
2022-06-09 00:00:00-04:00,123.88018035888672,137.9502410888672,-0.8841719915301709,1.9084409632758081,-0.176,False,False,0.0,False,False,0.0,0.0,0.012299586998106871,0.0,5.3493008086717415
2022-06-10 00:00:00-04:00,122.15058135986328,135.62669372558594,-0.8838082368835798,2.282592303903897,-0.021,False,False,0.0,False,False,0.0,0.0,0.00154596128712455,0.0,5.3493008086717415
2022-06-13 00:00:00-04:00,118.26363372802734,130.84410095214844,-0.8837205924709806,2.6340073132619324,0.135,False,False,0.0,False,False,0.0,0.0,0.0015024588957522557,0.0,5.3493008086717415
2022-06-14 00:00:00-04:00,116.95857238769531,130.75653076171875,-0.882888289468407,1.5151626066583077,-0.115,False,False,0.0,False,False,0.0,0.0,-0.004814264904983911,-0.0,5.3493008086717415
2022-06-15 00:00:00-04:00,121.05215454101562,134.19033813476562,-0.8827337814953938,2.5978099191684123,0.305,False,True,0.0,False,False,0.0,0.0,0.004520325403670618,0.0,5.3493008086717415
2022-06-16 00:00:00-04:00,117.6533432006836,130.5036163330078,-0.8825545597818298,2.4767815379690603,0.348,False,False,0.0,False,False,0.0,0.0,-0.0005198145885527877,-0.0,5.3493008086717415
2022-06-17 00:00:00-04:00,119.40908813476562,129.77407836914062,-0.8839139601626924,4.699968597034939,1.296,False,False,0.0,False,False,0.0,0.0,0.00949600238771627,0.0,5.3493008086717415
2022-06-21 00:00:00-04:00,120.3104248046875,131.04837036132812,-0.885146441169053,4.313426158353906,1.138,False,False,0.0,False,False,0.0,0.0,-0.0016357608789262222,-0.0,5.3493008086717415
2022-06-22 00:00:00-04:00,124.20684814453125,131.9432830810547,-0.8882538632166772,7.007717222292783,2.012,False,False,0.0,True,False,-1.0,-1.0,0.011160829878176596,0.0,5.3493008086717415
2022-06-23 00:00:00-04:00,128.2910614013672,134.9296112060547,-0.892170750920613,7.910808850235014,2.117,False,False,0.0,False,False,-1.0,-1.0,0.003631667897627862,-0.003631667897627862,5.345669140774113
2022-06-24 00:00:00-04:00,130.31910705566406,141.62210083007812,-0.8932887643940005,3.8096755942810177,0.715,False,False,0.0,False,False,-1.0,-1.0,-0.01596837049198013,0.01596837049198013,5.3616375112660934
2022-06-27 00:00:00-04:00,128.86380004882812,142.88668823242188,-0.8924303929056615,1.347376728579107,-0.1,False,False,0.0,False,False,-1.0,-1.0,-0.00960409049241392,0.00960409049241392,5.371241601758507
2022-06-28 00:00:00-04:00,126.33817291259766,137.31285095214844,-0.8930461668529953,3.711457710124833,0.705,False,True,0.0,False,False,-1.0,-1.0,0.009495640125980568,-0.009495640125980568,5.3617459616325265
2022-06-29 00:00:00-04:00,119.61564636230469,139.9684600830078,-0.8879622863469281,-4.671067469461676,-2.154,True,False,1.0,False,True,0.0,1.0,-0.03436836434430813,0.03436836434430813,5.396114325976835
2022-06-30 00:00:00-04:00,121.89717102050781,138.66497802734375,-0.8850553653811608,-0.8290117730535513,-0.849,False,False,1.0,False,False,0.0,1.0,0.015706005320033162,0.015706005320033162,5.411820331296868
2022-07-01 00:00:00-04:00,123.54024505615234,142.4294891357422,-0.8815184797162413,-2.0139816735480167,-1.247,False,False,1.0,False,False,0.0,1.0,-0.004757110392691443,-0.004757110392691443,5.407063220904177
2022-07-05 00:00:00-04:00,120.70476531982422,142.1668701171875,-0.876619935279646,-3.9215471612145194,-1.776,True,False,1.0,False,False,0.0,1.0,-0.007775474288727854,-0.007775474288727854,5.399287746615449
2022-07-06 00:00:00-04:00,120.55453491210938,144.70571899414062,-0.8705788372472525,-5.423201672837223,-2.114,False,False,1.0,False,False,0.0,1.0,-0.006091107271692972,-0.006091107271692972,5.393196639343755
2022-07-07 00:00:00-04:00,120.58271026611328,145.30882263183594,-0.8647086659659832,-5.067087904949233,-1.913,False,False,1.0,False,False,0.0,1.0,0.0014462500103996209,0.0014462500103996209,5.394642889354155
2022-07-08 00:00:00-04:00,118.61102294921875,145.23098754882812,-0.8582191533188522,-6.028992220597289,-2.046,False,False,1.0,False,False,0.0,1.0,-0.0039543687997637585,-0.0039543687997637585,5.3906885205543915
2022-07-11 00:00:00-04:00,118.9771957397461,143.66488647460938,-0.853346691591699,-3.618759831258842,-1.312,False,False,1.0,False,False,0.0,1.0,0.009977236196409965,0.009977236196409965,5.400665756750802
2022-07-12 00:00:00-04:00,116.75200653076172,142.10850524902344,-0.8484835936271493,-3.824728687912298,-1.289,False,False,1.0,False,False,0.0,1.0,-0.0008678630962907628,-0.0008678630962907628,5.399797893654511
2022-07-13 00:00:00-04:00,115.35304260253906,141.943115234375,-0.843274348385435,-4.343945404527233,-1.337,False,False,1.0,False,False,0.0,1.0,-0.0022089625569004998,-0.0022089625569004998,5.39758893109761
2022-07-14 00:00:00-04:00,113.63485717773438,142.78939819335938,-0.8369976541388383,-5.8795341460039054,-1.626,True,False,1.0,False,False,0.0,1.0,-0.0065862907615890235,-0.0065862907615890235,5.391002640336021
2022-07-15 00:00:00-04:00,113.58792114257812,145.25048828125,-0.8299067055555974,-6.956433067255972,-1.775,False,False,1.0,False,False,0.0,1.0,-0.004599532121879118,-0.004599532121879118,5.386403108214142
2022-07-18 00:00:00-04:00,112.65840148925781,143.06179809570312,-0.8239469142641425,-5.216925600776548,-1.253,False,False,1.0,False,False,0.0,1.0,0.007545566009795912,0.007545566009795912,5.393948674223938
2022-07-19 00:00:00-04:00,116.07599639892578,148.18814086914062,-0.8181209911483354,-5.159832285364686,-1.167,False,False,1.0,False,False,0.0,1.0,0.0002405835250385924,0.0002405835250385924,5.394189257748977
2022-07-20 00:00:00-04:00,115.78494262695312,148.353515625,-0.8125956061452579,-4.766472326123747,-1.009,False,False,1.0,False,False,0.0,1.0,0.0016644073018165935,0.0016644073018165935,5.395853665050793
2022-07-21 00:00:00-04:00,117.45618438720703,151.65113830566406,-0.8070051653821775,-4.927067561550871,-0.989,False,False,1.0,False,False,0.0,1.0,-0.0006695947834123638,-0.0006695947834123638,5.395184070267381
2022-07-22 00:00:00-04:00,119.6344223022461,151.93324279785156,-0.8031359509964582,-2.3886271401822086,-0.35,False,False,1.0,False,False,0.0,1.0,0.010504291065540388,0.010504291065540388,5.405688361332921
2022-07-25 00:00:00-04:00,119.3527603149414,150.72702026367188,-0.8001792320679467,-1.2558710115334009,-0.075,False,False,1.0,False,False,0.0,1.0,0.004720576593177664,0.004720576593177664,5.410408937926099
2022-07-26 00:00:00-04:00,119.71893310546875,150.71731567382812,-0.7977928424639594,-0.5222625744924585,0.109,False,False,1.0,False,False,0.0,1.0,0.0030572097154395513,0.0030572097154395513,5.413466147641539
2022-07-27 00:00:00-04:00,121.31505584716797,153.888427734375,-0.7951143671049246,-1.0438439756215274,-0.02,False,False,1.0,False,False,0.0,1.0,-0.0021404889155881776,-0.0021404889155881776,5.411325658725951
2022-07-28 00:00:00-04:00,128.56333923339844,156.4564971923828,-0.7957804687659101,4.058314556171737,1.162,False,True,0.0,False,False,0.0,0.0,0.020161186696552747,0.020161186696552747,5.431486845422503
2022-07-29 00:00:00-04:00,124.35707092285156,156.17440795898438,-0.7942560091898819,0.31460891975609684,0.281,False,False,0.0,False,False,0.0,0.0,-0.015071307068567297,-0.0,5.431486845422503
2022-08-01 00:00:00-04:00,122.56377410888672,156.94285583496094,-0.7913074226094065,-1.6262726388358715,-0.158,False,False,0.0,False,False,0.0,0.0,-0.007865659594871403,-0.0,5.431486845422503
2022-08-02 00:00:00-04:00,121.37139129638672,158.82997131347656,-0.7869711242184488,-3.623209787763912,-0.6,False,False,0.0,False,True,0.0,0.0,-0.008105571429045158,-0.0,5.431486845422503
2022-08-03 00:00:00-04:00,121.47466278076172,160.69766235351562,-0.7821702436946218,-4.218266943443652,-0.703,False,False,0.0,False,False,0.0,0.0,-0.002407504760834621,-0.0,5.431486845422503
2022-08-04 00:00:00-04:00,121.531005859375,162.56533813476562,-0.7770020078585446,-4.782588279541116,-0.791,False,False,0.0,False,False,0.0,0.0,-0.0022769160034205108,-0.0,5.431486845422503
2022-08-05 00:00:00-04:00,121.55915832519531,163.27545166015625,-0.7720249592086676,-4.493565582513597,-0.676,False,False,0.0,False,False,0.0,0.0,0.0011672408222948851,0.0,5.431486845422503
2022-08-08 00:00:00-04:00,122.9769058227539,163.00308227539062,-0.7684888580285368,-2.2891467301926696,-0.086,False,False,0.0,False,False,0.0,0.0,0.008880086133136855,0.0,5.431486845422503
2022-08-09 00:00:00-04:00,122.22576904296875,164.3941192626953,-0.7643581267276169,-3.4302120017014914,-0.334,False,False,0.0,False,True,0.0,0.0,-0.004603264544910613,-0.0,5.431486845422503
2022-08-10 00:00:00-04:00,124.40401458740234,165.87266540527344,-0.7611930215726226,-1.8571007887423718,0.173,False,False,0.0,False,False,0.0,0.0,0.006275748099418092,0.0,5.431486845422503
2022-08-11 00:00:00-04:00,121.14603424072266,165.10421752929688,-0.7568944127826726,-3.8204255340571365,-0.364,False,False,0.0,False,True,0.0,0.0,-0.007977346916776587,-0.0,5.431486845422503
2022-08-12 00:00:00-04:00,123.39000701904297,178.2265625,-0.7486705079013152,-10.042964049337513,-2.394,True,False,1.0,False,False,0.0,1.0,-0.024228901018203297,-0.0,5.431486845422503
2022-08-15 00:00:00-04:00,124.96737670898438,173.28500366210938,-0.744009377530735,-3.9582910010727517,-0.221,False,False,1.0,False,False,0.0,1.0,0.023965497212370353,0.023965497212370353,5.4554523426348736
2022-08-16 00:00:00-04:00,126.31001281738281,172.48733520507812,-0.7411079699060741,-1.521726010961146,0.801,False,True,0.0,False,False,0.0,0.0,0.009587425026912436,0.009587425026912436,5.465039767661786
2022-08-17 00:00:00-04:00,124.13175201416016,172.78890991210938,-0.7372903125585551,-3.2638373815909887,0.081,False,False,0.0,False,False,0.0,0.0,-0.006926131214462063,-0.0,5.465039767661786
2022-08-18 00:00:00-04:00,123.0426254272461,172.32199096679688,-0.7333921948206996,-3.3369777437658428,0.083,False,False,0.0,False,False,0.0,0.0,-0.0002932391494771726,-0.0,5.465039767661786
2022-08-19 00:00:00-04:00,122.38538360595703,171.23251342773438,-0.729947286052747,-2.6053248546082273,0.393,False,True,0.0,False,False,0.0,0.0,0.002957654003851211,0.0,5.465039767661786
2022-08-22 00:00:00-04:00,118.88331604003906,169.89010620117188,-0.7254957512985583,-4.371234196571976,-0.333,False,False,0.0,False,True,0.0,0.0,-0.007292991257906526,-0.0,5.465039767661786
2022-08-23 00:00:00-04:00,117.55006408691406,168.92709350585938,-0.7210616704887512,-4.256788147230381,-0.302,False,False,0.0,False,False,0.0,0.0,0.0004781397216368046,0.0,5.465039767661786
2022-08-24 00:00:00-04:00,117.96318054199219,169.73448181152344,-0.7169511903952106,-3.728158243893759,-0.098,False,False,0.0,False,False,0.0,0.0,0.0022057998523006715,0.0,5.465039767661786
2022-08-25 00:00:00-04:00,120.63905334472656,171.6702423095703,-0.7139371438532275,-1.9227091343595504,0.616,False,True,0.0,False,False,0.0,0.0,0.007423696764414516,0.0,5.465039767661786
2022-08-26 00:00:00-04:00,117.61579132080078,169.24810791015625,-0.710576147651423,-2.647877195290377,0.296,False,False,0.0,False,False,0.0,0.0,-0.0030484685875277182,-0.0,5.465039767661786
2022-08-29 00:00:00-04:00,116.39521789550781,169.10220336914062,-0.7069070390805093,-3.14431999016152,0.076,False,False,0.0,False,False,0.0,0.0,-0.002104152875770367,-0.0,5.465039767661786
2022-08-30 00:00:00-04:00,116.2449951171875,167.88624572753906,-0.7039337021801306,-1.9357913829222042,0.559,False,True,0.0,False,False,0.0,0.0,0.005155271740598279,0.0,5.465039767661786
2022-08-31 00:00:00-04:00,116.07599639892578,166.50497436523438,-0.7016960057790355,-0.7598790554998658,0.997,False,False,0.0,False,False,0.0,0.0,0.005048743621633548,0.0,5.465039767661786
2022-09-01 00:00:00-04:00,114.54560089111328,167.03025817871094,-0.6986848581652259,-2.155911353780425,0.358,False,False,0.0,False,False,0.0,0.0,-0.006036971788960189,-0.0,5.465039767661786
2022-09-02 00:00:00-04:00,111.05288696289062,161.94281005859375,-0.6959257228268831,-1.6472801837528692,0.543,False,False,0.0,False,False,0.0,0.0,0.002273180904956788,0.0,5.465039767661786
2022-09-06 00:00:00-04:00,112.01057434082031,163.29489135742188,-0.6934246442255692,-1.2221276025529164,0.688,False,False,0.0,False,False,0.0,0.0,0.0018875261815297433,0.0,5.465039767661786
2022-09-07 00:00:00-04:00,114.4892578125,164.93885803222656,-0.691874106421648,0.3723327972461874,1.322,False,False,0.0,False,False,0.0,0.0,0.00697470374631324,0.0,5.465039767661786
2022-09-08 00:00:00-04:00,115.16526794433594,166.28123474121094,-0.6903799381867209,0.3680393820870904,1.242,False,False,0.0,False,False,0.0,0.0,-1.8670066747053437e-05,-0.0,5.465039767661786
2022-09-09 00:00:00-04:00,116.84589385986328,167.71116638183594,-0.6893952566535659,1.226611268388595,1.517,False,False,0.0,True,False,-1.0,-1.0,0.0036933354896759333,0.0,5.465039767661786
2022-09-12 00:00:00-04:00,119.00535583496094,168.323974609375,-0.6894598694869671,2.952730269253678,2.058,False,False,0.0,False,False,-1.0,-1.0,0.007343375411374889,-0.007343375411374889,5.457696392250411
2022-09-13 00:00:00-04:00,112.82740783691406,163.90771484375,-0.6878991433609567,0.07543120564646699,0.897,False,False,0.0,False,False,-1.0,-1.0,-0.01275515078822754,0.01275515078822754,5.470451543038639
2022-09-14 00:00:00-04:00,110.10514068603516,162.9161376953125,-0.685284368067411,-1.5387417824803862,0.263,False,False,0.0,False,False,-1.0,-1.0,-0.007279278912547162,0.007279278912547162,5.4777308219511855
2022-09-15 00:00:00-04:00,106.13080596923828,159.8387451171875,-0.6818261364315947,-2.851428066088104,-0.198,False,False,0.0,False,False,-1.0,-1.0,-0.00610230920254701,0.00610230920254701,5.483833131153733
2022-09-16 00:00:00-04:00,106.31101989746094,159.85826110839844,-0.6786975055488897,-2.184383158192176,0.133,False,False,0.0,False,False,-1.0,-1.0,0.003105330365477592,-0.003105330365477592,5.480727800788255
2022-09-19 00:00:00-04:00,105.42889404296875,161.2650909423828,-0.6748585239042955,-3.4022271876996797,-0.395,False,False,0.0,False,True,0.0,0.0,-0.0056839538070235,0.0056839538070235,5.486411754595279
2022-09-20 00:00:00-04:00,104.1009521484375,158.3733367919922,-0.6716408825227195,-2.2690555426040078,0.1,False,False,0.0,False,False,0.0,0.0,0.005383980982269069,0.0,5.486411754595279
2022-09-21 00:00:00-04:00,103.19036102294922,156.2728729248047,-0.6689972564637935,-1.3557622234601467,0.48,False,True,0.0,False,False,0.0,0.0,0.004396403079391929,0.0,5.486411754595279
2022-09-22 00:00:00-04:00,101.88140106201172,153.5471649169922,-0.6668823063079062,-0.5164864048724525,0.813,False,False,0.0,False,False,0.0,0.0,0.004108472398899002,0.0,5.486411754595279
2022-09-23 00:00:00-04:00,98.02088165283203,150.880126953125,-0.6638197013881159,-2.136319166592415,0.035,False,False,0.0,False,False,0.0,0.0,-0.008173622135771384,-0.0,5.486411754595279
2022-09-26 00:00:00-04:00,96.54118347167969,149.678466796875,-0.6605589607223493,-2.330268998178738,-0.055,False,False,0.0,False,False,0.0,0.0,-0.000992514279600361,-0.0,5.486411754595279
2022-09-27 00:00:00-04:00,92.69965362548828,145.90744018554688,-0.6567811867268654,-3.1296080918543225,-0.435,False,False,0.0,False,True,0.0,0.0,-0.004239875311551144,-0.0,5.486411754595279
2022-09-28 00:00:00-04:00,94.63463592529297,145.45803833007812,-0.6545046377251349,-0.5683247561435962,0.744,False,True,0.0,False,False,0.0,0.0,0.013491970934591634,0.0,5.486411754595279
2022-09-29 00:00:00-04:00,91.92186737060547,143.513916015625,-0.6516785580693422,-1.6030744813417073,0.234,False,False,0.0,False,False,0.0,0.0,-0.005579765591740753,-0.0,5.486411754595279
2022-09-30 00:00:00-04:00,94.07500457763672,140.99339294433594,-0.6511880628854665,2.261790146565204,2.285,False,False,0.0,True,False,-1.0,-1.0,0.020791337119249367,0.0,5.486411754595279
2022-10-03 00:00:00-04:00,95.2796401977539,145.4775848388672,-0.6499031823435677,0.7332948513177655,1.33,False,False,0.0,False,False,-1.0,-1.0,-0.008052086709127694,0.008052086709127694,5.494463841304407
2022-10-04 00:00:00-04:00,96.94904327392578,148.94573974609375,-0.6483334069615302,0.382544371935424,1.078,False,False,0.0,False,False,-1.0,-1.0,-0.0018125183922616936,0.0018125183922616936,5.496276359696669
2022-10-05 00:00:00-04:00,93.9042739868164,147.0993194580078,-0.6458090430062604,-1.0937967392318058,0.219,False,False,0.0,False,False,-1.0,-1.0,-0.007815366788651025,0.007815366788651025,5.50409172648532
2022-10-06 00:00:00-04:00,89.54105377197266,142.08755493164062,-0.6427694938688071,-1.7884919964943151,-0.204,False,False,0.0,False,True,0.0,0.0,-0.0038408412369263316,0.0038408412369263316,5.507932567722246
2022-10-07 00:00:00-04:00,87.69141387939453,139.5767822265625,-0.6397891847202501,-1.6083018272137934,-0.118,False,False,0.0,False,False,0.0,0.0,0.001018074576403923,0.0,5.507932567722246
2022-10-10 00:00:00-04:00,85.0639877319336,140.2216033935547,-0.6352549965279339,-4.0124864449803255,-1.536,True,False,1.0,False,True,0.0,1.0,-0.013806008043236869,-0.0,5.507932567722246
2022-10-11 00:00:00-04:00,85.41495513916016,139.1176300048828,-0.6315824890154232,-2.4493038852504583,-0.676,False,False,1.0,False,False,0.0,1.0,0.00902117756751982,0.00902117756751982,5.516953745289766
2022-10-12 00:00:00-04:00,84.62767791748047,136.45057678222656,-0.6287815394431955,-1.1699258095598992,0.061,False,False,1.0,False,False,0.0,1.0,0.007506973515579289,0.007506973515579289,5.524460718805345
2022-10-13 00:00:00-04:00,87.35943603515625,139.4204864501953,-0.626771349716685,-0.025330435389463446,0.744,False,True,0.0,False,False,0.0,0.0,0.006550119304433503,0.006550119304433503,5.531010838109779
2022-10-14 00:00:00-04:00,86.1642837524414,135.89370727539062,-0.6255835170088602,1.1514204157300156,1.387,False,False,0.0,False,False,0.0,0.0,0.006874462339920886,0.0,5.531010838109779
2022-10-17 00:00:00-04:00,90.25244140625,139.49862670898438,-0.6256515727455167,2.9749062099341756,2.258,False,False,0.0,True,False,-1.0,-1.0,0.010271424742461241,0.0,5.531010838109779
2022-10-18 00:00:00-04:00,91.85546112060547,142.20477294921875,-0.6257509144296209,2.8706944113752115,1.991,False,False,0.0,False,False,-1.0,-1.0,-0.000576264472841871,0.000576264472841871,5.531587102582621
2022-10-19 00:00:00-04:00,90.30935668945312,140.19229125976562,-0.6256706579500457,2.5951535774311196,1.704,False,False,0.0,False,False,-1.0,-1.0,-0.001547777351780653,0.001547777351780653,5.533134879934401
2022-10-20 00:00:00-04:00,90.18605041503906,137.16372680664062,-0.6266599280964826,4.231039236944056,2.272,False,False,0.0,False,False,-1.0,-1.0,0.009287361190610102,-0.009287361190610102,5.523847518743791
2022-10-21 00:00:00-04:00,91.87442779541016,137.74012756347656,-0.6284581380904757,5.310523686523069,2.441,False,False,0.0,False,False,-1.0,-1.0,0.006049621950949298,-0.006049621950949298,5.517797896792842
2022-10-24 00:00:00-04:00,92.42456817626953,139.1176300048828,-0.6299770821258356,4.783649553531859,2.002,False,False,0.0,False,False,-1.0,-1.0,-0.0029260139872296464,0.0029260139872296464,5.520723910780071
2022-10-25 00:00:00-04:00,96.3230209350586,141.061767578125,-0.6329838152852081,7.033205102581761,2.541,False,False,0.0,False,False,-1.0,-1.0,0.01211961192030744,-0.01211961192030744,5.508604298859764
2022-10-26 00:00:00-04:00,95.10890197753906,141.00314331054688,-0.6351241845965114,5.5543955568829375,1.839,False,False,0.0,False,False,-1.0,-1.0,-0.008008135225740131,0.008008135225740131,5.516612434085504
2022-10-27 00:00:00-04:00,94.76744079589844,141.65768432617188,-0.6365519596040624,4.5949642451000585,1.428,False,False,0.0,False,False,-1.0,-1.0,-0.005187800046348487,0.005187800046348487,5.521800234131852
2022-10-28 00:00:00-04:00,96.17125701904297,145.46780395507812,-0.6371756223877065,3.4827184965931934,1.044,False,False,0.0,False,False,-1.0,-1.0,-0.005889266931153186,0.005889266931153186,5.527689501063006
2022-10-31 00:00:00-04:00,95.08993530273438,146.60105895996094,-0.6365810175570238,1.7664840150652026,0.454,False,False,0.0,False,False,-1.0,-1.0,-0.009108877625871429,0.009108877625871429,5.536798378688878
2022-11-01 00:00:00-04:00,91.8839111328125,146.15167236328125,-0.6341701656054594,-0.8011191333244057,-0.409,False,False,0.0,False,True,0.0,0.0,-0.013911350029578832,0.013911350029578832,5.550709728718457
2022-11-02 00:00:00-04:00,89.37979888916016,134.55528259277344,-0.6347978837774726,3.964390248187783,1.114,False,True,0.0,False,False,0.0,0.0,0.027263386959225835,0.0,5.550709728718457
2022-11-03 00:00:00-04:00,90.06272888183594,130.82333374023438,-0.6374834737076098,6.66501564710137,1.848,False,False,0.0,True,False,-1.0,-1.0,0.01556911400640088,0.0,5.550709728718457
2022-11-04 00:00:00-04:00,91.78904724121094,130.36416625976562,-0.6413761652094916,8.176578204789877,2.124,False,False,0.0,False,False,-1.0,-1.0,0.008617727997835261,-0.008617727997835261,5.542092000720621
2022-11-07 00:00:00-05:00,92.21589660644531,132.3766632080078,-0.644528739039499,6.895332790731587,1.61,False,False,0.0,False,False,-1.0,-1.0,-0.007216801613660946,0.007216801613660946,5.5493088023342825
2022-11-08 00:00:00-05:00,93.38258361816406,133.3438720703125,-0.6477152752893317,7.013720811996166,1.531,False,False,0.0,False,False,-1.0,-1.0,0.0006586206877306852,-0.0006586206877306852,5.548650181646551
2022-11-09 00:00:00-05:00,92.09257507324219,130.65725708007812,-0.6509352882774567,7.043155770279753,1.436,False,False,0.0,False,False,-1.0,-1.0,0.00016616589638860786,-0.00016616589638860786,5.548484015750163
2022-11-10 00:00:00-05:00,103.00065612792969,137.98439025878906,-0.6577554982057995,12.240664768636421,2.543,False,False,0.0,True,False,-1.0,-1.0,0.026824378767104418,-0.026824378767104418,5.521659636983059
2022-11-11 00:00:00-05:00,105.83676147460938,136.76319885253906,-0.6665610948482483,14.675733912512243,2.729,False,False,0.0,False,False,-1.0,-1.0,0.012360895803871669,-0.012360895803871669,5.509298741179188
2022-11-14 00:00:00-05:00,101.89087677001953,138.06256103515625,-0.6717419265521816,9.14846603553552,1.368,False,False,0.0,False,False,-1.0,-1.0,-0.02839836878801541,0.02839836878801541,5.537697109967203
2022-11-15 00:00:00-05:00,106.1118392944336,139.3130340576172,-0.6783088483273754,11.614575605818857,1.784,False,False,0.0,True,False,-1.0,-1.0,0.012293109004588517,-0.012293109004588517,5.525404000962615
2022-11-16 00:00:00-05:00,104.19580078125,139.6647186279297,-0.6830515549953654,8.797597544452444,1.091,False,False,0.0,False,False,-1.0,-1.0,-0.014113540510524046,0.014113540510524046,5.539517541473139
2022-11-17 00:00:00-05:00,103.66462707519531,139.28372192382812,-0.6870614508140547,7.968151015428603,0.86,False,False,0.0,False,False,-1.0,-1.0,-0.004160523371815052,0.004160523371815052,5.543678064844954
2022-11-18 00:00:00-05:00,104.77439880371094,141.26693725585938,-0.6904994977464458,7.229649580361368,0.656,False,False,0.0,False,False,-1.0,-1.0,-0.0036501806293117605,0.0036501806293117605,5.547328245474266
2022-11-21 00:00:00-05:00,104.89771270751953,143.70932006835938,-0.6926025733148536,5.364267818845889,0.212,False,False,0.0,False,False,-1.0,-1.0,-0.009124742937669574,0.009124742937669574,5.556452988411936
2022-11-22 00:00:00-05:00,103.86382293701172,144.9402618408203,-0.6932305782953933,3.386801402814129,-0.267,False,False,0.0,False,True,0.0,0.0,-0.009677293940665768,0.009677293940665768,5.566130282352601
2022-11-23 00:00:00-05:00,105.2771224975586,145.00865173339844,-0.6945342147592592,4.563652432603817,-0.041,False,False,0.0,False,False,0.0,0.0,0.005713129979139903,0.0,5.566130282352601
2022-11-25 00:00:00-05:00,105.54270935058594,145.09658813476562,-0.6958954823950564,4.570649156666391,-0.085,False,False,0.0,False,False,0.0,0.0,3.388001777309442e-05,0.0,5.566130282352601
2022-11-28 00:00:00-05:00,101.94779968261719,143.12310791015625,-0.6957627591173706,2.3680712295936956,-0.725,False,False,0.0,False,True,0.0,0.0,-0.010929414693114394,-0.0,5.566130282352601
2022-11-29 00:00:00-05:00,103.15242004394531,139.5279541015625,-0.6978198134442302,5.787049142537853,0.124,False,False,0.0,False,False,0.0,0.0,0.017050745955384746,0.0,5.566130282352601
2022-11-30 00:00:00-05:00,106.67146301269531,145.6729736328125,-0.6993878936599639,4.7895488204591175,-0.219,False,False,0.0,False,True,0.0,0.0,-0.004782949743837323,-0.0,5.566130282352601
2022-12-01 00:00:00-05:00,105.9505844116211,146.40567016601562,-0.700014161247183,3.464542008525953,-0.672,False,False,0.0,False,False,0.0,0.0,-0.006356880900356304,-0.0,5.566130282352601
2022-12-02 00:00:00-05:00,105.14433288574219,145.55575561523438,-0.7003815909601916,3.19976119453149,-0.789,False,False,0.0,False,False,0.0,0.0,-0.0012785852266463274,-0.0,5.566130282352601
2022-12-05 00:00:00-05:00,103.54132843017578,141.63816833496094,-0.7013968627605971,4.196761512876833,-0.488,False,False,0.0,False,False,0.0,0.0,0.004914093789702923,0.0,5.566130282352601
2022-12-06 00:00:00-05:00,102.48844909667969,140.0261993408203,-0.7024213276189709,4.13106025426201,-0.526,False,False,0.0,False,False,0.0,0.0,-0.00032712282857833144,-0.0,5.566130282352601
2022-12-07 00:00:00-05:00,103.19985961914062,139.1078643798828,-0.7041944743825126,5.240870179675198,-0.195,False,False,0.0,False,False,0.0,0.0,0.0055170822989241385,0.0,5.566130282352601
2022-12-08 00:00:00-05:00,101.79602813720703,141.4818572998047,-0.7039800199336927,2.19562741503465,-1.155,False,False,0.0,False,True,0.0,0.0,-0.01512063933748707,-0.0,5.566130282352601
2022-12-09 00:00:00-05:00,101.45455932617188,138.83432006835938,-0.7045715278058844,3.6358503237167525,-0.67,False,False,0.0,False,False,0.0,0.0,0.007227376359918939,0.0,5.566130282352601
2022-12-12 00:00:00-05:00,102.75404357910156,141.7847137451172,-0.704693311559319,2.8393041215648367,-0.897,False,False,0.0,False,False,0.0,0.0,-0.003930285612895386,-0.0,5.566130282352601
2022-12-13 00:00:00-05:00,105.37197875976562,141.8530731201172,-0.7063524097894143,5.173718725336869,-0.14,False,False,0.0,False,False,0.0,0.0,0.011355800418703214,0.0,5.566130282352601
2022-12-14 00:00:00-05:00,100.35608673095703,138.2938995361328,-0.7064413923088001,2.6595517948380376,-0.9,False,False,0.0,False,True,0.0,0.0,-0.012694439030073099,-0.0,5.566130282352601
2022-12-15 00:00:00-05:00,100.01082611083984,132.5107879638672,-0.7087209444116924,6.09765532035037,0.164,False,False,0.0,False,False,0.0,0.0,0.01772912883629187,0.0,5.566130282352601
2022-12-16 00:00:00-05:00,97.38301086425781,130.92999267578125,-0.7100545210359531,4.4155776256151,-0.374,False,False,0.0,False,True,0.0,0.0,-0.008836741635475064,-0.0,5.566130282352601
2022-12-19 00:00:00-05:00,95.3210220336914,130.7925567626953,-0.7099826642740662,2.4605741160959553,-1.004,False,False,0.0,False,False,0.0,0.0,-0.010388926763220747,-0.0,5.566130282352601
2022-12-20 00:00:00-05:00,94.6976318359375,130.9888916015625,-0.7093263142669817,1.7837641462839855,-1.298,False,False,0.0,False,False,0.0,0.0,-0.0036075079167503274,-0.0,5.566130282352601
2022-12-21 00:00:00-05:00,96.3376235961914,133.8559112548828,-0.7084276624428829,1.5103932817327888,-1.333,False,False,0.0,False,False,0.0,0.0,-0.0014300268012600768,-0.0,5.566130282352601
2022-12-22 00:00:00-05:00,95.77177429199219,131.96092224121094,-0.7080742325520852,2.3336455491813552,-1.01,False,False,0.0,False,False,0.0,0.0,0.004350999890830971,0.0,5.566130282352601
2022-12-23 00:00:00-05:00,96.74044036865234,132.03948974609375,-0.7083721498488641,3.207343152264869,-0.688,False,False,0.0,False,False,0.0,0.0,0.0045917977569162926,0.0,5.566130282352601
2022-12-27 00:00:00-05:00,96.2417221069336,133.0115203857422,-0.7079433516807692,2.0771005528963116,-0.993,False,False,0.0,False,False,0.0,0.0,-0.005935950334622345,-0.0,5.566130282352601
2022-12-28 00:00:00-05:00,95.33061981201172,130.94961547851562,-0.707840611871901,2.6391638673090654,-0.771,False,False,0.0,False,False,0.0,0.0,0.0029893474590718754,0.0,5.566130282352601
2022-12-29 00:00:00-05:00,97.15283203125,134.179931640625,-0.7074763163442426,2.223708266818349,-0.852,False,False,0.0,False,False,0.0,0.0,-0.0021629080085619192,-0.0,5.566130282352601
2022-12-30 00:00:00-05:00,96.16499328613281,131.6958465576172,-0.7076135533035812,2.9752273481741156,-0.578,False,False,0.0,False,False,0.0,0.0,0.003968841789006121,0.0,5.566130282352601
2023-01-03 00:00:00-05:00,98.62020111083984,132.1180419921875,-0.7091626337740322,4.9270224825919655,0.233,False,True,0.0,False,False,0.0,0.0,0.01014903454489676,0.0,5.566130282352601
2023-01-04 00:00:00-05:00,99.40662384033203,134.1897430419922,-0.7102597685864096,4.097048000656898,-0.062,False,False,0.0,False,False,0.0,0.0,-0.004262482953647575,-0.0,5.566130282352601
2023-01-05 00:00:00-05:00,94.06465148925781,130.60597229003906,-0.7094299090388878,1.4088684475999003,-1.398,False,False,0.0,False,True,0.0,0.0,-0.014396815002119704,-0.0,5.566130282352601
2023-01-06 00:00:00-05:00,97.22955322265625,134.6119384765625,-0.7087179481943322,1.8276563830851984,-1.171,False,False,0.0,False,False,0.0,0.0,0.002174037185257203,0.0,5.566130282352601
2023-01-09 00:00:00-05:00,96.99938201904297,136.1436309814453,-0.7072325444127275,0.7141754744479556,-1.839,True,False,1.0,False,False,0.0,1.0,-0.005760836479058623,-0.0,5.566130282352601
2023-01-10 00:00:00-05:00,98.13107299804688,136.5069122314453,-0.7063763554948659,1.7058178361410086,-1.172,False,False,1.0,False,False,0.0,1.0,0.005096942212425921,0.005096942212425921,5.571227224565027
2023-01-11 00:00:00-05:00,100.7301254272461,140.96453857421875,-0.7052974884228749,1.3081904141601512,-1.374,False,False,1.0,False,False,0.0,1.0,-0.001986626673270722,-0.001986626673270722,5.569240597891756
2023-01-12 00:00:00-05:00,102.88800811767578,142.3587646484375,-0.705050580136432,2.517878514789146,-0.49,False,False,1.0,False,False,0.0,1.0,0.005951486686806428,0.005951486686806428,5.575192084578562
2023-01-13 00:00:00-05:00,101.66041564941406,141.49472045898438,-0.704501489767392,1.9771742918388924,-0.824,False,False,1.0,False,False,0.0,1.0,-0.002685479299362702,-0.002685479299362702,5.5725066052792
2023-01-17 00:00:00-05:00,102.47561645507812,142.5060272216797,-0.7040442914643709,2.1450614903883007,-0.66,False,False,1.0,False,False,0.0,1.0,0.0008278209552209122,0.0008278209552209122,5.573334426234421
2023-01-18 00:00:00-05:00,101.12335205078125,141.38671875,-0.7032807093375579,1.6888001973714495,-0.964,False,False,1.0,False,False,0.0,1.0,-0.002274960418587207,-0.002274960418587207,5.571059465815834
2023-01-19 00:00:00-05:00,100.6629867553711,139.7568359375,-0.7029944463763556,2.4147072481771232,-0.399,False,False,1.0,False,False,0.0,1.0,0.0036494013860807082,0.0036494013860807082,5.574708867201915
2023-01-20 00:00:00-05:00,102.37010955810547,143.63516235351562,-0.702131347459519,1.5193594722647674,-1.021,False,False,1.0,False,False,0.0,1.0,-0.004405786775437586,-0.004405786775437586,5.570303080426477
2023-01-23 00:00:00-05:00,102.83047485351562,147.41526794433594,-0.6999326541800891,-0.3502849054324315,-2.197,True,False,1.0,False,False,0.0,1.0,-0.009075448633732355,-0.009075448633732355,5.561227631792745
2023-01-24 00:00:00-05:00,102.61947631835938,147.53309631347656,-0.6976604244824277,-0.3085262809075715,-1.966,False,False,1.0,False,False,0.0,1.0,0.00020315804769172033,0.00020315804769172033,5.561430789840436
2023-01-25 00:00:00-05:00,102.80169677734375,146.2861785888672,-0.6962521188239817,0.9496349801815853,-1.06,False,False,1.0,False,False,0.0,1.0,0.006147755457083935,0.006147755457083935,5.56757854529752
2023-01-26 00:00:00-05:00,104.83490753173828,148.2007598876953,-0.6954755398642645,1.7649040405491547,-0.475,False,False,1.0,False,False,0.0,1.0,0.003921355471385006,0.003921355471385006,5.571499900768905
2023-01-27 00:00:00-05:00,106.75302124023438,146.7476348876953,-0.6966226120477361,4.525300512940575,1.449,False,True,0.0,False,False,0.0,0.0,0.013208855736670397,0.013208855736670397,5.5847087565055755
2023-01-30 00:00:00-05:00,106.4844970703125,147.2483673095703,-0.697429182009988,3.7891887052926165,0.894,False,False,0.0,False,False,0.0,0.0,-0.003519038590345789,-0.0,5.5847087565055755
2023-01-31 00:00:00-05:00,109.92752075195312,147.6313018798828,-0.7000771299734504,6.574222637640716,2.493,False,False,0.0,True,False,-1.0,-1.0,0.013058060950593088,0.0,5.5847087565055755
2023-02-01 00:00:00-05:00,111.39488220214844,150.59649658203125,-0.7022423479115572,5.639644855128026,1.766,False,False,0.0,False,False,-1.0,-1.0,-0.004303832687050747,0.004303832687050747,5.589012589192627
2023-02-02 00:00:00-05:00,115.01053619384766,150.50811767578125,-0.7063957092298122,8.692247663420119,3.063,False,False,0.0,False,False,-1.0,-1.0,0.013792161107324967,-0.013792161107324967,5.575220428085301
2023-02-03 00:00:00-05:00,110.49336242675781,150.79286193847656,-0.7074493491828432,3.815050386964245,0.524,False,False,0.0,False,False,-1.0,-1.0,-0.022457796526346975,0.022457796526346975,5.5976782246116485
2023-02-06 00:00:00-05:00,109.71652221679688,146.32542419433594,-0.7096176623891988,5.881416751904297,1.599,False,False,0.0,True,False,-1.0,-1.0,0.009676191127047205,-0.009676191127047205,5.588002033484601
2023-02-07 00:00:00-05:00,108.83419799804688,147.90621948242188,-0.7104649722542626,3.752009877235139,0.511,False,False,0.0,False,False,-1.0,-1.0,-0.009954388783877421,0.009954388783877421,5.597956422268479
2023-02-08 00:00:00-05:00,107.99980926513672,144.09661865234375,-0.7122691679294295,5.364230596187525,1.274,False,False,0.0,False,False,-1.0,-1.0,0.007654082890653199,-0.007654082890653199,5.590302339377826
2023-02-09 00:00:00-05:00,106.74344635009766,143.0264129638672,-0.7136899264367533,4.666936203402585,0.87,False,False,0.0,False,False,-1.0,-1.0,-0.003339213380190747,0.003339213380190747,5.593641552758016
2023-02-10 00:00:00-05:00,106.89688110351562,143.39952087402344,-0.7148933764936221,4.38151343831737,0.684,False,False,0.0,False,False,-1.0,-1.0,-0.0013629707276600208,0.0013629707276600208,5.5950045234856765
2023-02-13 00:00:00-05:00,108.34506225585938,144.9901123046875,-0.7161648159332338,4.508245165033955,0.712,False,False,0.0,False,False,-1.0,-1.0,0.0005972787455120877,-0.0005972787455120877,5.5944072447401645
2023-02-14 00:00:00-05:00,108.21080780029297,141.92674255371094,-0.718576701287716,6.225557311536448,1.475,False,False,0.0,False,False,-1.0,-1.0,0.008170049241080177,-0.008170049241080177,5.586237195499084
2023-02-15 00:00:00-05:00,108.97804260253906,142.04454040527344,-0.721281711113871,6.523913444640058,1.507,False,False,0.0,True,False,-1.0,-1.0,0.0014111198433966832,-0.0014111198433966832,5.584826075655688
2023-02-16 00:00:00-05:00,108.25875091552734,140.98416137695312,-0.7238077317627735,6.213324854798088,1.28,False,False,0.0,False,False,-1.0,-1.0,-0.001476854118199638,0.001476854118199638,5.586302929773887
2023-02-17 00:00:00-05:00,106.22554016113281,141.249267578125,-0.7247566317611526,3.8541967524811582,0.18,False,False,0.0,False,False,-1.0,-1.0,-0.011309507898413555,0.011309507898413555,5.597612437672301
2023-02-21 00:00:00-05:00,103.97175598144531,140.1888427734375,-0.7246052131367116,2.3901896842096875,-0.483,False,False,0.0,False,True,0.0,0.0,-0.007122273928935232,0.007122273928935232,5.604734711601236
2023-02-22 00:00:00-05:00,102.27420806884766,140.26739501953125,-0.7233149890642429,0.8166987742255714,-1.132,False,False,0.0,False,False,0.0,0.0,-0.007723347794574926,-0.0,5.604734711601236
2023-02-23 00:00:00-05:00,104.30742645263672,140.34596252441406,-0.7232556002858591,2.801423079344943,-0.219,False,False,0.0,False,False,0.0,0.0,0.00964331776987536,0.0,5.604734711601236
2023-02-24 00:00:00-05:00,100.73971557617188,138.5393524169922,-0.7219089386563928,0.7269187106770687,-1.138,False,False,0.0,False,False,0.0,0.0,-0.010333640876702202,-0.0,5.604734711601236
2023-02-27 00:00:00-05:00,100.58626556396484,137.99932861328125,-0.720721790337985,1.1271423803608656,-0.942,False,False,0.0,False,False,0.0,0.0,0.00200066431018226,0.0,5.604734711601236
2023-02-28 00:00:00-05:00,99.96288299560547,138.2251434326172,-0.7191611090118937,0.556735551276418,-1.191,False,False,0.0,False,False,0.0,0.0,-0.002861060355391047,-0.0,5.604734711601236
2023-03-01 00:00:00-05:00,96.70207214355469,137.4495086669922,-0.7160349701730039,-1.7165826951090963,-2.026,True,False,1.0,False,False,0.0,1.0,-0.011650829112545712,-0.0,5.604734711601236
2023-03-02 00:00:00-05:00,98.87914276123047,139.71755981445312,-0.7133922818664434,-0.7942860516135397,-1.567,False,False,1.0,False,False,0.0,1.0,0.00464510046978401,0.00464510046978401,5.60937981207102
2023-03-03 00:00:00-05:00,101.66041564941406,141.49472045898438,-0.7119483947272818,0.9234765562546556,-0.844,False,False,1.0,False,False,0.0,1.0,0.008487080327966712,0.008487080327966712,5.617866892398987
2023-03-06 00:00:00-05:00,101.00824737548828,140.5128631591797,-0.7107506480802037,1.1386388214963432,-0.743,False,False,1.0,False,False,0.0,1.0,0.0010711099252135685,0.0010711099252135685,5.6189380023242
2023-03-07 00:00:00-05:00,98.73526763916016,139.10882568359375,-0.7088865255003504,0.1228955338834794,-1.105,False,False,1.0,False,False,0.0,1.0,-0.005146974592289226,-0.005146974592289226,5.613791027731911
2023-03-08 00:00:00-05:00,101.45901489257812,139.84519958496094,-0.7084920780998797,2.3797988263367245,-0.23,False,False,1.0,False,False,0.0,1.0,0.011254229588355646,0.011254229588355646,5.6250452573202665
2023-03-09 00:00:00-05:00,100.10673522949219,138.5982666015625,-0.7079535116677781,1.9856056778490938,-0.379,False,False,1.0,False,False,0.0,1.0,-0.001988585958502161,-0.001988585958502161,5.6230566713617645
2023-03-10 00:00:00-05:00,98.34207153320312,134.5039520263672,-0.7081526963743874,3.09273523271996,0.036,False,False,1.0,False,False,0.0,1.0,0.005718898205554646,0.005718898205554646,5.628775569567319
2023-03-13 00:00:00-04:00,101.5932846069336,134.66102600097656,-0.7103485774852383,5.937016344437211,1.093,False,True,0.0,False,False,0.0,0.0,0.014419708791938468,0.014419708791938468,5.643195278359257
2023-03-14 00:00:00-04:00,102.5538101196289,135.25820922851562,-0.7128558095927351,6.134209875971848,1.109,False,False,0.0,False,False,0.0,0.0,0.0009910546900442673,0.0,5.643195278359257
2023-03-15 00:00:00-04:00,102.12690734863281,134.38958740234375,-0.7153023636833978,5.997717825299745,0.994,False,False,0.0,False,False,0.0,0.0,-0.0006884633200473539,-0.0,5.643195278359257
2023-03-16 00:00:00-04:00,100.02149963378906,135.71226501464844,-0.7156286215195516,2.9019184980601267,-0.265,False,False,0.0,False,True,0.0,0.0,-0.0157034714183138,-0.0,5.643195278359257
2023-03-17 00:00:00-04:00,97.70264434814453,133.41238403320312,-0.715337429596104,2.267772477544696,-0.494,False,False,0.0,False,False,0.0,0.0,-0.0032833911967533394,-0.0,5.643195278359257
2023-03-20 00:00:00-04:00,98.63406372070312,134.4586639404297,-0.7151365246743234,2.4777620779914713,-0.392,False,False,0.0,False,False,0.0,0.0,0.001078028679986321,0.0,5.643195278359257
2023-03-21 00:00:00-04:00,94.9180679321289,135.15948486328125,-0.7122970581830995,-1.3556355215294928,-1.793,True,False,1.0,False,False,0.0,1.0,-0.02005001351122964,-0.0,5.643195278359257
2023-03-22 00:00:00-04:00,89.54296875,134.02435302734375,-0.706596288337402,-5.1581416459427345,-2.788,False,False,1.0,False,False,0.0,1.0,-0.020638416941481275,-0.020638416941481275,5.622556861417776
2023-03-23 00:00:00-04:00,90.72665405273438,136.0774688720703,-0.700975683956758,-4.660342760969556,-2.401,False,False,1.0,False,False,0.0,1.0,0.0026747037772657345,0.0026747037772657345,5.625231565195041
2023-03-24 00:00:00-04:00,91.5610580444336,138.78204345703125,-0.6951776082028768,-4.917110987533093,-2.216,False,False,1.0,False,False,0.0,1.0,-0.0013655035204926263,-0.0013655035204926263,5.623866061674549
2023-03-27 00:00:00-04:00,91.20207214355469,139.10777282714844,-0.6895110264821118,-4.714271090132854,-1.968,False,False,1.0,False,False,0.0,1.0,0.0010840188924820726,0.0010840188924820726,5.6249500805670305
2023-03-28 00:00:00-04:00,88.69886779785156,138.81166076660156,-0.6829069147566107,-6.096575188509576,-2.132,False,False,1.0,False,False,0.0,1.0,-0.007533225921114774,-0.007533225921114774,5.617416854645915
2023-03-29 00:00:00-04:00,89.64969635009766,141.1312713623047,-0.6764193214056156,-5.814222453904264,-1.883,False,False,1.0,False,False,0.0,1.0,0.0015252942597996585,0.0015252942597996585,5.618942148905715
2023-03-30 00:00:00-04:00,90.6878433227539,143.2337188720703,-0.670294776303797,-5.320970227761407,-1.624,False,False,1.0,False,False,0.0,1.0,0.0026419981718134346,0.0026419981718134346,5.621584147077528
2023-03-31 00:00:00-04:00,95.38377380371094,144.67486572265625,-0.6671065251105259,-1.1297731393622144,-0.514,False,False,1.0,False,False,0.0,1.0,0.021840831711921808,0.021840831711921808,5.64342497878945
2023-04-03 00:00:00-04:00,90.54231262207031,143.3225555419922,-0.661985920314412,-4.335201210208808,-1.259,False,False,1.0,False,False,0.0,1.0,-0.017287407350884205,-0.017287407350884205,5.626137571438566
2023-04-04 00:00:00-04:00,90.01837921142578,141.67416381835938,-0.657535106018134,-3.1373571149096335,-0.902,False,False,1.0,False,False,0.0,1.0,0.006539374254831546,0.006539374254831546,5.632676945693397
2023-04-05 00:00:00-04:00,87.5248794555664,139.0584259033203,-0.6530478779260801,-3.2869304883379726,-0.892,False,False,1.0,False,False,0.0,1.0,-0.0008387134129943254,-0.0008387134129943254,5.631838232280403
2023-04-06 00:00:00-04:00,88.22344207763672,139.37428283691406,-0.6492529258593013,-2.2657188437715376,-0.573,False,False,1.0,False,False,0.0,1.0,0.005714267642175702,0.005714267642175702,5.637552499922578
2023-04-10 00:00:00-04:00,89.87284088134766,140.15408325195312,-0.6465547220669716,-0.7444434621700964,-0.114,False,False,1.0,False,False,0.0,1.0,0.008428579567475758,0.008428579567475758,5.6459810794900545
2023-04-11 00:00:00-04:00,91.04682922363281,142.1874237060547,-0.6440927922762414,-0.5350655377649929,-0.03,False,False,1.0,False,False,0.0,1.0,0.0011464676521655236,0.0011464676521655236,5.64712754714222
2023-04-12 00:00:00-04:00,90.03778839111328,143.64830017089844,-0.6406605840287701,-1.9920154911145858,-0.425,False,False,1.0,False,True,0.0,1.0,-0.008002247600233266,-0.008002247600233266,5.639125299541987
2023-04-13 00:00:00-04:00,89.19368743896484,144.66497802734375,-0.6365415314072062,-2.8915792155503794,-0.64,False,False,1.0,False,False,0.0,1.0,-0.004962317489827947,-0.004962317489827947,5.634162982052159
2023-04-14 00:00:00-04:00,87.10767364501953,143.3028106689453,-0.6319924089343211,-3.458614876706136,-0.763,False,False,1.0,False,False,0.0,1.0,-0.0031914392758551724,-0.0031914392758551724,5.630971542776304
2023-04-17 00:00:00-04:00,93.33657836914062,144.1615753173828,-0.6313321989354129,2.3227340220241786,0.881,False,True,0.0,False,False,0.0,0.0,0.0313606489941641,0.0313606489941641,5.662332191770468
2023-04-18 00:00:00-04:00,94.66580200195312,143.94442749023438,-0.6319315851995418,3.7027717574088115,1.221,False,False,0.0,False,False,0.0,0.0,0.007434393238826574,0.0,5.662332191770468
2023-04-19 00:00:00-04:00,93.63735961914062,142.4045867919922,-0.6325387916051908,3.5609343706973817,1.118,False,False,0.0,False,False,0.0,0.0,-0.0007720563092947135,-0.0,5.662332191770468
2023-04-20 00:00:00-04:00,91.44462585449219,140.76605224609375,-0.6323811314703705,2.4268304624901447,0.774,False,False,0.0,False,False,0.0,0.0,-0.006284432517161901,-0.0,5.662332191770468
2023-04-21 00:00:00-04:00,93.76348114013672,141.83209228515625,-0.6331922857466223,3.9564944338727486,1.143,False,False,0.0,False,False,0.0,0.0,0.008332843454223382,0.0,5.662332191770468
2023-04-24 00:00:00-04:00,94.58818054199219,142.8191680908203,-0.6341284413318896,4.022484088243161,1.118,False,False,0.0,False,False,0.0,0.0,0.0003564043888312963,0.0,5.662332191770468
2023-04-25 00:00:00-04:00,94.73371887207031,139.3644256591797,-0.6364317904547474,6.037767924101047,1.54,False,False,0.0,True,False,-1.0,-1.0,0.010986684094427332,0.0,5.662332191770468
2023-04-26 00:00:00-04:00,94.76282501220703,138.1305694580078,-0.6391475442840936,6.477010752557916,1.566,False,False,0.0,False,False,-1.0,-1.0,0.0023995962505054436,-0.0023995962505054436,5.659932595519963
2023-04-27 00:00:00-04:00,98.72138977050781,141.65440368652344,-0.6427171251924194,7.677678662259012,1.736,False,False,0.0,False,False,-1.0,-1.0,0.006327127085755448,-0.006327127085755448,5.653605468434207
2023-04-28 00:00:00-04:00,96.19877624511719,143.5298614501953,-0.6437371481606707,3.8032725592722585,0.827,False,False,0.0,False,False,-1.0,-1.0,-0.02054360346668542,0.02054360346668542,5.674149071900892
2023-05-01 00:00:00-04:00,94.04486083984375,142.31573486328125,-0.6436268509219106,2.4466325731524705,0.549,False,False,0.0,False,False,-1.0,-1.0,-0.007307786099924532,0.007307786099924532,5.681456858000817
2023-05-02 00:00:00-04:00,91.92974090576172,151.27835083007812,-0.6386052858734117,-4.677413572538583,-1.08,False,False,0.0,False,True,0.0,0.0,-0.037785952352609314,0.037785952352609314,5.7192428103534265
2023-05-03 00:00:00-04:00,91.96855926513672,153.0748291015625,-0.6330340800699619,-4.9330243570375245,-1.082,False,False,0.0,False,False,0.0,0.0,-0.0013533678780105068,-0.0,5.7192428103534265
2023-05-04 00:00:00-04:00,93.02610778808594,151.0809326171875,-0.6293758612218681,-2.0605842920594597,-0.347,False,False,0.0,False,False,0.0,0.0,0.015269774661746265,0.0,5.7192428103534265
2023-05-05 00:00:00-04:00,93.55003356933594,150.8933868408203,-0.6265953493246148,-0.9990608689621041,-0.061,False,False,0.0,False,False,0.0,0.0,0.005643425540251701,0.0,5.7192428103534265
2023-05-08 00:00:00-04:00,94.47176361083984,150.58740234375,-0.6248124296893242,0.3828828718375803,0.301,False,True,0.0,False,False,0.0,0.0,0.00732890866789638,0.0,5.7192428103534265
2023-05-09 00:00:00-04:00,93.73438262939453,150.57754516601562,-0.6228293701515788,-0.04973498532588394,0.182,False,False,0.0,False,False,0.0,0.0,-0.0023070676045311507,-0.0,5.7192428103534265
2023-05-10 00:00:00-04:00,95.92711639404297,152.84780883789062,-0.621484363075171,0.9345932709910301,0.391,False,True,0.0,False,False,0.0,0.0,0.005155720274805869,0.0,5.7192428103534265
2023-05-11 00:00:00-04:00,94.85985565185547,152.69972229003906,-0.6197309515482825,0.22711145589107673,0.176,False,False,0.0,False,False,0.0,0.0,-0.0037335590712678324,-0.0,5.7192428103534265
2023-05-12 00:00:00-04:00,94.20980072021484,152.5714111328125,-0.617774301180856,-0.04489617253547351,0.07,False,False,0.0,False,False,0.0,0.0,-0.0014432831216049566,-0.0,5.7192428103534265
2023-05-15 00:00:00-04:00,95.45169830322266,152.44308471679688,-0.6167693711553757,1.4294728054581896,0.421,False,True,0.0,False,False,0.0,0.0,0.007781381988701825,0.0,5.7192428103534265
2023-05-16 00:00:00-04:00,90.81397247314453,150.5479278564453,-0.613870251163528,-1.6029218122402398,-0.452,False,False,0.0,False,True,0.0,0.0,-0.016549583983001447,-0.0,5.7192428103534265
2023-05-17 00:00:00-04:00,92.77384948730469,150.76507568359375,-0.6121805837435159,0.47839744718690724,0.085,False,False,0.0,False,False,0.0,0.0,0.011246161531110278,0.0,5.7192428103534265
2023-05-18 00:00:00-04:00,91.3961181640625,152.1963348388672,-0.6093989084784023,-1.352162161156599,-0.506,False,False,0.0,False,True,0.0,0.0,-0.009940892165938226,-0.0,5.7192428103534265
2023-05-19 00:00:00-04:00,88.04879760742188,151.28822326660156,-0.6051489293226219,-3.5031087214838266,-1.122,False,False,0.0,False,False,0.0,0.0,-0.01197627021044297,-0.0,5.7192428103534265
2023-05-22 00:00:00-04:00,88.78618621826172,151.73240661621094,-0.6014574668119408,-2.4744026984038783,-0.845,False,False,0.0,False,False,0.0,0.0,0.005713548728151529,0.0,5.7192428103534265
2023-05-23 00:00:00-04:00,87.73833465576172,149.15614318847656,-0.5984302759562938,-1.5212172730947913,-0.576,False,False,0.0,False,False,0.0,0.0,0.005385292693048022,0.0,5.7192428103534265
2023-05-24 00:00:00-04:00,83.91560363769531,148.0901336669922,-0.5938385073554087,-4.026020293174284,-1.333,False,False,0.0,False,False,0.0,0.0,-0.014574906482069052,-0.0,5.7192428103534265
2023-05-25 00:00:00-04:00,89.47504425048828,146.25418090820312,-0.5934517634584566,2.680242677343003,0.683,False,True,0.0,False,False,0.0,0.0,0.03804543504977718,0.0,5.7192428103534265
2023-05-26 00:00:00-04:00,95.94651794433594,147.6558074951172,-0.59671683428594,7.837811931915439,2.048,False,False,0.0,True,False,-1.0,-1.0,0.028021857482209804,0.0,5.7192428103534265
2023-05-30 00:00:00-04:00,97.6056137084961,145.8790740966797,-0.6015626151285491,9.850216402366073,2.32,False,False,0.0,False,False,-1.0,-1.0,0.010856676166337063,-0.010856676166337063,5.70838613418709
2023-05-31 00:00:00-04:00,99.41024780273438,144.82290649414062,-0.6075544723732508,11.42244326012613,2.404,False,False,0.0,False,False,-1.0,-1.0,0.00838977160158907,-0.00838977160158907,5.699996362585501
2023-06-01 00:00:00-04:00,101.66120147705078,147.07342529296875,-0.613642063237226,11.410761332907413,2.162,False,False,0.0,False,False,-1.0,-1.0,-6.087138393498623e-05,6.087138393498623e-05,5.700057233969436
2023-06-02 00:00:00-04:00,102.16571807861328,151.2684783935547,-0.6179742884192,8.685687783101201,1.45,False,False,0.0,False,False,-1.0,-1.0,-0.013928611137488991,0.013928611137488991,5.713985845106925
2023-06-05 00:00:00-04:00,101.70000457763672,151.55471801757812,-0.6214089357817248,7.5225485416340945,1.133,False,False,0.0,False,False,-1.0,-1.0,-0.0059380963885444366,0.0059380963885444366,5.71992394149547
2023-06-06 00:00:00-04:00,102.20452880859375,152.30491638183594,-0.6244898357856059,7.0916565879605855,1.002,False,False,0.0,False,False,-1.0,-1.0,-0.002183750401261796,0.002183750401261796,5.722107691896731
2023-06-07 00:00:00-04:00,100.53573608398438,151.94955444335938,-0.6264128901791477,5.352576523685869,0.613,False,False,0.0,False,False,-1.0,-1.0,-0.008885601252499794,0.008885601252499794,5.730993293149231
2023-06-08 00:00:00-04:00,101.39924621582031,151.99891662597656,-0.6285704320094666,5.857221527259327,0.694,False,False,0.0,False,False,-1.0,-1.0,0.002562413664012926,-0.002562413664012926,5.728430879485218
2023-06-09 00:00:00-04:00,101.14698028564453,151.85084533691406,-0.6304552668112786,5.411815073242167,0.588,False,False,0.0,False,False,-1.0,-1.0,-0.002262299879404649,0.002262299879404649,5.730693179364623
2023-06-12 00:00:00-04:00,102.2142333984375,152.30491638183594,-0.6326086917626345,5.864819497106836,0.668,False,False,0.0,False,False,-1.0,-1.0,0.0022814066422781635,-0.0022814066422781635,5.728411772722345
2023-06-13 00:00:00-04:00,101.8552474975586,155.7300567626953,-0.6331063136026301,3.261565343400221,0.138,False,False,0.0,False,False,-1.0,-1.0,-0.01298711925391574,0.01298711925391574,5.741398891976261
2023-06-14 00:00:00-04:00,103.55348205566406,156.11180114746094,-0.6342931036434462,4.532843190472562,0.423,False,True,0.0,False,False,-1.0,-1.0,0.006275618234419099,-0.006275618234419099,5.735123273741842
2023-06-15 00:00:00-04:00,103.455322265625,158.36280822753906,-0.6345283802889775,2.9696260629906703,0.12,False,False,0.0,False,False,-1.0,-1.0,-0.007665045213673801,0.007665045213673801,5.742788318955516
2023-06-16 00:00:00-04:00,103.24917602539062,159.45359802246094,-0.6341577338255496,2.130443653136652,-0.052,False,False,0.0,False,False,-1.0,-1.0,-0.004106233784128165,0.004106233784128165,5.7468945527396444
2023-06-20 00:00:00-04:00,102.97431945800781,157.45050048828125,-0.6343557834646736,3.0946838638591885,0.154,False,False,0.0,False,False,-1.0,-1.0,0.004753371510427872,-0.004753371510427872,5.742141181229217
2023-06-21 00:00:00-04:00,102.42459869384766,158.34295654296875,-0.6339315193049071,2.046007681332597,-0.122,False,False,0.0,False,False,-1.0,-1.0,-0.005170905763587655,0.005170905763587655,5.747312086992804
2023-06-22 00:00:00-04:00,103.53385162353516,157.22242736816406,-0.6345495013101684,3.7684387422924743,0.221,False,True,0.0,False,False,-1.0,-1.0,0.008472391993918884,-0.008472391993918884,5.738839694998886
2023-06-23 00:00:00-04:00,102.23809051513672,156.68695068359375,-0.6346317460572497,2.7995774184214355,-0.045,False,False,0.0,False,False,-1.0,-1.0,-0.00480403431295241,0.00480403431295241,5.743643729311838
2023-06-26 00:00:00-04:00,105.23208618164062,158.571044921875,-0.6356990029830556,4.428631022823367,0.316,False,True,0.0,False,False,-1.0,-1.0,0.007906663063097672,-0.007906663063097672,5.73573706624874
2023-06-27 00:00:00-04:00,107.01868438720703,160.1576385498047,-0.6371741105105478,4.970383502765401,0.419,False,False,0.0,False,False,-1.0,-1.0,0.002591286611982824,-0.002591286611982824,5.733145779636757
2023-06-28 00:00:00-04:00,107.57821655273438,160.37579345703125,-0.6387759253180079,5.1340206886095245,0.425,False,False,0.0,False,False,-1.0,-1.0,0.0007791415399958902,-0.0007791415399958902,5.732366638096761
2023-06-29 00:00:00-04:00,109.82617950439453,161.9326629638672,-0.6409448588357766,6.036271700117297,0.612,False,False,0.0,False,False,-1.0,-1.0,0.0042237034807403534,-0.0042237034807403534,5.728142934616021
2023-06-30 00:00:00-04:00,111.77964782714844,164.24314880371094,-0.6432092749881712,6.136931163339213,0.597,False,False,0.0,False,False,-1.0,-1.0,0.00046296738358809694,-0.00046296738358809694,5.727679967232433
2023-07-03 00:00:00-04:00,113.11468505859375,162.51771545410156,-0.6466375832438697,8.024622303038626,1.01,False,False,0.0,False,False,-1.0,-1.0,0.00865100855324749,-0.00865100855324749,5.719028958679186
2023-07-05 00:00:00-04:00,113.18340301513672,162.5673065185547,-0.6498376700132565,7.541043326788255,0.84,False,False,0.0,False,False,-1.0,-1.0,-0.0022098813698898582,0.0022098813698898582,5.721238840049075
2023-07-06 00:00:00-04:00,112.38826751708984,162.14089965820312,-0.6524349227473394,6.601882174405986,0.561,False,False,0.0,False,False,-1.0,-1.0,-0.004304629983694262,0.004304629983694262,5.725543470032769
2023-07-07 00:00:00-04:00,111.7109375,161.9326629638672,-0.6544518030108094,5.733814256955398,0.303,False,False,0.0,False,False,-1.0,-1.0,-0.00398766893548306,0.00398766893548306,5.729531138968253
2023-07-10 00:00:00-04:00,111.91708374023438,163.7869873046875,-0.6556843862418759,4.524513494954434,-0.059,False,False,0.0,False,False,-1.0,-1.0,-0.005514124617974365,0.005514124617974365,5.735045263586227
2023-07-11 00:00:00-04:00,114.2828369140625,164.95713806152344,-0.6576402033677095,5.800391092326905,0.231,False,True,0.0,False,False,-1.0,-1.0,0.0057274525981037844,-0.0057274525981037844,5.729317810988123
2023-07-12 00:00:00-04:00,115.58842468261719,165.07611083984375,-0.6601357348822696,6.615784941849938,0.424,False,False,0.0,False,False,-1.0,-1.0,0.003631056219014445,-0.003631056219014445,5.725686754769108
2023-07-13 00:00:00-04:00,116.11851501464844,166.5338134765625,-0.662190081339784,5.841475522779106,0.118,False,False,0.0,False,False,-1.0,-1.0,-0.00342016176403561,0.00342016176403561,5.729106916533143
2023-07-14 00:00:00-04:00,116.10869598388672,166.58340454101562,-0.6639993367399379,5.497425856771571,-0.119,False,False,0.0,False,False,-1.0,-1.0,-0.0015175093394248702,0.0015175093394248702,5.730624425872568
2023-07-17 00:00:00-04:00,116.03997802734375,165.3339385986328,-0.6660419000426359,5.920647421577854,0.02,False,False,0.0,False,False,-1.0,-1.0,0.0018713426715186018,-0.0018713426715186018,5.72875308320105
2023-07-18 00:00:00-04:00,115.15650177001953,165.9289093017578,-0.667207701782003,4.447455535599289,-0.58,False,False,0.0,False,True,0.0,0.0,-0.006522428493386725,0.006522428493386725,5.735275511694437
2023-07-19 00:00:00-04:00,118.94564056396484,168.2493133544922,-0.6694360638623048,6.3134824843980795,0.296,False,True,0.0,False,False,0.0,0.0,0.008057883612889729,0.0,5.735275511694437
2023-07-20 00:00:00-04:00,116.57987976074219,167.77334594726562,-0.6704017373782661,4.104337151930423,-0.697,False,False,0.0,False,True,0.0,0.0,-0.009644588674715853,-0.0,5.735275511694437
2023-07-21 00:00:00-04:00,117.94436645507812,168.40798950195312,-0.671712221953626,4.822661631978264,-0.269,False,False,0.0,False,False,0.0,0.0,0.0031087406129091852,0.0,5.735275511694437
2023-07-24 00:00:00-04:00,120.85985565185547,168.43772888183594,-0.6744897080418297,7.250341075117078,1.306,False,True,0.0,False,False,0.0,0.0,0.010353929985703333,0.0,5.735275511694437
2023-07-25 00:00:00-04:00,118.40574645996094,169.63760375976562,-0.6753281171970048,3.844702907066875,-0.834,False,False,0.0,False,True,0.0,0.0,-0.014618556438290116,-0.0,5.735275511694437
2023-07-26 00:00:00-04:00,116.46208190917969,170.53997802734375,-0.6745979858606829,1.4161562232084748,-2.201,True,False,1.0,False,False,0.0,1.0,-0.010490119581977118,-0.0,5.735275511694437
2023-07-27 00:00:00-04:00,113.0361557006836,168.3881378173828,-0.6727829321949892,-0.2525094069491587,-2.747,False,False,1.0,False,False,0.0,1.0,-0.007372879493278794,-0.007372879493278794,5.727902632201158
2023-07-28 00:00:00-04:00,120.52609252929688,166.41482543945312,-0.6758120844192292,8.060942470797883,1.686,False,True,0.0,True,False,-1.0,-1.0,0.03568139207899354,0.03568139207899354,5.763584024280152
2023-07-31 00:00:00-04:00,122.33231353759766,166.51397705078125,-0.6797833609189422,9.138882578037965,2.048,False,False,0.0,False,False,-1.0,-1.0,0.004576740048275664,-0.004576740048275664,5.759007284231877
2023-08-01 00:00:00-04:00,121.12489318847656,166.81146240234375,-0.6826943117637004,7.243656669412104,1.084,False,False,0.0,False,False,-1.0,-1.0,-0.008064580745125328,0.008064580745125328,5.767071864977002
2023-08-02 00:00:00-04:00,121.0954360961914,165.29428100585938,-0.6858241479537901,7.732626663713546,1.239,False,False,0.0,False,False,-1.0,-1.0,0.0020855312347786525,-0.0020855312347786525,5.764986333742223
2023-08-03 00:00:00-04:00,118.63151550292969,164.51087951660156,-0.6876546793964646,5.504839391710618,0.167,False,False,0.0,False,False,-1.0,-1.0,-0.009612550289967495,0.009612550289967495,5.77459888403219
2023-08-04 00:00:00-04:00,117.75785827636719,164.3323974609375,-0.688845526683876,4.5582213961636455,-0.31,False,False,0.0,False,True,0.0,0.0,-0.004098667570434297,0.004098667570434297,5.778697551602624
2023-08-07 00:00:00-04:00,118.67078399658203,164.7587890625,-0.6902278386240427,4.949681127658096,-0.167,False,False,0.0,False,False,0.0,0.0,0.001684481058157606,0.0,5.778697551602624
2023-08-08 00:00:00-04:00,116.9234619140625,175.37911987304688,-0.6866285159976493,-3.496842901341523,-3.463,True,False,1.0,False,True,0.0,1.0,-0.03558772216936832,-0.0,5.778697551602624
2023-08-09 00:00:00-04:00,117.11978149414062,177.084716796875,-0.6825804875137272,-3.754790828300642,-3.028,False,False,1.0,False,False,0.0,1.0,-0.001083840531603178,-0.001083840531603178,5.777613711071021
2023-08-10 00:00:00-04:00,118.54317474365234,177.85818481445312,-0.6793842151004861,-2.2908685457120868,-2.257,False,False,1.0,False,False,0.0,1.0,0.00611554555866983,0.00611554555866983,5.783729256629691
2023-08-11 00:00:00-04:00,118.12106323242188,180.3769073486328,-0.675430026364185,-3.7109160535553514,-2.413,False,False,1.0,False,False,0.0,1.0,-0.005918022513652346,-0.005918022513652346,5.777811234116038
2023-08-14 00:00:00-04:00,119.24995422363281,181.28921508789062,-0.6721004743279231,-2.5946132274753495,-1.908,False,False,1.0,False,False,0.0,1.0,0.004630145962362424,0.004630145962362424,5.782441380078401
2023-08-15 00:00:00-04:00,119.3971939086914,179.33572387695312,-0.669897808308913,-0.7394144679718835,-1.315,False,False,1.0,False,False,0.0,1.0,0.007745039496736176,0.007745039496736176,5.790186419575138
2023-08-16 00:00:00-04:00,118.92601776123047,179.83154296875,-0.667553584651842,-1.1211733810303457,-1.331,False,False,1.0,False,False,0.0,1.0,-0.0015974967018693486,-0.0015974967018693486,5.788588922873268
2023-08-17 00:00:00-04:00,119.61315155029297,177.084716796875,-0.6667331283092983,1.544904344546353,-0.602,False,False,1.0,False,False,0.0,1.0,0.011217023038109971,0.011217023038109971,5.799805945911379
2023-08-18 00:00:00-04:00,119.11251831054688,177.50119018554688,-0.665669007241707,0.9554772555124629,-0.714,False,False,1.0,False,False,0.0,1.0,-0.0024842086385203337,-0.0024842086385203337,5.797321737272858
2023-08-21 00:00:00-04:00,118.739501953125,176.44015502929688,-0.6648633022527926,1.4309178303520156,-0.548,False,False,1.0,False,False,0.0,1.0,0.0020141683109715256,0.0020141683109715256,5.799335905583829
2023-08-22 00:00:00-04:00,121.4488296508789,176.31124877929688,-0.6655864339479792,4.098454310951695,0.184,False,False,1.0,False,False,0.0,1.0,0.011170625466288218,0.011170625466288218,5.810506531050118
2023-08-23 00:00:00-04:00,123.46118927001953,180.97189331054688,-0.6657627956649935,2.976835642802911,-0.089,False,False,1.0,False,False,0.0,1.0,-0.004597823984926317,-0.004597823984926317,5.805908707065192
2023-08-24 00:00:00-04:00,125.12017822265625,180.98179626464844,-0.6667396634613055,4.452436288541989,0.323,False,True,0.0,False,False,0.0,0.0,0.006003552350326649,0.006003552350326649,5.811912259415519
2023-08-25 00:00:00-04:00,123.63789367675781,182.1519317626953,-0.6665099627896547,2.231816415540038,-0.264,False,False,0.0,False,True,0.0,0.0,-0.009062128174392113,-0.0,5.811912259415519
2023-08-28 00:00:00-04:00,124.81586456298828,184.49217224121094,-0.6660457359268288,1.935639929851689,-0.316,False,False,0.0,False,False,0.0,0.0,-0.0011957253206926397,-0.0,5.811912259415519
2023-08-29 00:00:00-04:00,127.97675323486328,184.6805877685547,-0.6671515939836781,4.766804727229456,0.481,False,True,0.0,False,False,0.0,0.0,0.011271157182039526,0.0,5.811912259415519
2023-08-30 00:00:00-04:00,129.2430877685547,185.265625,-0.6686722391863595,5.3611074555443,0.652,False,False,0.0,False,False,0.0,0.0,0.002347861998888788,0.0,5.811912259415519
2023-08-31 00:00:00-04:00,129.30197143554688,184.6508331298828,-0.6703034905443983,5.529873456655196,0.699,False,False,0.0,False,False,0.0,0.0,0.0006668640588164006,0.0,5.811912259415519
2023-09-01 00:00:00-04:00,129.684814453125,186.16802978515625,-0.6714658168937138,4.67934625394183,0.475,False,False,0.0,False,False,0.0,0.0,-0.0033394568251921396,-0.0,5.811912259415519
2023-09-05 00:00:00-04:00,128.30068969726562,186.11843872070312,-0.6718180476616726,3.2629635620841952,0.089,False,False,0.0,False,False,0.0,0.0,-0.005590872143111536,-0.0,5.811912259415519
2023-09-06 00:00:00-04:00,127.59390258789062,183.738525390625,-0.6725411748174445,4.022178862454837,0.325,False,True,0.0,False,False,0.0,0.0,0.0030227675319851634,0.0,5.811912259415519
2023-09-07 00:00:00-04:00,129.38050842285156,185.56312561035156,-0.6734931080025905,4.405022224860787,0.431,False,False,0.0,False,False,0.0,0.0,0.0015051477869693548,0.0,5.811912259415519
2023-09-08 00:00:00-04:00,127.59390258789062,186.15809631347656,-0.6732812269189536,2.2571511010563796,-0.159,False,False,0.0,False,False,0.0,0.0,-0.008491936778726108,-0.0,5.811912259415519
2023-09-11 00:00:00-04:00,128.7031707763672,187.41746520996094,-0.6731616069923496,2.5409287171971044,-0.039,False,False,0.0,False,False,0.0,0.0,0.0011134410628084886,0.0,5.811912259415519
2023-09-12 00:00:00-04:00,128.52647399902344,187.21913146972656,-0.6730365599248435,2.521153802521667,-0.034,False,False,0.0,False,False,0.0,0.0,-7.769133415311943e-05,-0.0,5.811912259415519
2023-09-13 00:00:00-04:00,125.85641479492188,186.56466674804688,-0.6718250393870275,0.517600208687611,-0.611,False,False,0.0,False,True,0.0,0.0,-0.007976081388050262,-0.0,5.811912259415519
2023-09-14 00:00:00-04:00,127.33309936523438,187.25181579589844,-0.6711734095658991,1.6546597100955438,-0.298,False,False,0.0,False,False,0.0,0.0,0.004494101359212607,0.0,5.811912259415519
2023-09-15 00:00:00-04:00,127.60069274902344,184.37376403808594,-0.6716893531494869,3.758798444545377,0.374,False,True,0.0,False,False,0.0,0.0,0.008368267122554377,0.0,5.811912259415519
2023-09-18 00:00:00-04:00,126.90694427490234,184.19451904296875,-0.6719331597076764,3.1405390935245805,0.255,False,False,0.0,False,False,0.0,0.0,-0.002466394422709172,-0.0,5.811912259415519
2023-09-19 00:00:00-04:00,125.85640716552734,184.99119567871094,-0.6713636685229556,1.6600393902200352,-0.184,False,False,0.0,False,False,0.0,0.0,-0.005920748944517207,-0.0,5.811912259415519
2023-09-20 00:00:00-04:00,126.92677307128906,183.72647094726562,-0.6717483604885545,3.5088174341153433,0.518,False,True,0.0,False,False,0.0,0.0,0.0073849289874534955,0.0,5.811912259415519
2023-09-21 00:00:00-04:00,122.83363342285156,182.7405548095703,-0.6704609043219686,0.3132357889287789,-0.592,False,False,0.0,False,True,0.0,0.0,-0.013024369852097985,-0.0,5.811912259415519
2023-09-22 00:00:00-04:00,122.13987731933594,183.48745727539062,-0.6686221836457156,-0.5439070357356854,-0.855,False,False,0.0,False,False,0.0,0.0,-0.003501062024815165,-0.0,5.811912259415519
2023-09-25 00:00:00-04:00,122.49666595458984,184.323974609375,-0.6668236910075565,-0.4149271356167077,-0.759,False,False,0.0,False,False,0.0,0.0,0.0005255727766498436,0.0,5.811912259415519
2023-09-26 00:00:00-04:00,118.7405014038086,181.3164825439453,-0.6643287675871121,-1.71325398784073,-1.307,False,False,0.0,False,False,0.0,0.0,-0.005427918168345739,-0.0,5.811912259415519
2023-09-27 00:00:00-04:00,115.79701232910156,180.47000122070312,-0.6608486036519863,-3.4663359786723618,-2.003,True,False,1.0,False,False,0.0,1.0,-0.007458007747804902,-0.0,5.811912259415519
2023-09-28 00:00:00-04:00,117.4818344116211,180.2509002685547,-0.6585259299284637,-1.2180573081716517,-1.159,False,False,1.0,False,False,0.0,1.0,0.009519274447379327,0.009519274447379327,5.821431533862898
2023-09-29 00:00:00-04:00,119.939697265625,178.30897521972656,-0.6583043970595879,2.558114843289914,0.286,False,True,0.0,False,False,0.0,0.0,0.015911645834822036,0.015911645834822036,5.83734317969772
2023-10-02 00:00:00-04:00,117.1646957397461,176.25750732421875,-0.6574994055720733,1.275489446456902,-0.331,False,False,0.0,False,True,0.0,0.0,-0.005503556840902842,-0.0,5.83734317969772
2023-10-03 00:00:00-04:00,114.12210083007812,175.00271606445312,-0.6556332101902613,-0.6154916952740876,-1.193,False,False,0.0,False,False,0.0,0.0,-0.008262622019659018,-0.0,5.83734317969772
2023-10-04 00:00:00-04:00,116.51058197021484,178.7073211669922,-0.6538541503524227,-0.33794167318635004,-1.093,False,False,0.0,False,False,0.0,0.0,0.0011893687257581909,0.0,5.83734317969772
2023-10-05 00:00:00-04:00,116.64933013916016,178.57786560058594,-0.652346661453982,0.15465570504002812,-0.838,False,False,0.0,False,False,0.0,0.0,0.002112846003172894,0.0,5.83734317969772
2023-10-06 00:00:00-04:00,116.32228088378906,178.9463348388672,-0.650702738570576,-0.11858925302909995,-0.938,False,False,0.0,False,False,0.0,0.0,-0.0011739184526030793,-0.0,5.83734317969772
2023-10-09 00:00:00-04:00,117.98728942871094,181.1471710205078,-0.6493146552917617,0.3657765204521013,-0.701,False,False,0.0,False,False,0.0,0.0,0.0020558050831583833,0.0,5.83734317969772
2023-10-10 00:00:00-04:00,119.37478637695312,180.71896362304688,-0.6488937457624825,2.1073811412804275,0.109,False,False,0.0,False,False,0.0,0.0,0.007359653867976621,0.0,5.83734317969772
2023-10-11 00:00:00-04:00,123.3093490600586,181.63514709472656,-0.6502208499256783,5.20638933974989,1.446,False,True,0.0,False,False,0.0,0.0,0.012836993333628593,0.0,5.83734317969772
2023-10-12 00:00:00-04:00,123.32917022705078,180.47000122070312,-0.6519014172766979,5.68052065534701,1.604,False,False,0.0,True,False,-1.0,-1.0,0.0019675309370508725,0.0,5.83734317969772
2023-10-13 00:00:00-04:00,121.5055923461914,176.94464111328125,-0.6536874786138582,5.839096042616546,1.564,False,False,0.0,False,False,-1.0,-1.0,0.0006686089757539125,-0.0006686089757539125,5.836674570721967
2023-10-16 00:00:00-04:00,122.6156005859375,178.85670471191406,-0.6552529905459474,5.419209944262363,1.31,False,False,0.0,False,False,-1.0,-1.0,-0.0017508970097982182,0.0017508970097982182,5.838425467731765
2023-10-17 00:00:00-04:00,122.18943786621094,180.36044311523438,-0.6559638196005155,3.8795126955002956,0.705,False,False,0.0,False,False,-1.0,-1.0,-0.006402084518309897,0.006402084518309897,5.844827552250075
2023-10-18 00:00:00-04:00,119.48380279541016,176.90481567382812,-0.6563497658235844,3.3723684548287025,0.534,False,False,0.0,False,False,-1.0,-1.0,-0.0021526082056525465,0.0021526082056525465,5.846980160455728
2023-10-19 00:00:00-04:00,114.60772705078125,175.17201232910156,-0.6548146443300715,-0.09747189908229359,-0.865,False,False,0.0,False,True,0.0,0.0,-0.015131464302632638,0.015131464302632638,5.862111624758361
2023-10-20 00:00:00-04:00,114.77620697021484,172.47323608398438,-0.6542852492284678,1.9295127137647654,0.036,False,False,0.0,False,False,0.0,0.0,0.00890501176254056,0.0,5.862111624758361
2023-10-23 00:00:00-04:00,116.38174438476562,171.94541931152344,-0.6548336207088965,3.786102892691318,0.835,False,True,0.0,False,False,0.0,0.0,0.008108181390127131,0.0,5.862111624758361
2023-10-24 00:00:00-04:00,118.40353393554688,172.1346435546875,-0.6563496649136356,5.423018318399642,1.494,False,False,0.0,False,False,0.0,0.0,0.007074452318008817,0.0,5.862111624758361
2023-10-25 00:00:00-04:00,115.91593933105469,169.28648376464844,-0.657475204629278,4.614273776921507,1.144,False,False,0.0,False,False,0.0,0.0,-0.0035593392593271525,-0.0,5.862111624758361
2023-10-26 00:00:00-04:00,119.85050201416016,168.62921142578125,-0.6607116589866208,8.435215979426602,2.426,False,False,0.0,True,False,-1.0,-1.0,0.01652186531670339,0.0,5.862111624758361
2023-10-27 00:00:00-04:00,121.25782775878906,166.68727111816406,-0.6651692815428776,10.38257538677702,2.708,False,False,0.0,False,False,-1.0,-1.0,0.008388978452589055,-0.008388978452589055,5.853722646305772
2023-10-30 00:00:00-04:00,120.99024200439453,168.7686309814453,-0.6684772679837897,8.172248644553605,1.81,False,False,0.0,False,False,-1.0,-1.0,-0.00945358806023271,0.00945358806023271,5.863176234366005
2023-10-31 00:00:00-04:00,123.24988555908203,169.93377685546875,-0.6722073002819251,9.019160192356296,1.896,False,False,0.0,False,False,-1.0,-1.0,0.0035662345001600056,-0.0035662345001600056,5.859609999865845
2023-11-01 00:00:00-04:00,125.34104919433594,169.82423400878906,-0.6767567991057372,10.411344175964174,2.085,False,False,0.0,False,False,-1.0,-1.0,0.005794229881075754,-0.005794229881075754,5.853815769984769
2023-11-02 00:00:00-04:00,129.07740783691406,178.06996154785156,-0.6799966283151038,7.990434380174818,1.331,False,False,0.0,False,False,-1.0,-1.0,-0.00967727613047995,0.00967727613047995,5.8634930461152495
2023-11-03 00:00:00-04:00,131.74337768554688,176.386962890625,-0.6848245525812281,10.949254742812926,1.95,False,False,0.0,True,False,-1.0,-1.0,0.011716360363419068,-0.011716360363419068,5.8517766857518305
2023-11-06 00:00:00-05:00,128.33409118652344,176.59609985351562,-0.6874695724470257,6.9296459244148,0.871,False,False,0.0,False,False,-1.0,-1.0,-0.01609526857792292,0.01609526857792292,5.867871954329753
2023-11-07 00:00:00-05:00,126.83757019042969,176.16786193847656,-0.6891410233234072,5.433069537451232,0.474,False,False,0.0,False,False,-1.0,-1.0,-0.0060286976412939,0.0060286976412939,5.873900651971047
2023-11-08 00:00:00-05:00,127.3033676147461,177.2035675048828,-0.6904814183290365,4.9475969910094335,0.319,False,False,0.0,False,False,-1.0,-1.0,-0.0019445414650837197,0.0019445414650837197,5.87584519343613
2023-11-09 00:00:00-05:00,126.47087097167969,175.4508514404297,-0.691875638392982,5.080701124740145,0.317,False,False,0.0,False,False,-1.0,-1.0,0.0005370111143369029,-0.0005370111143369029,5.875308182321794
2023-11-10 00:00:00-05:00,127.60069274902344,176.386962890625,-0.6933933850820859,5.2951394659447,0.335,False,False,0.0,False,False,-1.0,-1.0,0.0008580751566209736,-0.0008580751566209736,5.874450107165172
2023-11-13 00:00:00-05:00,126.5105209350586,177.06414794921875,-0.6939816280513389,3.63125527173662,-0.153,False,False,0.0,False,False,-1.0,-1.0,-0.00667182171693187,0.00667182171693187,5.881121928882104
2023-11-14 00:00:00-05:00,133.1011505126953,180.2608642578125,-0.6966979464231163,7.51377656382121,0.878,False,True,0.0,False,False,-1.0,-1.0,0.01500847901995504,-0.01500847901995504,5.866113449862149
2023-11-15 00:00:00-05:00,133.3984832763672,179.57373046875,-0.6996653426138061,7.756967623509951,0.902,False,False,0.0,False,False,-1.0,-1.0,0.0009388166333153276,-0.0009388166333153276,5.8651746332288335
2023-11-16 00:00:00-05:00,133.9435577392578,180.4600372314453,-0.7023304775118661,7.200973618687698,0.692,False,False,0.0,False,False,-1.0,-1.0,-0.002132809979293849,0.002132809979293849,5.867307443208127
2023-11-17 00:00:00-05:00,133.3291015625,181.94386291503906,-0.7038893970628054,5.260745595955427,0.071,False,False,0.0,False,False,-1.0,-1.0,-0.007422520636095654,0.007422520636095654,5.874729963844223
2023-11-20 00:00:00-05:00,134.6273956298828,182.94969177246094,-0.7055421003802234,5.548685832826266,0.109,False,False,0.0,False,False,-1.0,-1.0,0.0010918982569806794,-0.0010918982569806794,5.873638065587243
2023-11-21 00:00:00-05:00,134.99411010742188,184.4833221435547,-0.7066812318726942,4.623208755047585,-0.25,False,False,0.0,False,True,0.0,0.0,-0.0034875625565237477,0.0034875625565237477,5.877125628143767
2023-11-22 00:00:00-05:00,135.6085662841797,185.92730712890625,-0.7074807215680446,4.068580877417645,-0.502,False,False,0.0,False,False,0.0,0.0,-0.002076102880286534,-0.0,5.877125628143767
2023-11-24 00:00:00-05:00,135.28150939941406,185.81776428222656,-0.7080610762138071,3.7111832420972064,-0.711,False,False,0.0,False,False,0.0,0.0,-0.0013393111371139822,-0.0,5.877125628143767
2023-11-27 00:00:00-05:00,136.22303771972656,186.843505859375,-0.7086820192165832,3.8104047097991725,-0.753,False,False,0.0,False,False,0.0,0.0,0.0003693532859298468,0.0,5.877125628143767
2023-11-28 00:00:00-05:00,135.6779327392578,187.78958129882812,-0.7086408621872347,2.602561937876459,-1.255,False,False,0.0,False,False,0.0,0.0,-0.004494243441885994,-0.0,5.877125628143767
2023-11-29 00:00:00-05:00,136.96633911132812,189.85101318359375,-0.7084857363475171,2.459604239627538,-1.249,False,False,0.0,False,False,0.0,0.0,-0.0005265999170800194,-0.0,5.877125628143767
2023-11-30 00:00:00-05:00,137.54116821289062,193.01785278320312,-0.7075184169208014,0.9774825742664461,-1.698,True,False,1.0,False,False,0.0,1.0,-0.005407133965471371,-0.0,5.877125628143767
2023-12-01 00:00:00-05:00,137.3726806640625,194.59130859375,-0.7059807969988194,-0.005046465996343841,-1.889,False,False,1.0,False,False,0.0,1.0,-0.0035760785512610714,-0.0035760785512610714,5.873549549592505
2023-12-04 00:00:00-05:00,136.54017639160156,194.31246948242188,-0.7042596166492525,-0.30624887625845076,-1.832,False,False,1.0,False,False,0.0,1.0,-0.0011017453248762115,-0.0011017453248762115,5.87244780426763
2023-12-05 00:00:00-05:00,137.44204711914062,193.5356903076172,-0.703402843884603,1.3084921635929163,-1.237,False,False,1.0,False,False,0.0,1.0,0.0059023576210956484,0.0059023576210956484,5.878350161888725
2023-12-06 00:00:00-05:00,134.27061462402344,190.597900390625,-0.702134089485655,0.44533137537436573,-1.45,False,False,1.0,False,False,0.0,1.0,-0.0032195971481387376,-0.0032195971481387376,5.875130564740586
2023-12-07 00:00:00-05:00,132.83355712890625,191.21533203125,-0.7000619141867876,-1.0290142347527933,-1.882,True,False,1.0,False,False,0.0,1.0,-0.005528185273856569,-0.005528185273856569,5.86960237946673
2023-12-08 00:00:00-05:00,133.60659790039062,190.56802368164062,-0.6987388076551607,0.44932425588061164,-1.381,False,False,1.0,False,False,0.0,1.0,0.005541749270888718,0.005541749270888718,5.8751441287376185
2023-12-11 00:00:00-05:00,133.54713439941406,190.2991485595703,-0.6976358566717253,0.7876248701583108,-1.222,False,False,1.0,False,False,0.0,1.0,0.0012703423740652634,0.0012703423740652634,5.8764144711116835
2023-12-12 00:00:00-05:00,133.76516723632812,193.0377655029297,-0.695833457029935,-0.5569684709093679,-1.519,True,False,1.0,False,False,0.0,1.0,-0.00501550549505407,-0.00501550549505407,5.871398965616629
2023-12-13 00:00:00-05:00,135.4499969482422,192.5,-0.6951568472860896,1.6323038456699237,-0.844,False,False,1.0,False,False,0.0,1.0,0.008130467922706011,0.008130467922706011,5.879529433539336
2023-12-14 00:00:00-05:00,132.92999267578125,193.63999938964844,-0.693011391110242,-1.264732675825428,-1.567,True,False,1.0,False,False,0.0,1.0,-0.010845258135933053,-0.010845258135933053,5.868684175403403
2023-12-15 00:00:00-05:00,132.1699981689453,193.75,-0.6906029889187103,-1.634330934054816,-1.584,False,False,1.0,False,False,0.0,1.0,-0.0013896012521971426,-0.0013896012521971426,5.867294574151206
2023-12-18 00:00:00-05:00,132.32000732421875,196.7100067138672,-0.6875113891821975,-2.920362657671461,-1.803,False,False,1.0,False,False,0.0,1.0,-0.0048065103531578935,-0.0048065103531578935,5.862488063798048
2023-12-19 00:00:00-05:00,134.5399932861328,197.02000427246094,-0.6856392000697176,-0.5446448409696529,-1.087,False,False,1.0,False,False,0.0,1.0,0.008811204689458462,0.008811204689458462,5.8712992684875065
2023-12-20 00:00:00-05:00,132.74000549316406,196.36000061035156,-0.6833640166926046,-1.4453532416880819,-1.293,False,False,1.0,False,False,0.0,1.0,-0.0033743829602832912,-0.0033743829602832912,5.8679248855272235
2023-12-21 00:00:00-05:00,134.91000366210938,196.36000061035156,-0.6823111095627802,0.9313937719122123,-0.551,False,False,1.0,False,False,0.0,1.0,0.008839150837221855,0.008839150837221855,5.876764036364445
2023-12-22 00:00:00-05:00,135.1199951171875,199.6699981689453,-0.6804500403239011,-0.745463188344587,-1.043,False,False,1.0,False,False,0.0,1.0,-0.0061879962155791885,-0.0061879962155791885,5.870576040148866
2023-12-26 00:00:00-05:00,135.5800018310547,202.02000427246094,-0.6782019100257343,-1.4303509299353152,-1.204,False,False,1.0,False,False,0.0,1.0,-0.002512516419063039,-0.002512516419063039,5.868063523729803
2023-12-27 00:00:00-05:00,136.11000061035156,204.27000427246094,-0.6756953784882602,-1.9142972403274712,-1.284,False,False,1.0,False,False,0.0,1.0,-0.0017653621349425967,-0.0017653621349425967,5.866298161594861
2023-12-28 00:00:00-05:00,136.1199951171875,205.8300018310547,-0.6729439028602456,-2.392049640733944,-1.353,False,False,1.0,False,False,0.0,1.0,-0.0017396091170707347,-0.0017396091170707347,5.8645585524777895
2023-12-29 00:00:00-05:00,134.5800018310547,205.75,-0.6697703618644925,-3.2252501225646313,-1.518,True,False,1.0,False,False,0.0,1.0,-0.003058904512097225,-0.003058904512097225,5.861499647965692
2024-01-02 00:00:00-05:00,135.22999572753906,199.88999938964844,-0.6689939259372414,1.504800280265357,0.042,False,False,1.0,False,False,0.0,1.0,0.01758676001816079,0.01758676001816079,5.879086407983853
2024-01-03 00:00:00-05:00,133.50999450683594,197.1199951171875,-0.6684522319202338,1.7446938146463538,0.141,False,False,1.0,False,False,0.0,1.0,0.0009043191685113915,0.0009043191685113915,5.879990727152364
2024-01-04 00:00:00-05:00,131.77999877929688,197.08999633789062,-0.6671821920402711,0.2850629933739981,-0.294,False,False,1.0,False,True,0.0,1.0,-0.005544131360939599,-0.005544131360939599,5.874446595791425
2024-01-05 00:00:00-05:00,130.8300018310547,196.35000610351562,-0.6657861624175277,0.10288477673685748,-0.306,False,False,1.0,False,False,0.0,1.0,-0.000696514082329299,-0.000696514082329299,5.873750081709096
2024-01-08 00:00:00-05:00,133.6999969482422,200.0,-0.6647149775663682,0.7570014349685437,0.027,False,False,1.0,False,False,0.0,1.0,0.0024531552552467463,0.0024531552552467463,5.876203236964343
2024-01-09 00:00:00-05:00,133.6199951171875,200.0,-0.6637206426530865,0.8758665865701971,0.145,False,False,1.0,False,False,0.0,1.0,0.0004462506060268866,0.0004462506060268866,5.876649487570369
2024-01-10 00:00:00-05:00,136.52999877929688,201.97000122070312,-0.6635576300580334,2.5112634264690143,1.023,False,True,0.0,False,False,0.0,0.0,0.006044740313218976,0.006044740313218976,5.882694227883588
2024-01-11 00:00:00-05:00,134.0,201.2100067138672,-0.6625172907347201,0.6948914832138655,0.181,False,False,0.0,False,False,0.0,0.0,-0.006795126188697904,-0.0,5.882694227883588
2024-01-12 00:00:00-05:00,137.0800018310547,202.60000610351562,-0.66252473700873,2.852486069355905,1.414,False,True,0.0,False,False,0.0,0.0,0.007952579439323534,0.0,5.882694227883588
